NCOLS    90
NROWS    50
XLLCORNER         225.000
YLLCORNER          32.500
CELLSIZE           0.500          0.500
NODATA_VALUE  0.000
          0.000          0.000          0.000          0.000          0.000          0.000          0.000          0.000          0.000          0.000
          0.000          0.000          0.000          0.000          0.000          0.000          0.000          0.002          0.010          0.032
          0.069          0.116          0.173          0.238          0.310          0.387          0.471          0.563          0.664          0.768
          0.874          0.986          1.109          1.242          1.382          1.524          1.678          1.855          2.064          2.306
          2.573          2.868          3.203          3.582          3.981          4.366          4.730          5.061          5.328          5.501
          5.572          5.543          5.425          5.239          4.991          4.702          4.404          4.108          3.814          3.522
          3.244          2.996          2.772          2.561          2.359          2.169          2.003          1.853          1.708          1.561
          1.420          1.293          1.178          1.067          0.959          0.858          0.771          0.693          0.621          0.553
          0.491          0.437          0.390          0.347          0.307          0.271          0.237          0.206          0.177          0.145

          0.000          0.000          0.000          0.000          0.000          0.000          0.000          0.000          0.000          0.000
          0.000          0.000          0.000          0.000          0.000          0.000          0.001          0.005          0.021          0.058
          0.109          0.170          0.243          0.327          0.420          0.517          0.622          0.737          0.861          0.992
          1.123          1.260          1.408          1.568          1.739          1.915          2.106          2.328          2.590          2.895
          3.230          3.594          3.995          4.437          4.891          5.325          5.720          6.052          6.292          6.431
          6.436          6.307          6.083          5.791          5.441          5.066          4.696          4.342          4.001          3.671
          3.364          3.096          2.859          2.639          2.430          2.236          2.071          1.927          1.793          1.664
          1.543          1.438          1.346          1.259          1.171          1.085          1.008          0.938          0.872          0.806
          0.742          0.683          0.629          0.579          0.530          0.484          0.441          0.400          0.362          0.313

          0.000          0.000          0.000          0.000          0.000          0.000          0.000          0.000          0.000          0.000
          0.000          0.000          0.000          0.000          0.001          0.001          0.004          0.015          0.049          0.106
          0.176          0.258          0.355          0.465          0.587          0.713          0.846          0.990          1.147          1.314
          1.482          1.655          1.840          2.043          2.266          2.504          2.764          3.065          3.415          3.817
          4.255          4.720          5.218          5.747          6.276          6.767          7.182          7.481          7.663          7.699
          7.575          7.319          6.970          6.557          6.101          5.630          5.179          4.757          4.358          3.979
          3.629          3.327          3.063          2.820          2.590          2.377          2.196          2.038          1.894          1.755
          1.625          1.515          1.419          1.331          1.244          1.159          1.084          1.018          0.957          0.896
          0.835          0.779          0.728          0.680          0.633          0.588          0.545          0.505          0.466          0.409

          0.000          0.000          0.000          0.000          0.000          0.000          0.000          0.000          0.000          0.000
          0.000          0.000          0.000          0.001          0.002          0.004          0.012          0.039          0.097          0.176
          0.270          0.378          0.503          0.646          0.802          0.962          1.130          1.309          1.506          1.716
          1.929          2.148          2.381          2.640          2.932          3.252          3.602          4.000          4.455          4.968
          5.521          6.096          6.694          7.301          7.881          8.397          8.775          9.001          9.063          8.957
          8.682          8.270          7.776          7.234          6.660          6.087          5.556          5.070          4.620          4.198
          3.815          3.486          3.200          2.940          2.694          2.466          2.273          2.109          1.959          1.816
          1.681          1.566          1.466          1.375          1.285          1.197          1.118          1.050          0.987          0.925
          0.865          0.809          0.759          0.712          0.667          0.624          0.582          0.544          0.506          0.447

          0.000          0.000          0.000          0.000          0.000          0.000          0.000          0.000          0.000          0.000
          0.000          0.001          0.001          0.002          0.005          0.012          0.034          0.085          0.168          0.275
          0.398          0.537          0.695          0.876          1.074          1.276          1.485          1.706          1.951          2.216
          2.487          2.763          3.059          3.392          3.775          4.202          4.666          5.182          5.756          6.391
          7.069          7.758          8.443          9.103          9.702         10.182         10.472         10.569         10.476         10.189
          9.724          9.138          8.496          7.817          7.126          6.462          5.862          5.326          4.838          4.386
          3.975          3.625          3.322          3.047          2.788          2.550          2.349          2.179          2.027          1.882
          1.745          1.626          1.523          1.428          1.335          1.242          1.159          1.086          1.019          0.955
          0.891          0.832          0.779          0.730          0.684          0.640          0.598          0.560          0.522          0.461

          0.000          0.000          0.000          0.000          0.000          0.000          0.000          0.000          0.000          0.000
          0.001          0.001          0.002          0.005          0.013          0.034          0.079          0.156          0.267          0.408
          0.567          0.742          0.941          1.168          1.417          1.671          1.929          2.204          2.510          2.845
          3.189          3.541          3.923          4.358          4.861          5.423          6.027          6.682          7.390          8.158
          8.965          9.756         10.506         11.180         11.736         12.111         12.269         12.203         11.910         11.405
         10.729          9.968          9.166          8.356          7.565          6.826          6.173          5.597          5.078          4.598
          4.163          3.791          3.470          3.181          2.911          2.665          2.461          2.288          2.134          1.987
          1.846          1.721          1.613          1.514          1.417          1.319          1.230          1.152          1.080          1.011
          0.943          0.879          0.822          0.769          0.719          0.672          0.627          0.586          0.545          0.486

          0.000          0.000          0.000          0.000          0.000          0.000          0.000          0.000          0.000          0.001
          0.001          0.003          0.006          0.015          0.037          0.080          0.151          0.258          0.402          0.583
          0.785          1.005          1.251          1.533          1.843          2.159          2.479          2.821          3.206          3.628
          4.065          4.518          5.015          5.584          6.239          6.964          7.730          8.542          9.395         10.299
         11.222         12.095         12.871         13.501         13.944         14.188         14.189         13.917         13.390         12.639
         11.751         10.806          9.861          8.945          8.074          7.275          6.574          5.961          5.410          4.904
          4.445          4.051          3.711          3.411          3.137          2.889          2.679          2.505          2.353          2.209
          2.067          1.940          1.827          1.722          1.617          1.511          1.410          1.317          1.231          1.148
          1.066          0.989          0.918          0.852          0.791          0.735          0.682          0.633          0.584          0.529

          0.000          0.000          0.000          0.000          0.000          0.000          0.000          0.000          0.001          0.001
          0.003          0.007          0.017          0.041          0.084          0.153          0.255          0.395          0.579          0.808
          1.060          1.332          1.635          1.981          2.364          2.754          3.147          3.575          4.057          4.586
          5.139          5.721          6.365          7.099          7.931          8.840          9.784         10.758         11.751         12.780
         13.797         14.710         15.457         15.979         16.294         16.380         16.171         15.644         14.836         13.823
         12.712         11.604         10.540          9.537          8.601          7.752          7.015          6.374          5.804          5.285
          4.816          4.425          4.109          3.845          3.613          3.395          3.203          3.031          2.869          2.707
          2.541          2.384          2.238          2.100          1.966          1.830          1.701          1.580          1.467          1.360
          1.258          1.159          1.068          0.982          0.904          0.831          0.764          0.702          0.640          0.588

          0.000          0.000          0.000          0.000          0.000          0.000          0.000          0.001          0.001          0.003
          0.008          0.021          0.046          0.090          0.157          0.258          0.392          0.573          0.804          1.088
          1.400          1.731          2.099          2.522          2.989          3.468          3.952          4.487          5.088          5.746
          6.442          7.187          8.012          8.941          9.971         11.073         12.195         13.326         14.453         15.576
         16.636         17.535         18.187         18.591         18.733         18.588         18.097         17.246         16.132         14.851
         13.556         12.322         11.173         10.116          9.149          8.286          7.551          6.933          6.414          5.961
          5.560          5.210          4.906          4.633          4.372          4.114          3.870          3.646          3.435          3.227
          3.019          2.819          2.632          2.456          2.288          2.123          1.967          1.821          1.684          1.556
          1.436          1.322          1.215          1.115          1.023          0.938          0.859          0.785          0.712          0.662

          0.000          0.000          0.000          0.000          0.000          0.000          0.001          0.001          0.003          0.010
          0.025          0.053          0.096          0.163          0.258          0.393          0.567          0.796          1.079          1.425
          1.805          2.205          2.650          3.161          3.729          4.313          4.912          5.583          6.327          7.141
          8.018          8.965         10.008         11.159         12.397         13.694         14.993         16.279         17.510         18.682
         19.731         20.565         21.114         21.339         21.226         20.763         19.885         18.689         17.258         15.776
         14.347         13.039         11.864         10.826          9.918          9.155          8.513          7.953          7.433          6.937
          6.474          6.056          5.678          5.330          4.996          4.669          4.357          4.068          3.798          3.540
          3.287          3.048          2.826          2.621          2.429          2.248          2.077          1.919          1.772          1.636
          1.511          1.394          1.283          1.179          1.082          0.995          0.914          0.837          0.760          0.717

          0.000          0.000          0.000          0.000          0.000          0.001          0.001          0.004          0.012          0.029
          0.059          0.103          0.167          0.258          0.386          0.565          0.784          1.069          1.413          1.831
          2.292          2.771          3.311          3.930          4.618          5.334          6.082          6.922          7.840          8.848
          9.954         11.151         12.453         13.849         15.304         16.798         18.275         19.694         20.999         22.173
         23.171         23.909         24.291         24.251         23.791         22.866         21.593         20.027         18.384         16.780
         15.315         14.049         12.983         12.051         11.204         10.415          9.688          9.009          8.360          7.744
          7.163          6.626          6.133          5.678          5.250          4.839          4.451          4.096          3.773          3.475
          3.196          2.937          2.703          2.489          2.294          2.116          1.952          1.803          1.666          1.540
          1.427          1.325          1.228          1.135          1.049          0.972          0.901          0.833          0.763          0.730

          0.000          0.000          0.000          0.000          0.001          0.002          0.006          0.015          0.034          0.063
          0.110          0.171          0.259          0.380          0.553          0.783          1.056          1.406          1.821          2.328
          2.887          3.461          4.122          4.874          5.710          6.593          7.533          8.579          9.708         10.964
         12.358         13.852         15.440         17.090         18.758         20.448         22.093         23.623         24.964         26.096
         27.012         27.605         27.739         27.340         26.377         25.005         23.335         21.577         19.878         18.343
         16.968         15.734         14.589         13.525         12.519         11.560         10.640          9.742          8.881          8.083
          7.348          6.669          6.048          5.485          4.972          4.497          4.064          3.676          3.331          3.021
          2.738          2.483          2.257          2.055          1.876          1.718          1.580          1.458          1.347          1.248
          1.163          1.089          1.019          0.953          0.892          0.839          0.790          0.744          0.694          0.676

          0.000          0.000          0.000          0.001          0.003          0.008          0.018          0.036          0.066          0.109
          0.174          0.256          0.376          0.535          0.762          1.049          1.387          1.817          2.315          2.930
          3.603          4.294          5.106          6.015          7.029          8.122          9.298         10.584         11.972         13.537
         15.263         17.080         18.963         20.863         22.741         24.620         26.424         28.024         29.361         30.430
         31.236         31.613         31.396         30.494         29.070         27.312         25.529         23.758         22.039         20.375
         18.826         17.380         16.000         14.661         13.355         12.080         10.844          9.683          8.633          7.697
          6.847          6.068          5.369          4.749          4.196          3.695          3.240          2.835          2.482          2.175
          1.912          1.689          1.503          1.346          1.214          1.105          1.016          0.941          0.875          0.818
          0.772          0.736          0.703          0.671          0.642          0.618          0.597          0.576          0.549          0.548

          0.000          0.000          0.001          0.003          0.009          0.019          0.037          0.064          0.107          0.166
          0.253          0.361          0.520          0.724          1.015          1.364          1.782          2.300          2.896          3.641
          4.442          5.277          6.271          7.361          8.595          9.948         11.399         12.957         14.658         16.587
         18.682         20.842         23.027         25.174         27.253         29.329         31.254         32.889         34.215         35.234
         35.873         35.935         35.230         33.932         32.129         30.167         28.145         26.094         24.091         22.134
         20.250         18.427         16.624         14.869         13.177         11.577         10.103          8.782          7.623          6.594
          5.669          4.834          4.090          3.442          2.887          2.417          2.024          1.699          1.431          1.211
          1.032          0.886          0.768          0.672          0.594          0.533          0.487          0.452          0.423          0.401
          0.387          0.380          0.375          0.372          0.370          0.371          0.375          0.379          0.377          0.391

          0.000          0.001          0.003          0.008          0.018          0.035          0.061          0.098          0.155          0.234
          0.347          0.487          0.691          0.944          1.307          1.725          2.238          2.850          3.565          4.458
          5.400          6.422          7.626          8.928         10.435         12.100         13.858         15.737         17.831         20.192
         22.695         25.215         27.707         30.098         32.402         34.664         36.687         38.411         39.808         40.770
         41.152         40.782         39.640         37.748         35.388         32.948         30.483         27.970         25.466         22.981
         20.592         18.247         15.970         13.843         11.879         10.066          8.425          6.980          5.723          4.652
          3.757          3.013          2.402          1.907          1.508          1.185          0.926          0.722          0.565          0.446
          0.357          0.292          0.243          0.207          0.180          0.160          0.146          0.137          0.131          0.127
          0.127          0.131          0.138          0.146          0.155          0.167          0.181          0.195          0.207          0.229

          0.000          0.001          0.005          0.014          0.029          0.054          0.089          0.140          0.212          0.316
          0.458          0.637          0.889          1.199          1.639          2.133          2.757          3.469          4.331          5.391
          6.504          7.769          9.217         10.790         12.653         14.691         16.810         19.109         21.715         24.589
         27.547         30.450         33.261         35.905         38.484         40.964         43.217         45.227         46.740         47.541
         47.376         46.295         44.121         41.345         38.289         35.105         31.891         28.652         25.436         22.306
         19.368         16.604         13.996         11.507          9.227          7.274          5.658          4.355          3.322          2.515
          1.881          1.380          0.992          0.700          0.489          0.343          0.243          0.174          0.128          0.096
          0.073          0.057          0.046          0.037          0.031          0.027          0.024          0.022          0.021          0.020
          0.021          0.023          0.027          0.031          0.037          0.046          0.057          0.070          0.084          0.107

          0.000          0.002          0.008          0.022          0.042          0.076          0.121          0.188          0.278          0.411
          0.584          0.809          1.109          1.485          2.006          2.586          3.336          4.160          5.211          6.457
          7.798          9.375         11.115         13.064         15.394         17.882         20.465         23.339         26.593         30.053
         33.493         36.775         39.898         42.917         45.904         48.846         51.660         53.998         55.332         55.368
         54.024         51.509         48.107         44.164         40.019         35.832         31.658         27.564         23.618         19.981
         16.556         13.267         10.226          7.655          5.624          4.080          2.901          2.008          1.352          0.889
          0.572          0.365          0.232          0.148          0.095          0.063          0.042          0.029          0.020          0.015
          0.011          0.008          0.006          0.005          0.003          0.003          0.002          0.002          0.001          0.001
          0.001          0.001          0.001          0.001          0.002          0.003          0.005          0.010          0.017          0.031

          0.000          0.003          0.011          0.029          0.056          0.100          0.155          0.240          0.348          0.512
          0.714          0.988          1.331          1.782          2.379          3.062          3.947          4.907          6.188          7.637
          9.287         11.233         13.328         15.794         18.690         21.702         24.895         28.527         32.539         36.603
         40.483         44.117         47.737         51.427         55.282         59.108         62.390         64.533         64.728         63.118
         59.889         55.460         50.411         44.991         39.586         34.279         29.158         24.323         19.730         15.426
         11.659          8.461          5.875          3.919          2.522          1.565          0.938          0.553          0.325          0.193
          0.117          0.072          0.046          0.031          0.021          0.016          0.012          0.009          0.007          0.006
          0.004          0.004          0.003          0.002          0.002          0.001          0.001          0.001          0.000          0.000
          0.000          0.000          0.000          0.000          0.000          0.000          0.000          0.000          0.000          0.002

          0.001          0.004          0.014          0.037          0.070          0.124          0.188          0.291          0.414          0.610
          0.836          1.161          1.542          2.075          2.738          3.548          4.565          5.691          7.227          8.900
         10.946         13.294         15.841         18.978         22.505         26.152         30.194         34.771         39.572         44.176
         48.440         52.729         57.382         62.528         67.715         72.130         75.230         75.610         73.616         69.189
         63.290         56.631         49.737         42.798         36.136         29.880         23.897         18.386         13.677          9.748
          6.546          4.060          2.332          1.272          0.685          0.375          0.214          0.128          0.082          0.055
          0.040          0.030          0.023          0.018          0.014          0.011          0.009          0.007          0.006          0.005
          0.004          0.003          0.003          0.002          0.002          0.001          0.001          0.001          0.001          0.000
          0.000          0.000          0.000          0.000          0.000          0.000          0.000          0.000          0.000          0.000

          0.001          0.005          0.016          0.044          0.082          0.144          0.218          0.335          0.472          0.695
          0.943          1.318          1.732          2.354          3.075          4.032          5.164          6.501          8.291         10.230
         12.756         15.521         18.685         22.637         26.854         31.389         36.601         42.240         47.792         52.879
         57.951         63.828         70.788         77.999         84.151         88.200         88.610         85.608         79.509         71.520
         62.821         53.862         45.182         37.015         29.317         22.491         16.687         11.826          7.832          4.670
          2.483          1.240          0.617          0.331          0.199          0.134          0.096          0.071          0.053          0.041
          0.032          0.025          0.020          0.016          0.013          0.011          0.009          0.007          0.006          0.005
          0.004          0.003          0.003          0.002          0.002          0.002          0.001          0.001          0.001          0.000
          0.000          0.000          0.000          0.000          0.000          0.000          0.000          0.000          0.000          0.000

          0.001          0.005          0.018          0.049          0.092          0.161          0.243          0.372          0.524          0.770
          1.043          1.466          1.917          2.629          3.405          4.524          5.757          7.352          9.380         11.663
         14.723         17.956         21.964         26.827         31.876         37.769         44.441         51.194         57.502         63.628
         71.188         80.883         91.245        100.106        105.277        105.003         99.883         91.283         80.399         68.759
         57.346         46.737         36.724         28.080         20.849         14.868          9.969          6.007          3.167          1.507
          0.732          0.407          0.270          0.192          0.141          0.106          0.081          0.061          0.047          0.036
          0.029          0.023          0.018          0.015          0.012          0.010          0.008          0.007          0.006          0.005
          0.004          0.003          0.003          0.002          0.002          0.002          0.001          0.001          0.001          0.001
          0.000          0.000          0.000          0.000          0.000          0.000          0.000          0.000          0.000          0.000

          0.001          0.005          0.020          0.052          0.099          0.171          0.261          0.397          0.566          0.826
          1.130          1.580          2.074          2.851          3.686          4.964          6.294          8.204         10.441         13.184
         16.810         20.616         25.700         31.506         37.727         45.502         53.817         61.821         69.716         79.999
         94.182        109.643        122.141        128.230        126.417        117.744        105.313         90.211         74.783         60.764
         47.621         36.342         27.026         19.411         13.254          8.325          4.629          2.339          1.117          0.646
          0.420          0.295          0.215          0.160          0.120          0.091          0.069          0.053          0.041          0.032
          0.025          0.020          0.017          0.013          0.011          0.009          0.008          0.006          0.005          0.004
          0.004          0.003          0.003          0.002          0.002          0.002          0.001          0.001          0.001          0.001
          0.001          0.000          0.000          0.000          0.000          0.000          0.000          0.000          0.000          0.000

          0.001          0.006          0.020          0.052          0.101          0.174          0.269          0.407          0.585          0.849
          1.169          1.625          2.149          2.955          3.849          5.237          6.659          8.886         11.284         14.651
         18.790         23.374         29.711         36.367         44.411         54.511         65.106         76.470         92.302        113.921
        136.129        152.006        158.908        154.253        140.631        122.110        101.139         81.499         63.679         48.445
         36.147         26.246         18.314         11.996          7.142          3.896          2.006          1.141          0.709          0.470
          0.332          0.243          0.180          0.134          0.101          0.077          0.059          0.046          0.035          0.028
          0.022          0.018          0.015          0.012          0.010          0.008          0.007          0.006          0.005          0.004
          0.003          0.003          0.003          0.002          0.002          0.002          0.001          0.001          0.001          0.001
          0.001          0.000          0.000          0.000          0.000          0.000          0.000          0.000          0.000          0.000

          0.001          0.005          0.019          0.050          0.098          0.171          0.266          0.403          0.582          0.842
          1.169          1.619          2.162          2.972          3.901          5.338          6.834          9.258         11.813         15.840
         20.296         26.046         33.821         41.769         53.299         69.106         87.995        111.231        142.496        172.704
        193.504        200.842        191.175        169.590        142.344        113.978         88.265         65.950         49.024         35.953
         25.677         17.482         11.123          6.533          3.644          2.085          1.271          0.805          0.538          0.378
          0.275          0.203          0.151          0.113          0.085          0.065          0.050          0.039          0.031          0.024
          0.020          0.016          0.013          0.011          0.009          0.007          0.006          0.005          0.004          0.004
          0.003          0.003          0.002          0.002          0.002          0.002          0.001          0.001          0.001          0.001
          0.001          0.001          0.000          0.000          0.000          0.000          0.000          0.000          0.000          0.000

          0.001          0.005          0.017          0.045          0.090          0.157          0.247          0.374          0.545          0.786
          1.098          1.515          2.051          2.815          3.772          5.199          6.793          9.361         12.081         16.576
         21.310         28.644         37.970         49.801         70.413         97.642        129.928        172.995        220.314        255.148
        262.912        243.223        207.313        166.877        128.876         94.727         68.167         49.421         35.837         25.313
         16.988         10.730          6.444          3.811          2.319          1.439          0.918          0.615          0.433          0.312
          0.228          0.169          0.126          0.095          0.072          0.055          0.043          0.034          0.027          0.022
          0.017          0.014          0.012          0.010          0.008          0.007          0.006          0.005          0.004          0.003
          0.003          0.003          0.002          0.002          0.002          0.001          0.001          0.001          0.001          0.001
          0.001          0.001          0.000          0.000          0.000          0.000          0.000          0.000          0.000          0.000

          0.001          0.004          0.013          0.036          0.074          0.133          0.211          0.324          0.475          0.693
          0.978          1.361          1.869          2.582          3.526          4.873          6.522          9.079         11.957         16.730
         21.804         30.684         41.680         60.767         95.003        137.753        209.517        295.673        359.351        363.773
        323.196        260.170        198.312        145.728        101.826         70.269         49.685         35.711         25.045         16.804
         10.753          6.707          4.178          2.624          1.648          1.056          0.708          0.495          0.354          0.256
          0.188          0.140          0.105          0.079          0.060          0.047          0.037          0.029          0.023          0.019
          0.015          0.012          0.010          0.008          0.007          0.006          0.005          0.004          0.004          0.003
          0.003          0.002          0.002          0.002          0.002          0.001          0.001          0.001          0.001          0.001
          0.001          0.001          0.001          0.000          0.000          0.000          0.000          0.000          0.000          0.000

          0.000          0.003          0.010          0.027          0.057          0.105          0.169          0.265          0.393          0.583
          0.831          1.173          1.630          2.278          3.163          4.403          6.034          8.428         11.412         16.162
         21.555         31.466         44.899         77.127        143.451        252.175        425.812        537.934        542.573        453.504
        339.078        240.730        166.435        110.136         72.455         49.953         35.737         25.069         17.015         11.150
          7.165          4.590          2.942          1.882          1.213          0.808          0.558          0.394          0.282          0.204
          0.150          0.113          0.085          0.065          0.050          0.039          0.030          0.024          0.019          0.016
          0.013          0.011          0.009          0.007          0.006          0.005          0.004          0.004          0.003          0.003
          0.002          0.002          0.002          0.001          0.001          0.001          0.001          0.001          0.001          0.001
          0.001          0.001          0.000          0.000          0.000          0.000          0.000          0.000          0.000          0.000

          0.000          0.002          0.006          0.018          0.041          0.078          0.129          0.207          0.313          0.472
          0.681          0.976          1.370          1.940          2.722          3.826          5.332          7.480         10.371         14.658
         20.078         30.207         45.962         96.184        207.912        481.918        767.835        815.574        669.861        468.683
        298.579        189.408        118.928         74.614         49.929         35.838         25.319         17.431         11.669          7.662
          4.985          3.247          2.124          1.389          0.922          0.626          0.433          0.305          0.218          0.159
          0.118          0.089          0.068          0.052          0.040          0.031          0.025          0.020          0.016          0.013
          0.011          0.009          0.007          0.006          0.005          0.004          0.004          0.003          0.003          0.002
          0.002          0.002          0.001          0.001          0.001          0.001          0.001          0.001          0.001          0.001
          0.000          0.000          0.000          0.000          0.000          0.000          0.000          0.000          0.000          0.000

          0.000          0.001          0.004          0.011          0.027          0.054          0.094          0.154          0.239          0.366
          0.536          0.779          1.106          1.587          2.241          3.185          4.472          6.315          8.901         12.520
         17.679         26.683         42.934        100.040        234.917        697.463        982.949        927.035        649.005        374.019
        206.942        124.330         75.863         48.964         35.533         25.493         17.812         12.135          8.125          5.389
          3.568          2.382          1.590          1.057          0.706          0.477          0.327          0.230          0.165          0.121
          0.090          0.069          0.053          0.041          0.032          0.025          0.020          0.016          0.013          0.010
          0.009          0.007          0.006          0.005          0.004          0.003          0.003          0.002          0.002          0.002
          0.002          0.001          0.001          0.001          0.001          0.001          0.001          0.001          0.000          0.000
          0.000          0.000          0.000          0.000          0.000          0.000          0.000          0.000          0.000          0.000

          0.000          0.000          0.002          0.007          0.017          0.035          0.064          0.108          0.173          0.270
          0.403          0.593          0.852          1.237          1.759          2.525          3.550          5.062          7.139         10.060
         14.419         21.355         35.523         81.643        214.225        721.651        890.693        715.908        414.025        210.723
        119.464         74.128         47.871         34.565         25.340         17.974         12.408          8.443          5.733          3.895
          2.643          1.791          1.200          0.795          0.527          0.353          0.242          0.170          0.122          0.090
          0.068          0.052          0.040          0.032          0.025          0.020          0.016          0.012          0.010          0.008
          0.007          0.006          0.005          0.004          0.003          0.003          0.002          0.002          0.002          0.001
          0.001          0.001          0.001          0.001          0.001          0.001          0.000          0.000          0.000          0.000
          0.000          0.000          0.000          0.000          0.000          0.000          0.000          0.000          0.000          0.000

          0.000          0.000          0.001          0.003          0.009          0.021          0.041          0.071          0.119          0.187
          0.289          0.426          0.626          0.909          1.307          1.882          2.648          3.819          5.354          7.645
         10.822         15.763         25.288         48.729        166.173        243.483        295.023        271.865        182.575        108.278
         70.299         47.219         32.830         24.195         17.483         12.288          8.571          6.005          4.214          2.925
          1.998          1.346          0.891          0.585          0.386          0.257          0.176          0.124          0.089          0.066
          0.049          0.038          0.030          0.023          0.018          0.015          0.012          0.009          0.007          0.006
          0.005          0.004          0.003          0.003          0.002          0.002          0.002          0.001          0.001          0.001
          0.001          0.001          0.001          0.001          0.000          0.000          0.000          0.000          0.000          0.000
          0.000          0.000          0.000          0.000          0.000          0.000          0.000          0.000          0.000          0.000

          0.000          0.000          0.000          0.001          0.004          0.011          0.023          0.043          0.075          0.122
          0.195          0.290          0.441          0.634          0.936          1.330          1.911          2.750          3.872          5.645
          7.850         11.859         17.599         29.856         53.212         87.205        109.352        106.771         84.152         59.329
         41.807         29.595         21.634         16.048         11.708          8.430          6.067          4.349          3.077          2.131
          1.444          0.963          0.632          0.413          0.272          0.182          0.124          0.087          0.062          0.046
          0.034          0.026          0.020          0.016          0.013          0.010          0.008          0.006          0.005          0.004
          0.003          0.003          0.002          0.002          0.002          0.001          0.001          0.001          0.001          0.001
          0.001          0.000          0.000          0.000          0.000          0.000          0.000          0.000          0.000          0.000
          0.000          0.000          0.000          0.000          0.000          0.000          0.000          0.000          0.000          0.000

          0.000          0.000          0.000          0.000          0.002          0.005          0.011          0.024          0.044          0.077
          0.123          0.192          0.292          0.429          0.643          0.907          1.353          1.891          2.821          3.959
          5.865          8.450         12.492         18.056         25.158         32.336         37.160         38.146         35.213         29.494
         23.516         18.248         14.063         10.746          8.035          5.877          4.248          3.032          2.128          1.461
          0.980          0.647          0.422          0.276          0.183          0.122          0.083          0.058          0.041          0.030
          0.022          0.017          0.013          0.010          0.008          0.006          0.005          0.004          0.003          0.003
          0.002          0.002          0.001          0.001          0.001          0.001          0.001          0.001          0.000          0.000
          0.000          0.000          0.000          0.000          0.000          0.000          0.000          0.000          0.000          0.000
          0.000          0.000          0.000          0.000          0.000          0.000          0.000          0.000          0.000          0.000

          0.000          0.000          0.000          0.000          0.001          0.002          0.005          0.012          0.024          0.044
          0.073          0.120          0.180          0.283          0.403          0.612          0.863          1.299          1.854          2.764
          3.991          5.844          8.234         11.183         14.327         17.015         18.952         19.633         19.035         17.286
         14.753         12.063          9.500          7.261          5.397          3.916          2.806          1.990          1.392          0.953
          0.637          0.418          0.273          0.178          0.117          0.078          0.053          0.036          0.025          0.018
          0.013          0.010          0.007          0.006          0.005          0.004          0.003          0.002          0.002          0.001
          0.001          0.001          0.001          0.001          0.001          0.000          0.000          0.000          0.000          0.000
          0.000          0.000          0.000          0.000          0.000          0.000          0.000          0.000          0.000          0.000
          0.000          0.000          0.000          0.000          0.000          0.000          0.000          0.000          0.000          0.000

          0.000          0.000          0.000          0.000          0.000          0.001          0.002          0.005          0.012          0.022
          0.042          0.067          0.112          0.164          0.259          0.368          0.563          0.807          1.224          1.780
          2.643          3.783          5.239          6.940          8.580          9.904         10.721         10.908         10.527          9.651
          8.372          6.955          5.567          4.312          3.251          2.389          1.729          1.235          0.867          0.593
          0.392          0.254          0.163          0.104          0.067          0.044          0.029          0.020          0.014          0.010
          0.007          0.005          0.004          0.003          0.002          0.002          0.002          0.001          0.001          0.001
          0.001          0.000          0.000          0.000          0.000          0.000          0.000          0.000          0.000          0.000
          0.000          0.000          0.000          0.000          0.000          0.000          0.000          0.000          0.000          0.000
          0.000          0.000          0.000          0.000          0.000          0.000          0.000          0.000          0.000          0.000

          0.000          0.000          0.000          0.000          0.000          0.000          0.000          0.002          0.004          0.011
          0.020          0.038          0.060          0.099          0.147          0.229          0.331          0.504          0.738          1.100
          1.601          2.279          3.097          4.006          4.823          5.467          5.810          5.860          5.673          5.284
          4.706          4.015          3.300          2.618          2.008          1.489          1.076          0.760          0.523          0.348
          0.223          0.139          0.086          0.053          0.033          0.021          0.014          0.009          0.006          0.004
          0.003          0.002          0.002          0.001          0.001          0.001          0.001          0.001          0.000          0.000
          0.000          0.000          0.000          0.000          0.000          0.000          0.000          0.000          0.000          0.000
          0.000          0.000          0.000          0.000          0.000          0.000          0.000          0.000          0.000          0.000
          0.000          0.000          0.000          0.000          0.000          0.000          0.000          0.000          0.000          0.000

          0.000          0.000          0.000          0.000          0.000          0.000          0.000          0.000          0.001          0.004
          0.009          0.018          0.033          0.052          0.086          0.127          0.196          0.289          0.432          0.629
          0.907          1.264          1.684          2.116          2.504          2.794          2.927          2.913          2.793          2.600
          2.335          2.014          1.672          1.336          1.027          0.757          0.537          0.369          0.246          0.158
          0.098          0.059          0.036          0.022          0.013          0.009          0.006          0.004          0.003          0.002
          0.001          0.001          0.001          0.000          0.000          0.000          0.000          0.000          0.000          0.000
          0.000          0.000          0.000          0.000          0.000          0.000          0.000          0.000          0.000          0.000
          0.000          0.000          0.000          0.000          0.000          0.000          0.000          0.000          0.000          0.000
          0.000          0.000          0.000          0.000          0.000          0.000          0.000          0.000          0.000          0.000

          0.000          0.000          0.000          0.000          0.000          0.000          0.000          0.000          0.000          0.001
          0.003          0.008          0.015          0.027          0.043          0.070          0.106          0.158          0.232          0.332
          0.466          0.632          0.818          0.998          1.155          1.262          1.297          1.266          1.196          1.110
          1.004          0.876          0.735          0.592          0.457          0.336          0.236          0.160          0.105          0.067
          0.041          0.025          0.015          0.009          0.005          0.003          0.002          0.001          0.001          0.001
          0.000          0.000          0.000          0.000          0.000          0.000          0.000          0.000          0.000          0.000
          0.000          0.000          0.000          0.000          0.000          0.000          0.000          0.000          0.000          0.000
          0.000          0.000          0.000          0.000          0.000          0.000          0.000          0.000          0.000          0.000
          0.000          0.000          0.000          0.000          0.000          0.000          0.000          0.000          0.000          0.000

          0.000          0.000          0.000          0.000          0.000          0.000          0.000          0.000          0.000          0.000
          0.001          0.002          0.006          0.011          0.020          0.033          0.053          0.079          0.115          0.159
          0.215          0.279          0.346          0.407          0.456          0.484          0.487          0.470          0.442          0.411
          0.375          0.332          0.284          0.233          0.183          0.138          0.099          0.068          0.045          0.029
          0.018          0.011          0.006          0.004          0.002          0.001          0.001          0.000          0.000          0.000
          0.000          0.000          0.000          0.000          0.000          0.000          0.000          0.000          0.000          0.000
          0.000          0.000          0.000          0.000          0.000          0.000          0.000          0.000          0.000          0.000
          0.000          0.000          0.000          0.000          0.000          0.000          0.000          0.000          0.000          0.000
          0.000          0.000          0.000          0.000          0.000          0.000          0.000          0.000          0.000          0.000

          0.000          0.000          0.000          0.000          0.000          0.000          0.000          0.000          0.000          0.000
          0.000          0.000          0.001          0.003          0.008          0.014          0.024          0.036          0.052          0.071
          0.091          0.113          0.133          0.149          0.160          0.166          0.167          0.165          0.160          0.154
          0.145          0.133          0.118          0.101          0.084          0.066          0.049          0.035          0.024          0.016
          0.010          0.006          0.003          0.002          0.001          0.000          0.000          0.000          0.000          0.000
          0.000          0.000          0.000          0.000          0.000          0.000          0.000          0.000          0.000          0.000
          0.000          0.000          0.000          0.000          0.000          0.000          0.000          0.000          0.000          0.000
          0.000          0.000          0.000          0.000          0.000          0.000          0.000          0.000          0.000          0.000
          0.000          0.000          0.000          0.000          0.000          0.000          0.000          0.000          0.000          0.000

          0.000          0.000          0.000          0.000          0.000          0.000          0.000          0.000          0.000          0.000
          0.000          0.000          0.000          0.001          0.002          0.004          0.009          0.015          0.022          0.029
          0.038          0.046          0.053          0.059          0.064          0.069          0.073          0.076          0.079          0.081
          0.081          0.078          0.073          0.065          0.056          0.046          0.035          0.026          0.018          0.012
          0.008          0.005          0.003          0.001          0.001          0.000          0.000          0.000          0.000          0.000
          0.000          0.000          0.000          0.000          0.000          0.000          0.000          0.000          0.000          0.000
          0.000          0.000          0.000          0.000          0.000          0.000          0.000          0.000          0.000          0.000
          0.000          0.000          0.000          0.000          0.000          0.000          0.000          0.000          0.000          0.000
          0.000          0.000          0.000          0.000          0.000          0.000          0.000          0.000          0.000          0.000

          0.000          0.000          0.000          0.000          0.000          0.000          0.000          0.000          0.000          0.000
          0.000          0.000          0.000          0.000          0.000          0.001          0.002          0.004          0.007          0.011
          0.015          0.019          0.023          0.028          0.032          0.037          0.042          0.047          0.052          0.055
          0.057          0.057          0.055          0.050          0.044          0.037          0.029          0.022          0.016          0.011
          0.007          0.004          0.002          0.001          0.001          0.000          0.000          0.000          0.000          0.000
          0.000          0.000          0.000          0.000          0.000          0.000          0.000          0.000          0.000          0.000
          0.000          0.000          0.000          0.000          0.000          0.000          0.000          0.000          0.000          0.000
          0.000          0.000          0.000          0.000          0.000          0.000          0.000          0.000          0.000          0.000
          0.000          0.000          0.000          0.000          0.000          0.000          0.000          0.000          0.000          0.000

          0.000          0.000          0.000          0.000          0.000          0.000          0.000          0.000          0.000          0.000
          0.000          0.000          0.000          0.000          0.000          0.000          0.000          0.001          0.001          0.003
          0.006          0.008          0.011          0.015          0.019          0.023          0.027          0.032          0.036          0.039
          0.041          0.042          0.041          0.039          0.035          0.030          0.024          0.018          0.014          0.009
          0.006          0.004          0.002          0.001          0.001          0.000          0.000          0.000          0.000          0.000
          0.000          0.000          0.000          0.000          0.000          0.000          0.000          0.000          0.000          0.000
          0.000          0.000          0.000          0.000          0.000          0.000          0.000          0.000          0.000          0.000
          0.000          0.000          0.000          0.000          0.000          0.000          0.000          0.000          0.000          0.000
          0.000          0.000          0.000          0.000          0.000          0.000          0.000          0.000          0.000          0.000

          0.000          0.000          0.000          0.000          0.000          0.000          0.000          0.000          0.000          0.000
          0.000          0.000          0.000          0.000          0.000          0.000          0.000          0.000          0.000          0.001
          0.002          0.003          0.006          0.008          0.011          0.014          0.018          0.021          0.024          0.027
          0.029          0.030          0.030          0.029          0.026          0.023          0.019          0.015          0.011          0.008
          0.005          0.003          0.002          0.001          0.000          0.000          0.000          0.000          0.000          0.000
          0.000          0.000          0.000          0.000          0.000          0.000          0.000          0.000          0.000          0.000
          0.000          0.000          0.000          0.000          0.000          0.000          0.000          0.000          0.000          0.000
          0.000          0.000          0.000          0.000          0.000          0.000          0.000          0.000          0.000          0.000
          0.000          0.000          0.000          0.000          0.000          0.000          0.000          0.000          0.000          0.000

          0.000          0.000          0.000          0.000          0.000          0.000          0.000          0.000          0.000          0.000
          0.000          0.000          0.000          0.000          0.000          0.000          0.000          0.000          0.000          0.000
          0.000          0.001          0.002          0.004          0.006          0.008          0.011          0.013          0.015          0.018
          0.020          0.021          0.021          0.020          0.019          0.017          0.014          0.011          0.008          0.006
          0.004          0.003          0.001          0.001          0.000          0.000          0.000          0.000          0.000          0.000
          0.000          0.000          0.000          0.000          0.000          0.000          0.000          0.000          0.000          0.000
          0.000          0.000          0.000          0.000          0.000          0.000          0.000          0.000          0.000          0.000
          0.000          0.000          0.000          0.000          0.000          0.000          0.000          0.000          0.000          0.000
          0.000          0.000          0.000          0.000          0.000          0.000          0.000          0.000          0.000          0.000

          0.000          0.000          0.000          0.000          0.000          0.000          0.000          0.000          0.000          0.000
          0.000          0.000          0.000          0.000          0.000          0.000          0.000          0.000          0.000          0.000
          0.000          0.000          0.001          0.002          0.003          0.004          0.006          0.008          0.009          0.011
          0.013          0.014          0.014          0.014          0.013          0.012          0.010          0.008          0.006          0.004
          0.003          0.002          0.001          0.000          0.000          0.000          0.000          0.000          0.000          0.000
          0.000          0.000          0.000          0.000          0.000          0.000          0.000          0.000          0.000          0.000
          0.000          0.000          0.000          0.000          0.000          0.000          0.000          0.000          0.000          0.000
          0.000          0.000          0.000          0.000          0.000          0.000          0.000          0.000          0.000          0.000
          0.000          0.000          0.000          0.000          0.000          0.000          0.000          0.000          0.000          0.000

          0.000          0.000          0.000          0.000          0.000          0.000          0.000          0.000          0.000          0.000
          0.000          0.000          0.000          0.000          0.000          0.000          0.000          0.000          0.000          0.000
          0.000          0.000          0.000          0.000          0.001          0.002          0.003          0.004          0.005          0.007
          0.008          0.008          0.009          0.009          0.008          0.008          0.007          0.005          0.004          0.003
          0.002          0.001          0.001          0.000          0.000          0.000          0.000          0.000          0.000          0.000
          0.000          0.000          0.000          0.000          0.000          0.000          0.000          0.000          0.000          0.000
          0.000          0.000          0.000          0.000          0.000          0.000          0.000          0.000          0.000          0.000
          0.000          0.000          0.000          0.000          0.000          0.000          0.000          0.000          0.000          0.000
          0.000          0.000          0.000          0.000          0.000          0.000          0.000          0.000          0.000          0.000

          0.000          0.000          0.000          0.000          0.000          0.000          0.000          0.000          0.000          0.000
          0.000          0.000          0.000          0.000          0.000          0.000          0.000          0.000          0.000          0.000
          0.000          0.000          0.000          0.000          0.000          0.001          0.001          0.002          0.003          0.004
          0.004          0.005          0.005          0.005          0.005          0.005          0.004          0.003          0.003          0.002
          0.001          0.001          0.000          0.000          0.000          0.000          0.000          0.000          0.000          0.000
          0.000          0.000          0.000          0.000          0.000          0.000          0.000          0.000          0.000          0.000
          0.000          0.000          0.000          0.000          0.000          0.000          0.000          0.000          0.000          0.000
          0.000          0.000          0.000          0.000          0.000          0.000          0.000          0.000          0.000          0.000
          0.000          0.000          0.000          0.000          0.000          0.000          0.000          0.000          0.000          0.000

          0.000          0.000          0.000          0.000          0.000          0.000          0.000          0.000          0.000          0.000
          0.000          0.000          0.000          0.000          0.000          0.000          0.000          0.000          0.000          0.000
          0.000          0.000          0.000          0.000          0.000          0.000          0.000          0.001          0.001          0.002
          0.002          0.003          0.003          0.003          0.003          0.003          0.002          0.002          0.001          0.001
          0.001          0.000          0.000          0.000          0.000          0.000          0.000          0.000          0.000          0.000
          0.000          0.000          0.000          0.000          0.000          0.000          0.000          0.000          0.000          0.000
          0.000          0.000          0.000          0.000          0.000          0.000          0.000          0.000          0.000          0.000
          0.000          0.000          0.000          0.000          0.000          0.000          0.000          0.000          0.000          0.000
          0.000          0.000          0.000          0.000          0.000          0.000          0.000          0.000          0.000          0.000

          0.000          0.000          0.000          0.000          0.000          0.000          0.000          0.000          0.000          0.000
          0.000          0.000          0.000          0.000          0.000          0.000          0.000          0.000          0.000          0.000
          0.000          0.000          0.000          0.000          0.000          0.000          0.000          0.000          0.000          0.001
          0.001          0.001          0.001          0.002          0.002          0.001          0.001          0.001          0.001          0.001
          0.000          0.000          0.000          0.000          0.000          0.000          0.000          0.000          0.000          0.000
          0.000          0.000          0.000          0.000          0.000          0.000          0.000          0.000          0.000          0.000
          0.000          0.000          0.000          0.000          0.000          0.000          0.000          0.000          0.000          0.000
          0.000          0.000          0.000          0.000          0.000          0.000          0.000          0.000          0.000          0.000
          0.000          0.000          0.000          0.000          0.000          0.000          0.000          0.000          0.000          0.000

