NCOLS    90
NROWS    50
XLLCORNER         225.000
YLLCORNER          32.500
CELLSIZE           0.500          0.500
NODATA_VALUE  0.000
          0.000          0.000          0.000          0.000          0.000          0.000          0.000          0.000          0.000          0.000
          0.000          0.000          0.000          0.002          0.006          0.013          0.023          0.035          0.048          0.063
          0.080          0.100          0.124          0.148          0.172          0.196          0.224          0.257          0.292          0.326
          0.359          0.397          0.439          0.482          0.522          0.560          0.607          0.671          0.751          0.839
          0.925          1.011          1.100          1.187          1.263          1.320          1.369          1.414          1.449          1.466
          1.464          1.454          1.435          1.399          1.341          1.269          1.193          1.112          1.026          0.934
          0.843          0.761          0.685          0.610          0.535          0.465          0.401          0.341          0.282          0.226
          0.177          0.139          0.107          0.082          0.060          0.044          0.031          0.022          0.016          0.011
          0.007          0.005          0.003          0.002          0.001          0.001          0.001          0.000          0.000          0.000

          0.000          0.000          0.000          0.000          0.000          0.000          0.000          0.000          0.000          0.000
          0.000          0.000          0.000          0.002          0.007          0.016          0.030          0.047          0.065          0.084
          0.107          0.133          0.165          0.198          0.231          0.262          0.299          0.341          0.387          0.434
          0.480          0.529          0.583          0.637          0.692          0.750          0.821          0.914          1.029          1.156
          1.279          1.399          1.518          1.633          1.734          1.813          1.882          1.946          1.999          2.029
          2.031          2.017          1.987          1.930          1.839          1.730          1.619          1.506          1.388          1.266
          1.146          1.041          0.945          0.852          0.761          0.675          0.601          0.535          0.473          0.414
          0.358          0.308          0.263          0.221          0.184          0.150          0.121          0.097          0.076          0.058
          0.044          0.032          0.023          0.016          0.011          0.008          0.005          0.003          0.002          0.002

          0.000          0.000          0.000          0.000          0.000          0.000          0.000          0.000          0.000          0.000
          0.000          0.000          0.000          0.003          0.010          0.022          0.041          0.065          0.091          0.119
          0.148          0.184          0.227          0.274          0.321          0.365          0.414          0.469          0.532          0.599
          0.665          0.733          0.804          0.877          0.959          1.053          1.168          1.311          1.481          1.664
          1.842          2.010          2.172          2.328          2.469          2.585          2.687          2.784          2.863          2.906
          2.899          2.861          2.790          2.675          2.519          2.343          2.172          2.007          1.839          1.669
          1.506          1.364          1.238          1.117          1.000          0.890          0.796          0.713          0.635          0.561
          0.493          0.433          0.380          0.332          0.287          0.245          0.208          0.176          0.147          0.121
          0.099          0.080          0.064          0.050          0.038          0.029          0.021          0.015          0.011          0.008

          0.000          0.000          0.000          0.000          0.000          0.000          0.000          0.000          0.000          0.000
          0.000          0.000          0.000          0.004          0.015          0.032          0.057          0.089          0.126          0.166
          0.205          0.252          0.309          0.373          0.439          0.500          0.565          0.638          0.722          0.815
          0.908          0.999          1.093          1.193          1.315          1.463          1.639          1.848          2.086          2.337
          2.578          2.801          3.014          3.220          3.409          3.574          3.721          3.854          3.951          3.978
          3.930          3.829          3.681          3.477          3.231          2.966          2.720          2.491          2.267          2.046
          1.837          1.660          1.504          1.359          1.218          1.087          0.976          0.879          0.789          0.703
          0.622          0.551          0.489          0.431          0.378          0.328          0.284          0.245          0.210          0.179
          0.151          0.126          0.104          0.085          0.069          0.056          0.044          0.034          0.026          0.021

          0.000          0.000          0.000          0.000          0.000          0.000          0.000          0.000          0.000          0.000
          0.000          0.000          0.002          0.008          0.023          0.047          0.079          0.121          0.172          0.227
          0.281          0.343          0.418          0.502          0.593          0.679          0.766          0.860          0.974          1.101
          1.229          1.351          1.474          1.615          1.797          2.021          2.279          2.572          2.893          3.222
          3.532          3.819          4.094          4.360          4.609          4.831          5.024          5.179          5.258          5.229
          5.095          4.882          4.604          4.274          3.909          3.541          3.211          2.914          2.634          2.363
          2.112          1.902          1.721          1.555          1.396          1.248          1.124          1.017          0.919          0.825
          0.736          0.659          0.590          0.527          0.467          0.411          0.361          0.316          0.275          0.238
          0.204          0.174          0.147          0.123          0.103          0.085          0.069          0.055          0.044          0.037

          0.000          0.000          0.000          0.000          0.000          0.000          0.000          0.000          0.000          0.000
          0.000          0.002          0.005          0.015          0.037          0.068          0.109          0.164          0.232          0.308
          0.382          0.465          0.561          0.673          0.797          0.915          1.032          1.157          1.310          1.482
          1.654          1.816          1.987          2.190          2.458          2.783          3.149          3.549          3.968          4.381
          4.771          5.135          5.487          5.826          6.146          6.427          6.651          6.790          6.803          6.669
          6.378          5.985          5.540          5.065          4.575          4.099          3.681          3.313          2.974          2.654
          2.363          2.121          1.915          1.730          1.555          1.394          1.258          1.143          1.037          0.937
          0.843          0.760          0.687          0.620          0.557          0.497          0.443          0.394          0.349          0.308
          0.270          0.234          0.202          0.172          0.146          0.123          0.103          0.085          0.069          0.059

          0.000          0.000          0.000          0.000          0.000          0.000          0.000          0.000          0.000          0.001
          0.002          0.006          0.012          0.028          0.057          0.100          0.153          0.223          0.312          0.415
          0.516          0.626          0.750          0.898          1.063          1.224          1.380          1.549          1.756          1.984
          2.213          2.432          2.674          2.972          3.359          3.817          4.320          4.849          5.378          5.881
          6.363          6.824          7.270          7.696          8.089          8.413          8.633          8.700          8.589          8.269
          7.743          7.133          6.511          5.890          5.273          4.690          4.184          3.744          3.348          2.981
          2.652          2.379          2.149          1.946          1.757          1.586          1.449          1.339          1.244          1.157
          1.074          0.999          0.930          0.863          0.797          0.731          0.666          0.603          0.543          0.486
          0.432          0.381          0.332          0.287          0.247          0.210          0.178          0.148          0.122          0.105

          0.000          0.000          0.000          0.000          0.000          0.000          0.000          0.000          0.001          0.003
          0.007          0.013          0.024          0.048          0.089          0.147          0.215          0.306          0.421          0.557
          0.693          0.838          0.999          1.193          1.411          1.626          1.833          2.063          2.341          2.641
          2.941          3.241          3.592          4.028          4.572          5.196          5.862          6.539          7.179          7.779
          8.368          8.944          9.498         10.013         10.459         10.785         10.932         10.843         10.513          9.894
          9.086          8.263          7.468          6.702          5.964          5.280          4.692          4.189          3.747          3.349
          3.004          2.738          2.545          2.397          2.270          2.155          2.051          1.954          1.857          1.754
          1.646          1.540          1.436          1.334          1.233          1.133          1.035          0.941          0.851          0.767
          0.687          0.611          0.540          0.472          0.411          0.356          0.305          0.259          0.217          0.190

          0.000          0.000          0.000          0.000          0.000          0.000          0.001          0.002          0.004          0.008
          0.015          0.025          0.044          0.079          0.134          0.213          0.300          0.418          0.566          0.741
          0.922          1.114          1.322          1.575          1.860          2.142          2.420          2.736          3.106          3.496
          3.890          4.315          4.827          5.453          6.193          7.014          7.867          8.695          9.440         10.150
         10.866         11.567         12.233         12.818         13.268         13.509         13.454         13.093         12.405         11.424
         10.354          9.323          8.355          7.452          6.610          5.855          5.232          4.748          4.386          4.113
          3.895          3.715          3.555          3.401          3.242          3.077          2.915          2.755          2.595          2.432
          2.267          2.107          1.953          1.804          1.662          1.525          1.393          1.269          1.151          1.042
          0.940          0.845          0.755          0.669          0.591          0.521          0.456          0.395          0.339          0.301

          0.000          0.000          0.000          0.000          0.000          0.001          0.002          0.004          0.009          0.015
          0.026          0.044          0.072          0.122          0.195          0.299          0.410          0.563          0.751          0.974
          1.214          1.463          1.734          2.067          2.434          2.805          3.182          3.617          4.108          4.612
          5.145          5.760          6.502          7.377          8.357          9.405         10.460         11.429         12.290         13.143
         14.001         14.842         15.610         16.213         16.564         16.541         16.127         15.344         14.188         12.870
         11.553         10.328          9.230          8.283          7.506          6.916          6.478          6.120          5.802          5.504
          5.219          4.951          4.690          4.429          4.165          3.896          3.636          3.389          3.152          2.923
          2.701          2.491          2.294          2.108          1.934          1.771          1.619          1.475          1.342          1.218
          1.106          1.001          0.902          0.808          0.722          0.645          0.572          0.505          0.441          0.397

          0.000          0.000          0.000          0.000          0.001          0.002          0.005          0.009          0.016          0.026
          0.044          0.069          0.112          0.178          0.275          0.408          0.549          0.748          0.983          1.268
          1.585          1.907          2.265          2.704          3.179          3.671          4.190          4.789          5.438          6.099
          6.848          7.740          8.795          9.984         11.250         12.548         13.802         14.903         15.941         16.973
         18.001         18.982         19.794         20.293         20.311         19.824         18.918         17.559         15.987         14.428
         13.015         11.858         10.961         10.209          9.527          8.909          8.361          7.861          7.384          6.914
          6.451          6.008          5.588          5.191          4.813          4.449          4.104          3.783          3.482          3.197
          2.928          2.679          2.448          2.236          2.041          1.862          1.698          1.548          1.410          1.284
          1.171          1.068          0.970          0.878          0.792          0.715          0.642          0.572          0.506          0.460

          0.000          0.000          0.000          0.001          0.002          0.004          0.009          0.014          0.026          0.040
          0.067          0.102          0.164          0.249          0.375          0.545          0.724          0.984          1.276          1.643
          2.058          2.472          2.953          3.532          4.149          4.811          5.531          6.345          7.199          8.096
          9.165         10.437         11.892         13.453         15.034         16.582         18.015         19.323         20.597         21.833
         23.016         24.059         24.775         24.912         24.388         23.365         21.849         20.140         18.545         17.197
         15.976         14.857         13.829         12.874         11.965         11.103         10.287          9.510          8.769          8.067
          7.408          6.799          6.231          5.702          5.203          4.728          4.281          3.868          3.490          3.144
          2.828          2.545          2.295          2.074          1.877          1.705          1.554          1.420          1.299          1.191
          1.096          1.011          0.932          0.856          0.785          0.720          0.658          0.597          0.535          0.492

          0.000          0.000          0.000          0.001          0.003          0.006          0.013          0.021          0.038          0.058
          0.097          0.144          0.229          0.335          0.500          0.711          0.942          1.273          1.633          2.108
          2.641          3.171          3.821          4.575          5.379          6.279          7.268          8.359          9.485         10.734
         12.247         14.011         15.944         17.923         19.823         21.613         23.250         24.852         26.363         27.760
         29.009         29.993         30.379         29.965         29.006         27.525         25.968         24.376         22.775         21.186
         19.670         18.211         16.799         15.444         14.161         12.953         11.812         10.731          9.718          8.784
          7.927          7.124          6.370          5.672          5.031          4.447          3.923          3.460          3.053          2.697
          2.388          2.122          1.893          1.696          1.525          1.380          1.257          1.150          1.056          0.974
          0.904          0.844          0.789          0.737          0.687          0.643          0.601          0.558          0.514          0.482

          0.000          0.000          0.000          0.001          0.004          0.009          0.018          0.030          0.052          0.080
          0.133          0.195          0.307          0.437          0.650          0.905          1.202          1.613          2.055          2.663
          3.326          4.008          4.878          5.847          6.905          8.131          9.470         10.913         12.421         14.187
         16.298         18.672         21.162         23.581         25.793         27.793         29.729         31.596         33.312         34.825
         36.105         36.931         36.887         36.378         35.168         33.426         31.504         29.459         27.322         25.162
         23.080         21.096         19.193         17.381         15.682         14.085         12.577         11.147          9.813          8.603
          7.522          6.544          5.667          4.897          4.232          3.658          3.159          2.724          2.348          2.024
          1.749          1.519          1.327          1.168          1.036          0.930          0.846          0.779          0.721          0.672
          0.633          0.603          0.575          0.549          0.523          0.500          0.480          0.459          0.435          0.419

          0.000          0.000          0.000          0.002          0.005          0.012          0.023          0.040          0.069          0.107
          0.176          0.256          0.397          0.555          0.822          1.120          1.501          1.993          2.536          3.299
          4.098          4.991          6.127          7.357          8.770         10.432         12.216         14.120         16.210         18.723
         21.614         24.723         27.827         30.673         33.108         35.350         37.634         39.829         41.859         43.660
         45.105         45.844         45.852         44.655         42.412         39.882         37.116         34.160         31.160         28.249
         25.530         22.976         20.489         18.109         15.862         13.791         11.878         10.134          8.597          7.290
          6.179          5.213          4.367          3.636          3.011          2.478          2.032          1.666          1.374          1.141
          0.957          0.812          0.699          0.610          0.540          0.487          0.449          0.420          0.397          0.379
          0.367          0.362          0.359          0.355          0.351          0.348          0.346          0.342          0.334          0.329

          0.000          0.000          0.000          0.002          0.006          0.016          0.030          0.055          0.089          0.143
          0.226          0.330          0.498          0.688          1.010          1.350          1.830          2.403          3.077          4.017
          4.975          6.157          7.599          9.167         11.080         13.300         15.640         18.196         21.185         24.729
         28.594         32.540         36.203         39.308         41.970         44.720         47.585         50.494         53.282         55.786
         57.208         57.439         55.984         53.067         49.476         45.595         41.574         37.518         33.580         29.811
         26.271         22.890         19.681         16.729         14.094         11.785          9.749          7.970          6.451          5.187
          4.132          3.250          2.533          1.963          1.513          1.159          0.882          0.672          0.514          0.399
          0.316          0.256          0.215          0.185          0.164          0.150          0.143          0.140          0.140          0.141
          0.146          0.155          0.166          0.177          0.187          0.199          0.211          0.222          0.229          0.237

          0.000          0.000          0.001          0.003          0.008          0.022          0.039          0.072          0.112          0.184
          0.279          0.411          0.604          0.832          1.204          1.594          2.185          2.836          3.686          4.817
          5.980          7.537          9.324         11.355         13.931         16.813         19.854         23.390         27.667         32.497
         37.471         42.150         46.106         49.496         52.908         56.686         60.819         65.196         69.085         71.135
         71.263         69.249         65.308         60.350         54.940         49.492         44.113         38.759         33.541         28.678
         24.323         20.417         16.898         13.730         10.931          8.536          6.522          4.903          3.643          2.681
          1.945          1.379          0.952          0.645          0.433          0.294          0.201          0.139          0.099          0.073
          0.055          0.044          0.037          0.032          0.028          0.026          0.026          0.026          0.028          0.029
          0.033          0.038          0.046          0.055          0.066          0.080          0.096          0.113          0.128          0.146

          0.000          0.000          0.001          0.003          0.010          0.027          0.047          0.090          0.135          0.225
          0.326          0.493          0.697          0.974          1.388          1.842          2.545          3.283          4.348          5.661
          7.096          9.092         11.255         13.913         17.278         20.897         24.881         29.828         35.718         41.967
         47.914         52.958         57.224         61.740         66.874         72.697         79.038         84.596         87.491         87.383
         84.260         78.853         72.175         64.942         57.516         50.176         43.035         36.305         30.237         24.932
         20.270         16.054         12.255          9.066          6.543          4.622          3.175          2.104          1.346          0.837
          0.513          0.311          0.187          0.112          0.067          0.040          0.024          0.015          0.009          0.006
          0.004          0.003          0.002          0.002          0.001          0.001          0.001          0.001          0.001          0.001
          0.002          0.003          0.005          0.007          0.011          0.017          0.025          0.036          0.050          0.071

          0.000          0.000          0.001          0.004          0.012          0.032          0.056          0.106          0.157          0.262
          0.370          0.570          0.781          1.121          1.557          2.096          2.897          3.734          5.035          6.501
          8.300         10.741         13.339         16.821         21.028         25.475         30.821         37.613         45.254         52.785
         59.247         64.575         70.493         77.713         86.063         94.700        102.253        105.993        105.575        100.909
         93.299         84.492         74.796         64.711         54.929         45.981         37.981         30.779         24.309         18.605
         13.855          9.952          6.807          4.398          2.695          1.582          0.893          0.486          0.257          0.134
          0.069          0.035          0.017          0.009          0.004          0.002          0.001          0.000          0.000          0.000
          0.000          0.000          0.000          0.000          0.000          0.000          0.000          0.000          0.000          0.000
          0.000          0.000          0.000          0.000          0.000          0.000          0.001          0.004          0.009          0.021

          0.000          0.000          0.001          0.004          0.013          0.036          0.063          0.120          0.177          0.294
          0.414          0.641          0.865          1.270          1.712          2.367          3.225          4.194          5.720          7.339
          9.596         12.419         15.599         20.073         25.112         30.682         37.925         46.804         56.046         64.361
         71.104         78.616         88.676        100.853        112.729        122.638        127.057        125.801        119.012        108.684
         96.556         83.502         70.464         58.420         47.682         38.156         29.558         22.215         16.145         11.255
          7.397          4.466          2.458          1.267          0.640          0.324          0.164          0.082          0.038          0.016
          0.006          0.002          0.001          0.000          0.000          0.000          0.000          0.000          0.000          0.000
          0.000          0.000          0.000          0.000          0.000          0.000          0.000          0.000          0.000          0.000
          0.000          0.000          0.000          0.000          0.000          0.000          0.000          0.000          0.000          0.002

          0.000          0.000          0.001          0.005          0.015          0.041          0.071          0.134          0.198          0.329
          0.462          0.713          0.956          1.406          1.862          2.641          3.510          4.693          6.376          8.200
         10.992         14.146         18.117         23.622         29.558         36.773         46.369         57.256         67.679         76.328
         85.689         99.556        117.142        134.233        147.325        152.104        148.795        138.972        124.466        107.796
         90.900         75.117         60.691         47.645         36.408         27.166         19.594         13.448          8.563          4.954
          2.606          1.273          0.606          0.308          0.178          0.112          0.073          0.045          0.026          0.013
          0.005          0.002          0.000          0.000          0.000          0.000          0.000          0.000          0.000          0.000
          0.000          0.000          0.000          0.000          0.000          0.000          0.000          0.000          0.000          0.000
          0.000          0.000          0.000          0.000          0.000          0.000          0.000          0.000          0.000          0.000

          0.000          0.000          0.001          0.005          0.016          0.045          0.081          0.148          0.221          0.359
          0.507          0.772          1.033          1.514          1.992          2.862          3.742          5.154          6.905          9.043
         12.311         15.805         20.827         27.325         34.313         43.735         55.764         68.315         79.423         91.435
        110.957        136.204        160.560        177.903        182.506        175.467        160.904        140.151        118.502         97.935
         79.053         61.521         46.700         34.601         24.857         17.067         10.914          6.340          3.365          1.670
          0.822          0.446          0.282          0.195          0.139          0.100          0.070          0.047          0.030          0.017
          0.008          0.004          0.001          0.000          0.000          0.000          0.000          0.000          0.000          0.000
          0.000          0.000          0.000          0.000          0.000          0.000          0.000          0.000          0.000          0.000
          0.000          0.000          0.000          0.000          0.000          0.000          0.000          0.000          0.000          0.000

          0.000          0.000          0.001          0.006          0.017          0.047          0.087          0.155          0.234          0.372
          0.534          0.797          1.073          1.555          2.052          2.960          3.854          5.462          7.169          9.769
         13.219         17.145         23.384         30.451         38.879         50.978         65.948         81.683         99.923        128.614
        164.010        196.024        216.378        218.631        206.521        183.957        155.684        128.628        104.099         81.261
         61.790         45.898         33.139         22.958         14.946          8.978          5.019          2.665          1.402          0.788
          0.495          0.337          0.241          0.176          0.129          0.095          0.069          0.048          0.032          0.020
          0.011          0.006          0.003          0.001          0.000          0.000          0.000          0.000          0.000          0.000
          0.000          0.000          0.000          0.000          0.000          0.000          0.000          0.000          0.000          0.000
          0.000          0.000          0.000          0.000          0.000          0.000          0.000          0.000          0.000          0.000

          0.000          0.000          0.001          0.006          0.018          0.048          0.090          0.156          0.240          0.373
          0.541          0.789          1.070          1.530          2.038          2.937          3.843          5.492          7.185         10.162
         13.509         18.189         25.017         32.640         44.082         62.457         87.984        116.958        156.732        204.391
        243.657        267.515        263.556        242.148        208.754        170.360        137.053        107.256         81.970         61.493
         45.007         31.826         21.400         13.428          7.886          4.474          2.526          1.481          0.901          0.593
          0.411          0.296          0.218          0.162          0.121          0.090          0.067          0.049          0.035          0.023
          0.015          0.008          0.004          0.002          0.001          0.000          0.000          0.000          0.000          0.000
          0.000          0.000          0.000          0.000          0.000          0.000          0.000          0.000          0.000          0.000
          0.000          0.000          0.000          0.000          0.000          0.000          0.000          0.000          0.000          0.000

          0.000          0.000          0.001          0.006          0.018          0.047          0.088          0.151          0.231          0.356
          0.518          0.747          1.025          1.452          1.972          2.830          3.750          5.384          7.074         10.181
         13.433         18.886         26.066         36.210         55.299         85.354        126.357        179.274        250.358        308.139
        338.658        326.592        286.667        236.961        185.106        141.997        107.637         81.380         60.629         44.080
         30.798         20.384         12.709          7.594          4.474          2.682          1.663          1.073          0.716          0.499
          0.358          0.263          0.197          0.149          0.113          0.087          0.067          0.051          0.038          0.027
          0.018          0.012          0.007          0.004          0.002          0.001          0.000          0.000          0.000          0.000
          0.000          0.000          0.000          0.000          0.000          0.000          0.000          0.000          0.000          0.000
          0.000          0.000          0.000          0.000          0.000          0.000          0.000          0.000          0.000          0.000

          0.000          0.000          0.001          0.005          0.016          0.042          0.079          0.138          0.211          0.326
          0.474          0.684          0.942          1.331          1.830          2.605          3.520          5.026          6.700          9.741
         12.915         18.900         26.271         40.880         71.978        122.596        210.558        322.663        417.913        447.094
        419.030        345.459        271.058        199.874        142.197        105.344         79.463         59.220         43.084         30.082
         19.971         12.619          7.737          4.729          2.963          1.897          1.264          0.860          0.599          0.427
          0.312          0.235          0.179          0.138          0.107          0.084          0.066          0.052          0.040          0.030
          0.022          0.015          0.010          0.006          0.003          0.002          0.001          0.000          0.000          0.000
          0.000          0.000          0.000          0.000          0.000          0.000          0.000          0.000          0.000          0.000
          0.000          0.000          0.000          0.000          0.000          0.000          0.000          0.000          0.000          0.000

          0.000          0.000          0.001          0.004          0.012          0.034          0.065          0.117          0.180          0.283
          0.412          0.601          0.830          1.179          1.631          2.323          3.180          4.509          6.120          8.864
         11.886         17.733         25.390         46.677         94.387        194.455        380.162        541.718        604.241        553.870
        431.690        310.787        217.065        142.834        100.486         76.634         57.789         42.421         29.958         20.190
         12.973          8.083          5.039          3.242          2.155          1.453          1.004          0.700          0.498          0.362
          0.271          0.207          0.161          0.127          0.100          0.080          0.064          0.051          0.040          0.032
          0.024          0.018          0.013          0.008          0.005          0.003          0.002          0.001          0.000          0.000
          0.000          0.000          0.000          0.000          0.000          0.000          0.000          0.000          0.000          0.000
          0.000          0.000          0.000          0.000          0.000          0.000          0.000          0.000          0.000          0.000

          0.000          0.000          0.001          0.003          0.009          0.026          0.052          0.095          0.149          0.237
          0.348          0.511          0.707          1.011          1.401          1.999          2.751          3.873          5.339          7.651
         10.445         15.657         23.372         49.294        108.157        275.232        559.714        713.064        697.106        550.671
        359.145        230.483        144.799         94.326         72.786         56.394         42.074         30.173         20.660         13.428
          8.424          5.345          3.534          2.409          1.664          1.155          0.810          0.574          0.415          0.308
          0.234          0.182          0.144          0.115          0.092          0.075          0.061          0.049          0.040          0.032
          0.026          0.020          0.015          0.011          0.007          0.005          0.003          0.002          0.001          0.001
          0.000          0.000          0.000          0.000          0.000          0.000          0.000          0.000          0.000          0.000
          0.000          0.000          0.000          0.000          0.000          0.000          0.000          0.000          0.000          0.000

          0.000          0.000          0.000          0.002          0.007          0.019          0.041          0.075          0.120          0.192
          0.285          0.420          0.583          0.836          1.156          1.653          2.269          3.178          4.427          6.246
          8.742         12.939         20.141         44.951        105.037        313.018        622.611        724.048        631.733        416.748
        235.075        144.623         91.245         68.049         54.773         41.578         30.106         20.734         13.611          8.745
          5.725          3.887          2.704          1.899          1.333          0.933          0.659          0.474          0.348          0.262
          0.203          0.161          0.129          0.105          0.086          0.071          0.058          0.048          0.040          0.033
          0.027          0.021          0.017          0.013          0.009          0.007          0.005          0.003          0.002          0.001
          0.001          0.000          0.000          0.000          0.000          0.000          0.000          0.000          0.000          0.000
          0.000          0.000          0.000          0.000          0.000          0.000          0.000          0.000          0.000          0.000

          0.000          0.000          0.000          0.001          0.005          0.014          0.031          0.057          0.095          0.150
          0.227          0.332          0.463          0.662          0.910          1.307          1.772          2.491          3.468          4.835
          6.917          9.884         15.576         32.351         85.012        283.090        456.967        466.694        364.815        225.920
        133.395         90.268         64.667         52.271         40.485         29.411         20.287         13.542          9.097          6.227
          4.314          3.028          2.137          1.508          1.061          0.751          0.539          0.394          0.296          0.227
          0.179          0.144          0.117          0.097          0.081          0.067          0.057          0.048          0.040          0.033
          0.028          0.023          0.019          0.015          0.012          0.009          0.006          0.005          0.003          0.002
          0.001          0.001          0.000          0.000          0.000          0.000          0.000          0.000          0.000          0.000
          0.000          0.000          0.000          0.000          0.000          0.000          0.000          0.000          0.000          0.000

          0.000          0.000          0.000          0.001          0.003          0.009          0.022          0.040          0.071          0.110
          0.172          0.245          0.352          0.492          0.685          0.978          1.309          1.876          2.539          3.665
          5.176          7.413         11.491         19.463         55.970        103.906        147.029        164.486        148.331        110.896
         79.531         60.056         46.567         36.915         27.424         19.375         13.478          9.498          6.773          4.804
          3.369          2.365          1.673          1.191          0.851          0.614          0.449          0.336          0.256          0.200
          0.159          0.129          0.106          0.089          0.075          0.063          0.054          0.046          0.039          0.033
          0.028          0.024          0.020          0.016          0.013          0.010          0.008          0.006          0.004          0.003
          0.002          0.001          0.001          0.000          0.000          0.000          0.000          0.000          0.000          0.000
          0.000          0.000          0.000          0.000          0.000          0.000          0.000          0.000          0.000          0.000

          0.000          0.000          0.000          0.001          0.002          0.006          0.014          0.027          0.049          0.076
          0.123          0.173          0.257          0.349          0.506          0.693          0.971          1.363          1.881          2.777
          3.863          5.895          8.548         14.066         24.038         43.486         64.396         75.335         72.523         60.964
         48.533         38.901         31.346         24.562         18.454         13.462          9.761          7.079          5.100          3.605
          2.526          1.795          1.293          0.941          0.688          0.505          0.377          0.286          0.222          0.174
          0.139          0.113          0.094          0.079          0.067          0.057          0.049          0.042          0.036          0.031
          0.027          0.023          0.019          0.016          0.013          0.011          0.009          0.007          0.005          0.004
          0.003          0.002          0.001          0.001          0.000          0.000          0.000          0.000          0.000          0.000
          0.000          0.000          0.000          0.000          0.000          0.000          0.000          0.000          0.000          0.000

          0.000          0.000          0.000          0.000          0.001          0.003          0.008          0.018          0.031          0.053
          0.082          0.123          0.178          0.249          0.360          0.489          0.707          0.955          1.414          1.979
          2.998          4.393          6.697          9.980         14.739         20.839         26.871         31.452         33.374         32.374
         29.140         25.040         20.808         16.735         12.880          9.509          6.912          5.009          3.620          2.605
          1.873          1.366          1.008          0.749          0.557          0.415          0.314          0.241          0.188          0.149
          0.120          0.098          0.081          0.068          0.058          0.050          0.043          0.037          0.032          0.028
          0.024          0.021          0.018          0.015          0.013          0.011          0.009          0.007          0.005          0.004
          0.003          0.002          0.001          0.001          0.000          0.000          0.000          0.000          0.000          0.000
          0.000          0.000          0.000          0.000          0.000          0.000          0.000          0.000          0.000          0.000

          0.000          0.000          0.000          0.000          0.001          0.002          0.005          0.011          0.019          0.034
          0.053          0.084          0.118          0.174          0.238          0.345          0.468          0.683          0.962          1.446
          2.139          3.300          4.957          7.254         10.227         13.304         16.287         18.750         20.137         20.123
         18.724         16.507         13.938         11.278          8.730          6.515          4.826          3.591          2.675          1.978
          1.453          1.075          0.802          0.600          0.449          0.337          0.257          0.199          0.157          0.125
          0.101          0.083          0.069          0.058          0.050          0.043          0.037          0.033          0.028          0.025
          0.022          0.019          0.016          0.014          0.012          0.010          0.008          0.006          0.005          0.004
          0.003          0.002          0.001          0.001          0.000          0.000          0.000          0.000          0.000          0.000
          0.000          0.000          0.000          0.000          0.000          0.000          0.000          0.000          0.000          0.000

          0.000          0.000          0.000          0.000          0.000          0.001          0.003          0.006          0.012          0.021
          0.035          0.052          0.080          0.111          0.164          0.223          0.326          0.449          0.679          0.989
          1.546          2.372          3.598          5.206          7.176          9.108         10.852         12.169         12.861         12.774
         11.891         10.549          9.004          7.407          5.868          4.503          3.422          2.597          1.962          1.465
          1.086          0.810          0.609          0.460          0.347          0.264          0.203          0.159          0.127          0.102
          0.083          0.068          0.057          0.049          0.042          0.036          0.032          0.028          0.024          0.021
          0.019          0.016          0.014          0.012          0.010          0.008          0.007          0.005          0.004          0.003
          0.002          0.001          0.001          0.001          0.000          0.000          0.000          0.000          0.000          0.000
          0.000          0.000          0.000          0.000          0.000          0.000          0.000          0.000          0.000          0.000

          0.000          0.000          0.000          0.000          0.000          0.001          0.001          0.003          0.007          0.013
          0.021          0.034          0.050          0.075          0.104          0.151          0.209          0.307          0.444          0.678
          1.044          1.625          2.446          3.502          4.717          5.893          6.900          7.622          7.985          7.938
          7.458          6.706          5.825          4.892          3.958          3.098          2.393          1.841          1.407          1.064
          0.797          0.601          0.457          0.349          0.267          0.205          0.159          0.126          0.101          0.082
          0.067          0.056          0.047          0.040          0.034          0.030          0.026          0.023          0.020          0.017
          0.015          0.013          0.011          0.010          0.008          0.007          0.005          0.004          0.003          0.002
          0.002          0.001          0.001          0.000          0.000          0.000          0.000          0.000          0.000          0.000
          0.000          0.000          0.000          0.000          0.000          0.000          0.000          0.000          0.000          0.000

          0.000          0.000          0.000          0.000          0.000          0.000          0.001          0.002          0.004          0.007
          0.013          0.021          0.032          0.046          0.069          0.096          0.140          0.198          0.296          0.446
          0.691          1.071          1.593          2.248          2.992          3.710          4.301          4.702          4.887          4.840
          4.556          4.121          3.611          3.070          2.527          2.016          1.585          1.236          0.956          0.731
          0.555          0.423          0.324          0.250          0.192          0.149          0.117          0.093          0.075          0.061
          0.050          0.042          0.035          0.030          0.025          0.022          0.019          0.017          0.014          0.013
          0.011          0.010          0.008          0.007          0.006          0.005          0.004          0.003          0.002          0.001
          0.001          0.001          0.000          0.000          0.000          0.000          0.000          0.000          0.000          0.000
          0.000          0.000          0.000          0.000          0.000          0.000          0.000          0.000          0.000          0.000

          0.000          0.000          0.000          0.000          0.000          0.000          0.000          0.001          0.002          0.004
          0.007          0.013          0.019          0.029          0.042          0.062          0.087          0.127          0.187          0.283
          0.436          0.670          0.986          1.378          1.819          2.240          2.576          2.792          2.878          2.838
          2.674          2.429          2.144          1.846          1.545          1.255          1.000          0.791          0.620          0.481
          0.370          0.286          0.222          0.173          0.135          0.105          0.083          0.067          0.054          0.044
          0.037          0.030          0.025          0.021          0.018          0.016          0.014          0.012          0.010          0.009
          0.008          0.007          0.006          0.005          0.004          0.003          0.002          0.002          0.001          0.001
          0.001          0.000          0.000          0.000          0.000          0.000          0.000          0.000          0.000          0.000
          0.000          0.000          0.000          0.000          0.000          0.000          0.000          0.000          0.000          0.000

          0.000          0.000          0.000          0.000          0.000          0.000          0.000          0.000          0.001          0.002
          0.004          0.007          0.012          0.017          0.026          0.037          0.054          0.077          0.114          0.171
          0.261          0.395          0.579          0.803          1.056          1.299          1.491          1.611          1.655          1.629
          1.536          1.398          1.240          1.076          0.912          0.751          0.608          0.487          0.388          0.306
          0.239          0.187          0.148          0.116          0.092          0.072          0.057          0.046          0.038          0.031
          0.026          0.021          0.018          0.015          0.013          0.011          0.009          0.008          0.007          0.006
          0.005          0.004          0.003          0.003          0.002          0.002          0.001          0.001          0.001          0.000
          0.000          0.000          0.000          0.000          0.000          0.000          0.000          0.000          0.000          0.000
          0.000          0.000          0.000          0.000          0.000          0.000          0.000          0.000          0.000          0.000

          0.000          0.000          0.000          0.000          0.000          0.000          0.000          0.000          0.001          0.001
          0.002          0.004          0.006          0.010          0.015          0.022          0.032          0.046          0.067          0.098
          0.147          0.220          0.321          0.444          0.585          0.722          0.831          0.900          0.924          0.911
          0.861          0.786          0.700          0.612          0.524          0.437          0.359          0.291          0.235          0.188
          0.149          0.118          0.094          0.075          0.060          0.047          0.038          0.030          0.025          0.020
          0.017          0.014          0.012          0.010          0.008          0.007          0.006          0.005          0.004          0.003
          0.003          0.002          0.002          0.002          0.001          0.001          0.001          0.000          0.000          0.000
          0.000          0.000          0.000          0.000          0.000          0.000          0.000          0.000          0.000          0.000
          0.000          0.000          0.000          0.000          0.000          0.000          0.000          0.000          0.000          0.000

          0.000          0.000          0.000          0.000          0.000          0.000          0.000          0.000          0.000          0.001
          0.001          0.002          0.003          0.006          0.009          0.013          0.019          0.027          0.039          0.055
          0.079          0.114          0.163          0.224          0.295          0.369          0.430          0.471          0.490          0.490
          0.469          0.432          0.387          0.339          0.292          0.246          0.203          0.166          0.134          0.108
          0.086          0.069          0.055          0.044          0.035          0.028          0.022          0.018          0.014          0.012
          0.009          0.008          0.006          0.005          0.004          0.004          0.003          0.002          0.002          0.002
          0.001          0.001          0.001          0.001          0.000          0.000          0.000          0.000          0.000          0.000
          0.000          0.000          0.000          0.000          0.000          0.000          0.000          0.000          0.000          0.000
          0.000          0.000          0.000          0.000          0.000          0.000          0.000          0.000          0.000          0.000

          0.000          0.000          0.000          0.000          0.000          0.000          0.000          0.000          0.000          0.000
          0.001          0.001          0.002          0.003          0.005          0.007          0.011          0.015          0.022          0.030
          0.040          0.054          0.073          0.096          0.125          0.159          0.188          0.211          0.226          0.233
          0.230          0.216          0.196          0.173          0.150          0.127          0.105          0.086          0.070          0.056
          0.045          0.035          0.028          0.022          0.017          0.014          0.011          0.008          0.007          0.005
          0.004          0.003          0.003          0.002          0.002          0.001          0.001          0.001          0.001          0.001
          0.000          0.000          0.000          0.000          0.000          0.000          0.000          0.000          0.000          0.000
          0.000          0.000          0.000          0.000          0.000          0.000          0.000          0.000          0.000          0.000
          0.000          0.000          0.000          0.000          0.000          0.000          0.000          0.000          0.000          0.000

          0.000          0.000          0.000          0.000          0.000          0.000          0.000          0.000          0.000          0.000
          0.000          0.000          0.001          0.002          0.003          0.004          0.006          0.008          0.012          0.015
          0.019          0.024          0.030          0.036          0.043          0.052          0.062          0.071          0.080          0.087
          0.091          0.089          0.083          0.076          0.067          0.057          0.048          0.039          0.031          0.025
          0.020          0.016          0.012          0.010          0.007          0.006          0.004          0.003          0.003          0.002
          0.002          0.001          0.001          0.001          0.001          0.000          0.000          0.000          0.000          0.000
          0.000          0.000          0.000          0.000          0.000          0.000          0.000          0.000          0.000          0.000
          0.000          0.000          0.000          0.000          0.000          0.000          0.000          0.000          0.000          0.000
          0.000          0.000          0.000          0.000          0.000          0.000          0.000          0.000          0.000          0.000

          0.000          0.000          0.000          0.000          0.000          0.000          0.000          0.000          0.000          0.000
          0.000          0.000          0.000          0.001          0.001          0.002          0.003          0.004          0.006          0.007
          0.009          0.011          0.013          0.014          0.015          0.016          0.016          0.017          0.018          0.020
          0.022          0.023          0.024          0.023          0.021          0.019          0.016          0.013          0.011          0.009
          0.007          0.005          0.004          0.003          0.002          0.002          0.001          0.001          0.001          0.001
          0.000          0.000          0.000          0.000          0.000          0.000          0.000          0.000          0.000          0.000
          0.000          0.000          0.000          0.000          0.000          0.000          0.000          0.000          0.000          0.000
          0.000          0.000          0.000          0.000          0.000          0.000          0.000          0.000          0.000          0.000
          0.000          0.000          0.000          0.000          0.000          0.000          0.000          0.000          0.000          0.000

          0.000          0.000          0.000          0.000          0.000          0.000          0.000          0.000          0.000          0.000
          0.000          0.000          0.000          0.000          0.001          0.001          0.001          0.002          0.003          0.003
          0.004          0.005          0.005          0.006          0.006          0.006          0.005          0.004          0.004          0.003
          0.003          0.003          0.003          0.003          0.003          0.003          0.003          0.002          0.002          0.002
          0.001          0.001          0.001          0.001          0.000          0.000          0.000          0.000          0.000          0.000
          0.000          0.000          0.000          0.000          0.000          0.000          0.000          0.000          0.000          0.000
          0.000          0.000          0.000          0.000          0.000          0.000          0.000          0.000          0.000          0.000
          0.000          0.000          0.000          0.000          0.000          0.000          0.000          0.000          0.000          0.000
          0.000          0.000          0.000          0.000          0.000          0.000          0.000          0.000          0.000          0.000

          0.000          0.000          0.000          0.000          0.000          0.000          0.000          0.000          0.000          0.000
          0.000          0.000          0.000          0.000          0.000          0.000          0.000          0.001          0.001          0.001
          0.002          0.002          0.002          0.002          0.002          0.002          0.001          0.001          0.001          0.001
          0.000          0.000          0.000          0.000          0.000          0.000          0.000          0.000          0.000          0.000
          0.000          0.000          0.000          0.000          0.000          0.000          0.000          0.000          0.000          0.000
          0.000          0.000          0.000          0.000          0.000          0.000          0.000          0.000          0.000          0.000
          0.000          0.000          0.000          0.000          0.000          0.000          0.000          0.000          0.000          0.000
          0.000          0.000          0.000          0.000          0.000          0.000          0.000          0.000          0.000          0.000
          0.000          0.000          0.000          0.000          0.000          0.000          0.000          0.000          0.000          0.000

          0.000          0.000          0.000          0.000          0.000          0.000          0.000          0.000          0.000          0.000
          0.000          0.000          0.000          0.000          0.000          0.000          0.000          0.000          0.000          0.000
          0.000          0.001          0.001          0.001          0.001          0.000          0.000          0.000          0.000          0.000
          0.000          0.000          0.000          0.000          0.000          0.000          0.000          0.000          0.000          0.000
          0.000          0.000          0.000          0.000          0.000          0.000          0.000          0.000          0.000          0.000
          0.000          0.000          0.000          0.000          0.000          0.000          0.000          0.000          0.000          0.000
          0.000          0.000          0.000          0.000          0.000          0.000          0.000          0.000          0.000          0.000
          0.000          0.000          0.000          0.000          0.000          0.000          0.000          0.000          0.000          0.000
          0.000          0.000          0.000          0.000          0.000          0.000          0.000          0.000          0.000          0.000

          0.000          0.000          0.000          0.000          0.000          0.000          0.000          0.000          0.000          0.000
          0.000          0.000          0.000          0.000          0.000          0.000          0.000          0.000          0.000          0.000
          0.000          0.000          0.000          0.000          0.000          0.000          0.000          0.000          0.000          0.000
          0.000          0.000          0.000          0.000          0.000          0.000          0.000          0.000          0.000          0.000
          0.000          0.000          0.000          0.000          0.000          0.000          0.000          0.000          0.000          0.000
          0.000          0.000          0.000          0.000          0.000          0.000          0.000          0.000          0.000          0.000
          0.000          0.000          0.000          0.000          0.000          0.000          0.000          0.000          0.000          0.000
          0.000          0.000          0.000          0.000          0.000          0.000          0.000          0.000          0.000          0.000
          0.000          0.000          0.000          0.000          0.000          0.000          0.000          0.000          0.000          0.000

          0.000          0.000          0.000          0.000          0.000          0.000          0.000          0.000          0.000          0.000
          0.000          0.000          0.000          0.000          0.000          0.000          0.000          0.000          0.000          0.000
          0.000          0.000          0.000          0.000          0.000          0.000          0.000          0.000          0.000          0.000
          0.000          0.000          0.000          0.000          0.000          0.000          0.000          0.000          0.000          0.000
          0.000          0.000          0.000          0.000          0.000          0.000          0.000          0.000          0.000          0.000
          0.000          0.000          0.000          0.000          0.000          0.000          0.000          0.000          0.000          0.000
          0.000          0.000          0.000          0.000          0.000          0.000          0.000          0.000          0.000          0.000
          0.000          0.000          0.000          0.000          0.000          0.000          0.000          0.000          0.000          0.000
          0.000          0.000          0.000          0.000          0.000          0.000          0.000          0.000          0.000          0.000

          0.000          0.000          0.000          0.000          0.000          0.000          0.000          0.000          0.000          0.000
          0.000          0.000          0.000          0.000          0.000          0.000          0.000          0.000          0.000          0.000
          0.000          0.000          0.000          0.000          0.000          0.000          0.000          0.000          0.000          0.000
          0.000          0.000          0.000          0.000          0.000          0.000          0.000          0.000          0.000          0.000
          0.000          0.000          0.000          0.000          0.000          0.000          0.000          0.000          0.000          0.000
          0.000          0.000          0.000          0.000          0.000          0.000          0.000          0.000          0.000          0.000
          0.000          0.000          0.000          0.000          0.000          0.000          0.000          0.000          0.000          0.000
          0.000          0.000          0.000          0.000          0.000          0.000          0.000          0.000          0.000          0.000
          0.000          0.000          0.000          0.000          0.000          0.000          0.000          0.000          0.000          0.000

