NCOLS    90
NROWS    50
XLLCORNER         225.000
YLLCORNER          32.500
CELLSIZE           0.500          0.500
NODATA_VALUE  0.000
          0.000          0.000          0.000          0.000          0.000          0.000          0.001          0.002          0.005          0.012
          0.022          0.036          0.052          0.071          0.094          0.120          0.149          0.179          0.206          0.234
          0.268          0.306          0.345          0.379          0.411          0.449          0.493          0.542          0.590          0.637
          0.689          0.753          0.826          0.906          0.990          1.083          1.187          1.296          1.407          1.511
          1.607          1.695          1.771          1.825          1.859          1.887          1.923          1.960          1.985          1.988
          1.975          1.949          1.897          1.820          1.722          1.622          1.529          1.438          1.343          1.247
          1.161          1.095          1.033          0.969          0.902          0.841          0.792          0.741          0.683          0.620
          0.562          0.519          0.479          0.439          0.399          0.364          0.338          0.316          0.294          0.271
          0.251          0.237          0.226          0.214          0.202          0.190          0.179          0.162          0.119          0.048

          0.000          0.000          0.000          0.000          0.000          0.000          0.001          0.002          0.005          0.012
          0.023          0.038          0.056          0.077          0.102          0.131          0.165          0.200          0.234          0.268
          0.307          0.353          0.402          0.450          0.495          0.545          0.602          0.664          0.730          0.797
          0.870          0.951          1.041          1.141          1.248          1.362          1.482          1.609          1.740          1.865
          1.977          2.072          2.144          2.190          2.206          2.217          2.237          2.258          2.258          2.236
          2.197          2.153          2.091          2.010          1.913          1.816          1.729          1.643          1.553          1.455
          1.361          1.288          1.220          1.148          1.071          1.000          0.947          0.896          0.838          0.775
          0.717          0.672          0.630          0.584          0.535          0.490          0.456          0.427          0.397          0.366
          0.339          0.320          0.304          0.289          0.273          0.257          0.244          0.228          0.182          0.086

          0.000          0.000          0.000          0.000          0.000          0.001          0.002          0.004          0.008          0.015
          0.027          0.042          0.062          0.086          0.114          0.147          0.185          0.226          0.269          0.310
          0.355          0.409          0.468          0.530          0.589          0.652          0.722          0.802          0.890          0.983
          1.085          1.196          1.321          1.461          1.612          1.771          1.937          2.110          2.285          2.446
          2.579          2.676          2.740          2.763          2.754          2.740          2.739          2.732          2.707          2.656
          2.588          2.516          2.430          2.323          2.200          2.080          1.977          1.877          1.772          1.657
          1.546          1.456          1.374          1.290          1.202          1.118          1.056          0.998          0.936          0.871
          0.811          0.769          0.732          0.691          0.644          0.601          0.570          0.543          0.513          0.480
          0.450          0.428          0.408          0.388          0.367          0.347          0.329          0.308          0.255          0.140

          0.000          0.000          0.000          0.001          0.001          0.002          0.003          0.006          0.011          0.019
          0.031          0.047          0.069          0.096          0.128          0.163          0.205          0.254          0.307          0.358
          0.412          0.474          0.546          0.626          0.707          0.791          0.882          0.988          1.107          1.241
          1.388          1.546          1.722          1.918          2.131          2.354          2.583          2.814          3.036          3.227
          3.365          3.449          3.481          3.463          3.413          3.366          3.334          3.294          3.234          3.141
          3.030          2.916          2.789          2.644          2.484          2.331          2.203          2.081          1.954          1.817
          1.687          1.584          1.492          1.398          1.299          1.204          1.132          1.067          1.000          0.930
          0.865          0.820          0.783          0.742          0.697          0.656          0.628          0.605          0.580          0.551
          0.524          0.504          0.488          0.470          0.450          0.430          0.412          0.388          0.333          0.213

          0.000          0.000          0.001          0.001          0.002          0.003          0.005          0.009          0.014          0.023
          0.036          0.053          0.077          0.108          0.143          0.183          0.230          0.286          0.351          0.418
          0.485          0.561          0.652          0.756          0.870          0.988          1.115          1.262          1.433          1.630
          1.846          2.078          2.330          2.606          2.903          3.214          3.527          3.825          4.088          4.287
          4.407          4.453          4.423          4.341          4.242          4.154          4.076          3.992          3.878          3.723
          3.546          3.369          3.184          2.984          2.776          2.582          2.420          2.268          2.112          1.952
          1.803          1.686          1.584          1.480          1.370          1.265          1.186          1.116          1.046          0.973
          0.906          0.861          0.822          0.780          0.735          0.694          0.666          0.643          0.618          0.592
          0.567          0.548          0.533          0.517          0.500          0.482          0.464          0.441          0.385          0.273

          0.000          0.001          0.001          0.002          0.003          0.005          0.008          0.012          0.018          0.028
          0.041          0.059          0.084          0.118          0.159          0.204          0.257          0.323          0.404          0.492
          0.580          0.679          0.798          0.939          1.104          1.278          1.465          1.682          1.934          2.227
          2.550          2.893          3.256          3.644          4.055          4.481          4.895          5.257          5.538          5.716
          5.786          5.753          5.633          5.475          5.312          5.163          5.025          4.869          4.675          4.433
          4.163          3.899          3.639          3.374          3.110          2.867          2.662          2.472          2.285          2.099
          1.931          1.800          1.686          1.571          1.451          1.337          1.253          1.183          1.113          1.042
          0.979          0.937          0.902          0.863          0.821          0.782          0.754          0.731          0.705          0.678
          0.651          0.629          0.611          0.592          0.572          0.552          0.532          0.506          0.447          0.341

          0.000          0.001          0.001          0.002          0.004          0.006          0.009          0.014          0.021          0.031
          0.045          0.064          0.090          0.127          0.173          0.225          0.286          0.364          0.463          0.579
          0.698          0.829          0.990          1.185          1.425          1.686          1.969          2.295          2.671          3.109
          3.591          4.093          4.611          5.150          5.707          6.272          6.790          7.195          7.457          7.571
          7.545          7.388          7.153          6.902          6.659          6.430          6.200          5.943          5.641          5.282
          4.893          4.524          4.177          3.841          3.514          3.215          2.961          2.732          2.517          2.309
          2.124          1.982          1.861          1.743          1.622          1.511          1.431          1.365          1.299          1.230
          1.168          1.123          1.084          1.042          0.995          0.950          0.916          0.886          0.854          0.819
          0.786          0.756          0.729          0.702          0.675          0.649          0.623          0.594          0.535          0.431

          0.001          0.001          0.002          0.003          0.004          0.007          0.010          0.016          0.023          0.033
          0.048          0.068          0.096          0.135          0.188          0.248          0.319          0.413          0.535          0.685
          0.847          1.025          1.248          1.524          1.874          2.269          2.700          3.188          3.749          4.399
          5.100          5.818          6.544          7.277          8.012          8.725          9.323          9.725          9.914          9.905
          9.714          9.387          9.025          8.666          8.327          7.987          7.630          7.235          6.783          6.267
          5.735          5.250          4.806          4.392          4.003          3.651          3.355          3.100          2.871          2.657
          2.471          2.330          2.210          2.091          1.963          1.843          1.749          1.668          1.586          1.499
          1.419          1.357          1.302          1.246          1.186          1.129          1.081          1.039          0.996          0.953
          0.911          0.872          0.836          0.800          0.767          0.736          0.705          0.670          0.618          0.523

          0.001          0.001          0.002          0.003          0.005          0.007          0.011          0.016          0.023          0.034
          0.049          0.071          0.101          0.143          0.201          0.272          0.358          0.471          0.623          0.817
          1.038          1.285          1.601          1.998          2.514          3.103          3.747          4.476          5.312          6.254
          7.249          8.253          9.246         10.218         11.150         11.990         12.612         12.945         12.991         12.776
         12.341         11.840         11.341         10.871         10.405          9.907          9.378          8.796          8.148          7.454
          6.775          6.166          5.625          5.139          4.695          4.299          3.976          3.709          3.474          3.248
          3.039          2.864          2.704          2.543          2.376          2.219          2.089          1.974          1.861          1.746
          1.639          1.550          1.472          1.395          1.318          1.244          1.181          1.124          1.070          1.019
          0.969          0.924          0.882          0.842          0.806          0.773          0.741          0.707          0.665          0.591

          0.001          0.001          0.002          0.003          0.005          0.007          0.010          0.016          0.023          0.034
          0.050          0.072          0.104          0.150          0.214          0.298          0.400          0.539          0.728          0.979
          1.280          1.629          2.081          2.651          3.394          4.255          5.211          6.295          7.511          8.838
         10.216         11.584         12.910         14.164         15.292         16.202         16.768         16.954         16.780         16.254
         15.567         14.903         14.286         13.700         13.067         12.371         11.622         10.798          9.917          9.023
          8.173          7.425          6.781          6.230          5.746          5.313          4.937          4.599          4.280          3.967
          3.672          3.417          3.183          2.957          2.732          2.523          2.344          2.186          2.036          1.889
          1.753          1.638          1.538          1.443          1.352          1.267          1.193          1.127          1.067          1.010
          0.958          0.911          0.867          0.826          0.790          0.759          0.729          0.700          0.663          0.620

          0.000          0.001          0.002          0.003          0.004          0.006          0.010          0.015          0.022          0.033
          0.049          0.073          0.108          0.157          0.229          0.327          0.450          0.622          0.860          1.185
          1.595          2.082          2.718          3.533          4.593          5.842          7.242          8.807         10.528         12.359
         14.214         16.030         17.754         19.319         20.615         21.500         21.926         21.901         21.404         20.528
         19.636         18.865         18.194         17.490         16.653         15.687         14.605         13.439         12.259         11.127
         10.120          9.269          8.535          7.870          7.236          6.636          6.086          5.586          5.121          4.679
          4.272          3.913          3.588          3.284          2.995          2.729          2.500          2.299          2.112          1.935
          1.771          1.633          1.513          1.404          1.302          1.209          1.129          1.059          0.997          0.941
          0.891          0.848          0.809          0.772          0.740          0.714          0.690          0.665          0.636          0.616

          0.000          0.001          0.001          0.002          0.004          0.006          0.009          0.014          0.021          0.032
          0.049          0.074          0.112          0.167          0.250          0.366          0.518          0.732          1.035          1.455
          2.004          2.677          3.561          4.716          6.210          7.977          9.948         12.140         14.513         16.970
         19.404         21.747         23.919         25.812         27.207         27.986         28.214         27.912         27.024         25.914
         24.937         24.186         23.450         22.500         21.281         19.851         18.318         16.803         15.377         14.068
         12.877         11.777         10.761          9.809          8.904          8.057          7.278          6.573          5.932          5.346
          4.816          4.349          3.929          3.547          3.193          2.870          2.591          2.345          2.123          1.917
          1.731          1.571          1.434          1.311          1.201          1.103          1.021          0.952          0.891          0.838
          0.795          0.758          0.726          0.697          0.672          0.653          0.636          0.619          0.598          0.587

          0.000          0.000          0.001          0.002          0.003          0.005          0.008          0.012          0.019          0.031
          0.048          0.075          0.117          0.180          0.276          0.415          0.602          0.870          1.254          1.795
          2.517          3.427          4.634          6.225          8.257         10.656         13.329         16.283         19.436         22.635
         25.745         28.693         31.372         33.602         35.024         35.621         35.650         34.994         33.880         32.720
         31.770         30.956         29.932         28.507         26.759         24.864         23.007         21.159         19.326         17.583
         15.981         14.488         13.068         11.731         10.491          9.359          8.338          7.421          6.602          5.870
          5.221          4.647          4.136          3.678          3.262          2.886          2.558          2.271          2.016          1.787
          1.581          1.408          1.261          1.135          1.025          0.932          0.858          0.796          0.745          0.701
          0.668          0.643          0.623          0.604          0.588          0.576          0.567          0.558          0.543          0.532

          0.000          0.000          0.001          0.001          0.002          0.004          0.006          0.010          0.017          0.029
          0.047          0.077          0.123          0.195          0.305          0.470          0.697          1.027          1.509          2.200
          3.134          4.336          5.936          8.050         10.718         13.848         17.318         21.138         25.177         29.224
         33.105         36.749         40.001         42.547         43.873         44.323         44.098         43.178         42.034         40.915
         39.973         38.953         37.510         35.633         33.381         30.969         28.445         25.929         23.465         21.134
         18.993         16.992         15.106         13.358         11.767         10.353          9.095          7.977          6.989          6.120
          5.358          4.686          4.088          3.559          3.090          2.674          2.312          1.998          1.726          1.491
          1.289          1.123          0.987          0.873          0.779          0.704          0.647          0.604          0.568          0.540
          0.520          0.508          0.499          0.491          0.486          0.484          0.485          0.486          0.478          0.461

          0.000          0.000          0.000          0.001          0.002          0.003          0.005          0.009          0.016          0.027
          0.047          0.079          0.131          0.211          0.337          0.526          0.795          1.193          1.784          2.645
          3.825          5.377          7.463         10.206         13.596         17.510         21.832         26.575         31.566         36.537
         41.306         45.751         49.637         52.353         53.593         53.900         53.293         52.329         51.323         50.514
         49.674         48.484         46.620         43.914         40.658         37.301         33.907         30.527         27.278         24.265
         21.530         18.997         16.630         14.458         12.524         10.842          9.363          8.054          6.907          5.915
          5.061          4.318          3.667          3.103          2.616          2.196          1.837          1.533          1.281          1.074
          0.907          0.776          0.673          0.592          0.528          0.480          0.446          0.421          0.401          0.386
          0.378          0.377          0.379          0.382          0.386          0.394          0.403          0.410          0.409          0.389

          0.000          0.000          0.000          0.001          0.001          0.002          0.004          0.008          0.015          0.027
          0.049          0.084          0.141          0.229          0.371          0.584          0.898          1.367          2.079          3.130
          4.589          6.554          9.212         12.686         16.892         21.669         26.914         32.656         38.676         44.661
         50.408         55.685         60.050         62.716         63.930         63.858         63.174         62.573         62.442         62.247
         61.543         59.717         56.477         52.361         47.797         43.209         38.756         34.490         30.459         26.737
         23.375         20.285         17.430         14.850         12.584         10.643          8.966          7.509          6.261          5.210
          4.329          3.576          2.928          2.379          1.924          1.548          1.240          0.997          0.811          0.667
          0.558          0.475          0.414          0.368          0.333          0.308          0.292          0.282          0.274          0.269
          0.269          0.274          0.281          0.289          0.298          0.311          0.326          0.339          0.343          0.326

          0.000          0.000          0.000          0.000          0.001          0.002          0.003          0.007          0.014          0.027
          0.051          0.089          0.151          0.247          0.404          0.644          1.007          1.559          2.414          3.689
          5.465          7.895         11.190         15.458         20.547         26.244         32.495         39.313         46.426         53.459
         59.961         65.651         69.989         72.739         73.924         73.841         73.894         75.082         76.374         76.564
         74.781         71.154         66.037         60.046         53.953         48.222         42.850         37.743         32.884         28.408
         24.391         20.722         17.376         14.412         11.872          9.754          7.974          6.469          5.209          4.165
          3.310          2.604          2.031          1.578          1.225          0.949          0.736          0.576          0.460          0.377
          0.321          0.282          0.255          0.235          0.221          0.212          0.207          0.203          0.201          0.200
          0.202          0.208          0.215          0.224          0.234          0.247          0.261          0.275          0.282          0.269

          0.000          0.000          0.000          0.000          0.000          0.001          0.003          0.006          0.013          0.027
          0.051          0.092          0.158          0.261          0.434          0.701          1.115          1.757          2.772          4.292
          6.413          9.328         13.259         18.308         24.269         30.869         38.097         45.902         53.937         61.619
         68.453         74.182         78.496         81.324         82.502         83.633         86.943         90.709         92.757         91.539
         87.420         81.096         73.659         65.979         58.710         52.071         45.830         39.772         34.026         28.776
         24.096         19.914         16.213         13.032         10.382          8.215          6.412          4.922          3.737          2.831
          2.147          1.622          1.221          0.921          0.702          0.539          0.423          0.345          0.295          0.263
          0.241          0.226          0.214          0.205          0.197          0.191          0.187          0.183          0.179          0.177
          0.176          0.178          0.180          0.184          0.191          0.200          0.211          0.222          0.227          0.215

          0.000          0.000          0.000          0.000          0.000          0.001          0.002          0.005          0.012          0.026
          0.051          0.093          0.163          0.274          0.462          0.758          1.230          1.973          3.159          4.930
          7.404         10.787         15.318         21.082         27.815         35.199         43.207         51.747         60.355         68.402
         75.277         80.590         84.555         87.451         90.621         97.065        104.614        109.455        109.381        104.715
         96.888         87.814         78.581         69.722         61.484         53.899         46.649         39.727         33.196         27.301
         22.170         17.707         13.837         10.554          7.897          5.836          4.269          3.095          2.242          1.641
          1.220          0.923          0.714          0.564          0.456          0.378          0.324          0.289          0.265          0.248
          0.236          0.226          0.217          0.209          0.202          0.196          0.191          0.187          0.182          0.179
          0.177          0.175          0.174          0.172          0.171          0.173          0.177          0.181          0.182          0.166

          0.000          0.000          0.000          0.000          0.000          0.001          0.002          0.005          0.011          0.025
          0.050          0.095          0.169          0.290          0.497          0.828          1.369          2.231          3.600          5.633
          8.450         12.277         17.389         23.807         31.190         39.175         47.746         56.737         65.665         73.694
         79.739         84.292         88.627         94.851        105.929        118.423        126.727        128.131        122.727        113.071
        101.821         90.590         80.097         70.336         61.333         52.980         44.984         37.253         30.091         23.740
         18.302         13.709          9.956          7.046          4.900          3.393          2.354          1.667          1.228          0.952
          0.767          0.633          0.529          0.448          0.386          0.342          0.310          0.288          0.270          0.256
          0.245          0.236          0.227          0.219          0.212          0.206          0.201          0.197          0.192          0.187
          0.184          0.181          0.176          0.171          0.167          0.163          0.160          0.156          0.150          0.128

          0.000          0.000          0.000          0.000          0.000          0.000          0.002          0.005          0.011          0.025
          0.052          0.101          0.182          0.318          0.550          0.931          1.559          2.559          4.119          6.420
          9.572         13.817         19.476         26.471         34.356         42.809         51.798         61.133         70.003         76.988
         82.092         87.465         96.805        113.985        133.469        145.649        148.151        141.544        129.085        114.449
        100.944         89.017         78.289         68.137         58.536         49.237         40.219         31.754         24.189         17.826
         12.742          8.788          5.846          3.791          2.486          1.709          1.264          1.003          0.834          0.713
          0.617          0.537          0.471          0.417          0.374          0.341          0.316          0.296          0.280          0.266
          0.255          0.246          0.237          0.229          0.222          0.216          0.211          0.205          0.199          0.193
          0.187          0.182          0.176          0.170          0.164          0.158          0.152          0.145          0.134          0.106

          0.000          0.000          0.000          0.000          0.000          0.000          0.002          0.005          0.012          0.027
          0.056          0.110          0.200          0.354          0.616          1.058          1.781          2.918          4.651          7.186
         10.609         15.147         21.102         28.349         36.557         45.447         54.916         64.324         72.059         77.986
         84.375         96.634        120.478        148.627        166.177        169.291        160.382        143.246        125.043        109.516
         96.784         85.340         74.302         63.453         52.556         42.145         32.554         24.114         17.072         11.530
          7.427          4.622          2.864          1.877          1.355          1.080          0.914          0.798          0.707          0.630
          0.563          0.505          0.454          0.412          0.378          0.350          0.327          0.308          0.292          0.279
          0.267          0.257          0.247          0.238          0.230          0.222          0.214          0.206          0.197          0.190
          0.184          0.178          0.172          0.164          0.157          0.151          0.145          0.138          0.127          0.098

          0.000          0.000          0.000          0.000          0.000          0.001          0.002          0.005          0.012          0.028
          0.060          0.118          0.217          0.387          0.677          1.179          1.985          3.219          5.046          7.673
         11.118         15.648         21.613         28.937         37.473         46.852         56.443         64.745         71.363         78.754
         93.123        122.852        159.423        183.184        188.169        176.840        154.224        132.495        115.709        102.167
         90.295         78.892         67.179         55.039         43.449         32.972         23.849         16.283         10.413          6.297
          3.742          2.331          1.603          1.235          1.030          0.898          0.799          0.719          0.652          0.593
          0.539          0.491          0.450          0.414          0.384          0.359          0.337          0.319          0.303          0.289
          0.276          0.264          0.252          0.240          0.228          0.217          0.208          0.200          0.192          0.184
          0.179          0.173          0.165          0.158          0.150          0.144          0.138          0.131          0.121          0.096

          0.000          0.000          0.000          0.000          0.000          0.001          0.002          0.005          0.013          0.029
          0.063          0.125          0.231          0.410          0.721          1.253          2.083          3.320          5.122          7.695
         11.024         15.438         21.249         28.460         37.189         46.617         55.349         62.723         70.444         85.597
        118.712        161.960        192.862        200.748        187.354        160.593        135.694        117.245        102.944         91.599
         81.007         69.151         56.476         44.172         32.980         23.307         15.388          9.459          5.551          3.304
          2.150          1.562          1.244          1.049          0.916          0.817          0.739          0.674          0.618          0.568
          0.522          0.481          0.446          0.414          0.387          0.362          0.341          0.323          0.306          0.291
          0.275          0.260          0.244          0.230          0.219          0.210          0.202          0.195          0.187          0.180
          0.174          0.167          0.160          0.151          0.143          0.137          0.131          0.124          0.115          0.095

          0.000          0.000          0.000          0.000          0.000          0.001          0.002          0.005          0.013          0.030
          0.064          0.127          0.235          0.414          0.726          1.258          2.078          3.281          5.018          7.483
         10.585         14.680         20.021         26.947         35.663         44.583         52.601         60.108         73.618        106.268
        152.344        190.612        202.209        188.238        160.236        133.182        113.029         99.492         89.612         80.539
         69.444         56.686         44.093         32.510         22.488         14.463          8.764          5.254          3.295          2.233
          1.650          1.307          1.090          0.943          0.835          0.752          0.686          0.631          0.583          0.540
          0.502          0.467          0.436          0.409          0.383          0.360          0.339          0.319          0.300          0.282
          0.265          0.249          0.236          0.225          0.216          0.208          0.201          0.194          0.186          0.177
          0.170          0.163          0.155          0.146          0.138          0.131          0.125          0.118          0.110          0.094

          0.000          0.000          0.000          0.000          0.000          0.000          0.002          0.005          0.012          0.027
          0.060          0.118          0.218          0.384          0.674          1.170          1.936          3.040          4.604          6.796
          9.508         13.129         17.918         24.689         33.194         41.599         49.042         59.282         84.496        128.855
        171.326        187.079        176.138        149.365        123.310        105.063         93.592         85.595         77.887         68.002
         55.732         43.141         31.528         21.487         13.698          8.482          5.361          3.544          2.460          1.799
          1.393          1.138          0.967          0.847          0.757          0.688          0.632          0.586          0.545          0.510
          0.479          0.451          0.425          0.401          0.377          0.353          0.331          0.310          0.290          0.273
          0.259          0.247          0.237          0.227          0.217          0.209          0.201          0.191          0.181          0.172
          0.164          0.156          0.147          0.138          0.130          0.124          0.118          0.112          0.105          0.093

          0.000          0.000          0.000          0.000          0.000          0.000          0.001          0.004          0.010          0.023
          0.051          0.101          0.188          0.330          0.582          1.014          1.680          2.615          3.927          5.738
          7.980         11.057         15.244         21.812         29.677         37.707         45.566         60.433         92.608        133.802
        154.531        149.203        129.148        109.051         95.623         87.630         81.475         74.607         65.291         53.896
         41.694         30.305         20.636         13.420          8.687          5.770          3.938          2.755          1.995          1.513
          1.208          1.007          0.868          0.767          0.691          0.633          0.585          0.545          0.511          0.482
          0.457          0.433          0.409          0.384          0.360          0.336          0.315          0.295          0.279          0.265
          0.253          0.242          0.231          0.221          0.210          0.200          0.189          0.179          0.168          0.159
          0.151          0.143          0.135          0.127          0.119          0.113          0.108          0.103          0.097          0.090

          0.000          0.000          0.000          0.000          0.000          0.000          0.001          0.003          0.008          0.018
          0.041          0.082          0.156          0.273          0.483          0.839          1.380          2.114          3.136          4.531
          6.270          8.731         12.258         18.421         25.023         33.204         43.191         60.705         88.070        110.037
        111.594        103.133         93.093         86.466         82.354         77.876         71.012         61.790         51.242         40.007
         29.165         20.146         13.593          9.215          6.334          4.403          3.105          2.245          1.686          1.324
          1.084          0.917          0.797          0.708          0.641          0.589          0.546          0.509          0.477          0.450
          0.425          0.401          0.377          0.354          0.332          0.313          0.295          0.280          0.266          0.254
          0.242          0.230          0.218          0.205          0.193          0.182          0.172          0.162          0.152          0.144
          0.137          0.130          0.123          0.116          0.109          0.104          0.100          0.095          0.090          0.086

          0.000          0.000          0.000          0.000          0.000          0.000          0.001          0.002          0.006          0.014
          0.032          0.066          0.125          0.219          0.385          0.660          1.065          1.605          2.341          3.335
          4.599          6.431          9.267         14.651         19.748         30.109         41.730         54.841         67.081         74.867
         77.573         77.999         77.552         76.310         73.427         67.046         58.095         48.203         37.990         28.247
         20.047         14.046          9.898          7.006          4.959          3.528          2.555          1.908          1.478          1.190
          0.990          0.847          0.741          0.662          0.601          0.553          0.512          0.476          0.444          0.415
          0.389          0.365          0.343          0.324          0.305          0.289          0.275          0.263          0.252          0.241
          0.228          0.216          0.203          0.190          0.178          0.168          0.158          0.150          0.141          0.133
          0.127          0.121          0.115          0.108          0.102          0.097          0.093          0.089          0.084          0.081

          0.000          0.000          0.000          0.000          0.000          0.000          0.001          0.002          0.004          0.011
          0.025          0.051          0.097          0.169          0.291          0.488          0.766          1.129          1.617          2.271
          3.137          4.426          6.663         10.921         16.029         28.122         35.747         42.726         50.814         58.755
         64.632         67.943         68.670         67.069         62.270         54.399         45.178         35.888         27.427         20.282
         14.703         10.649          7.716          5.577          4.022          2.922          2.168          1.657          1.311          1.072
          0.903          0.780          0.689          0.620          0.566          0.521          0.480          0.444          0.412          0.385
          0.362          0.341          0.323          0.305          0.291          0.278          0.267          0.257          0.247          0.234
          0.220          0.207          0.194          0.182          0.171          0.161          0.152          0.144          0.136          0.128
          0.122          0.117          0.110          0.104          0.098          0.093          0.089          0.085          0.080          0.077

          0.000          0.000          0.000          0.000          0.000          0.000          0.000          0.001          0.003          0.008
          0.018          0.037          0.069          0.118          0.199          0.325          0.494          0.723          1.025          1.452
          2.054          2.987          4.802          7.967         13.621         19.529         26.846         35.257         44.081         51.796
         56.938         59.097         58.751         55.733         50.083         42.198         33.925         26.558         20.436         15.406
         11.398          8.408          6.199          4.556          3.341          2.470          1.869          1.460          1.177          0.978
          0.832          0.723          0.642          0.580          0.531          0.490          0.452          0.418          0.390          0.367
          0.348          0.331          0.315          0.302          0.290          0.280          0.270          0.260          0.247          0.232
          0.217          0.203          0.190          0.178          0.167          0.157          0.148          0.140          0.132          0.125
          0.119          0.113          0.107          0.100          0.094          0.089          0.084          0.079          0.074          0.072

          0.000          0.000          0.000          0.000          0.000          0.000          0.000          0.001          0.002          0.005
          0.012          0.024          0.045          0.077          0.127          0.203          0.306          0.451          0.647          0.937
          1.349          2.064          3.357          6.153         10.506         16.221         22.989         30.457         38.121         44.470
         48.078         48.950         47.632         44.225         38.763         31.952         25.480         20.065         15.614         11.878
          8.858          6.609          4.941          3.689          2.756          2.083          1.615          1.293          1.065          0.898
          0.772          0.675          0.602          0.546          0.502          0.463          0.428          0.397          0.372          0.351
          0.334          0.319          0.307          0.297          0.287          0.277          0.266          0.254          0.239          0.223
          0.208          0.194          0.181          0.169          0.158          0.148          0.140          0.131          0.123          0.115
          0.109          0.102          0.096          0.089          0.083          0.078          0.075          0.071          0.066          0.064

          0.000          0.000          0.000          0.000          0.000          0.000          0.000          0.000          0.001          0.003
          0.007          0.015          0.029          0.049          0.082          0.129          0.197          0.287          0.414          0.596
          0.872          1.354          2.327          4.426          8.029         12.781         18.389         24.519         30.587         35.487
         38.005         38.391         36.991         33.876         29.246         23.904         19.102         15.147         11.854          9.057
          6.804          5.132          3.891          2.959          2.260          1.751          1.393          1.142          0.961          0.824
          0.717          0.633          0.568          0.517          0.476          0.441          0.408          0.379          0.355          0.334
          0.318          0.305          0.294          0.286          0.276          0.264          0.251          0.237          0.221          0.205
          0.191          0.178          0.166          0.155          0.145          0.136          0.128          0.119          0.111          0.103
          0.097          0.090          0.084          0.078          0.072          0.068          0.064          0.061          0.057          0.055

          0.000          0.000          0.000          0.000          0.000          0.000          0.000          0.000          0.001          0.002
          0.004          0.009          0.018          0.032          0.053          0.084          0.126          0.184          0.260          0.373
          0.544          0.878          1.585          3.149          5.906          9.632         14.035         18.878         23.598         27.259
         29.019         29.071         27.748         25.195         21.602         17.682         14.230         11.368          8.949          6.882
          5.218          3.987          3.075          2.389          1.868          1.480          1.204          1.008          0.864          0.753
          0.663          0.592          0.535          0.491          0.454          0.421          0.391          0.365          0.342          0.322
          0.306          0.295          0.285          0.275          0.263          0.249          0.234          0.218          0.202          0.187
          0.175          0.164          0.154          0.144          0.134          0.125          0.117          0.108          0.100          0.092
          0.085          0.079          0.073          0.067          0.062          0.058          0.054          0.051          0.047          0.046

          0.000          0.000          0.000          0.000          0.000          0.000          0.000          0.000          0.000          0.001
          0.003          0.006          0.012          0.021          0.035          0.056          0.084          0.121          0.170          0.241
          0.353          0.572          1.074          2.170          4.152          6.815         10.062         13.662         17.133         19.784
         20.991         20.936         19.913         18.086         15.585         12.856         10.434          8.400          6.665          5.177
          3.976          3.086          2.425          1.922          1.533          1.240          1.031          0.882          0.771          0.682
          0.609          0.550          0.503          0.465          0.433          0.405          0.379          0.355          0.334          0.316
          0.302          0.292          0.282          0.269          0.253          0.237          0.220          0.204          0.189          0.177
          0.166          0.156          0.145          0.135          0.125          0.116          0.107          0.098          0.089          0.081
          0.074          0.068          0.062          0.056          0.051          0.047          0.044          0.041          0.038          0.037

          0.000          0.000          0.000          0.000          0.000          0.000          0.000          0.000          0.000          0.001
          0.002          0.004          0.008          0.015          0.024          0.039          0.058          0.083          0.116          0.162
          0.233          0.370          0.687          1.389          2.649          4.447          6.689          9.175         11.555         13.406
         14.311         14.343         13.703         12.528         10.902          9.077          7.438          6.042          4.846          3.814
          2.975          2.348          1.881          1.524          1.246          1.034          0.882          0.771          0.686          0.618
          0.560          0.513          0.474          0.443          0.417          0.394          0.372          0.351          0.332          0.317
          0.305          0.295          0.282          0.266          0.248          0.230          0.212          0.196          0.182          0.170
          0.159          0.149          0.138          0.127          0.116          0.106          0.097          0.087          0.078          0.070
          0.063          0.057          0.051          0.046          0.041          0.038          0.035          0.032          0.030          0.028

          0.000          0.000          0.000          0.000          0.000          0.000          0.000          0.000          0.000          0.000
          0.001          0.003          0.006          0.010          0.018          0.028          0.042          0.060          0.084          0.116
          0.162          0.247          0.432          0.831          1.580          2.717          4.151          5.727          7.227          8.444
          9.113          9.218          8.873          8.181          7.204          6.084          5.051          4.158          3.384          2.714
          2.162          1.746          1.435          1.196          1.008          0.861          0.753          0.673          0.612          0.561
          0.516          0.478          0.447          0.422          0.401          0.382          0.363          0.345          0.329          0.315
          0.304          0.292          0.277          0.258          0.239          0.219          0.201          0.186          0.173          0.161
          0.150          0.139          0.128          0.116          0.105          0.095          0.085          0.075          0.066          0.058
          0.052          0.046          0.041          0.036          0.032          0.029          0.026          0.024          0.022          0.020

          0.000          0.000          0.000          0.000          0.000          0.000          0.000          0.000          0.000          0.000
          0.001          0.002          0.004          0.008          0.013          0.021          0.031          0.045          0.063          0.086
          0.118          0.171          0.277          0.500          0.926          1.597          2.450          3.403          4.311          5.076
          5.528          5.638          5.480          5.111          4.568          3.924          3.313          2.774          2.305          1.896
          1.555          1.296          1.099          0.946          0.822          0.722          0.647          0.591          0.547          0.509
          0.475          0.446          0.421          0.400          0.383          0.367          0.352          0.336          0.321          0.308
          0.296          0.282          0.264          0.244          0.223          0.202          0.186          0.172          0.160          0.148
          0.137          0.126          0.115          0.103          0.092          0.082          0.072          0.063          0.055          0.047
          0.042          0.037          0.032          0.028          0.024          0.021          0.019          0.017          0.015          0.014

          0.000          0.000          0.000          0.000          0.000          0.000          0.000          0.000          0.000          0.000
          0.001          0.002          0.003          0.006          0.010          0.016          0.024          0.035          0.049          0.066
          0.089          0.124          0.185          0.304          0.530          0.896          1.368          1.901          2.411          2.855
          3.143          3.249          3.210          3.052          2.789          2.457          2.128          1.832          1.569          1.335
          1.135          0.978          0.858          0.762          0.682          0.614          0.562          0.522          0.490          0.463
          0.438          0.415          0.395          0.378          0.363          0.351          0.337          0.323          0.309          0.296
          0.284          0.268          0.249          0.227          0.204          0.185          0.170          0.157          0.145          0.134
          0.123          0.112          0.101          0.090          0.079          0.070          0.061          0.052          0.045          0.040
          0.035          0.031          0.026          0.022          0.019          0.016          0.014          0.012          0.010          0.009

          0.000          0.000          0.000          0.000          0.000          0.000          0.000          0.000          0.000          0.000
          0.001          0.001          0.003          0.005          0.008          0.013          0.020          0.028          0.039          0.053
          0.071          0.096          0.133          0.197          0.313          0.503          0.752          1.037          1.317          1.566
          1.742          1.830          1.844          1.792          1.682          1.527          1.366          1.218          1.082          0.956
          0.843          0.752          0.680          0.620          0.569          0.524          0.488          0.460          0.438          0.419
          0.400          0.382          0.367          0.353          0.341          0.331          0.320          0.308          0.294          0.281
          0.268          0.252          0.231          0.207          0.185          0.168          0.154          0.142          0.131          0.120
          0.110          0.099          0.088          0.078          0.067          0.059          0.052          0.046          0.040          0.035
          0.030          0.025          0.021          0.017          0.014          0.012          0.010          0.008          0.007          0.006

          0.000          0.000          0.000          0.000          0.000          0.000          0.000          0.000          0.000          0.000
          0.000          0.001          0.002          0.004          0.007          0.011          0.016          0.023          0.033          0.045
          0.060          0.078          0.103          0.140          0.198          0.290          0.414          0.558          0.706          0.845
          0.955          1.022          1.054          1.052          1.019          0.960          0.892          0.826          0.762          0.699
          0.639          0.589          0.547          0.512          0.480          0.451          0.428          0.409          0.394          0.380
          0.367          0.354          0.341          0.329          0.320          0.312          0.304          0.293          0.279          0.266
          0.252          0.235          0.212          0.189          0.169          0.154          0.141          0.129          0.118          0.108
          0.098          0.087          0.077          0.067          0.059          0.053          0.047          0.041          0.035          0.029
          0.024          0.020          0.015          0.012          0.010          0.008          0.006          0.005          0.005          0.004

          0.000          0.000          0.000          0.000          0.000          0.000          0.000          0.000          0.000          0.000
          0.000          0.001          0.002          0.003          0.006          0.009          0.014          0.020          0.028          0.039
          0.051          0.067          0.086          0.110          0.141          0.186          0.246          0.317          0.392          0.470
          0.540          0.592          0.627          0.645          0.647          0.634          0.614          0.591          0.567          0.539
          0.509          0.483          0.460          0.440          0.420          0.401          0.385          0.372          0.361          0.350
          0.341          0.330          0.320          0.310          0.302          0.296          0.289          0.278          0.264          0.249
          0.234          0.215          0.192          0.171          0.153          0.139          0.127          0.116          0.106          0.096
          0.086          0.077          0.069          0.061          0.054          0.048          0.042          0.036          0.029          0.023
          0.018          0.014          0.011          0.008          0.006          0.005          0.004          0.003          0.003          0.002

          0.000          0.000          0.000          0.000          0.000          0.000          0.000          0.000          0.000          0.000
          0.000          0.001          0.001          0.003          0.005          0.008          0.012          0.017          0.024          0.034
          0.045          0.058          0.074          0.093          0.115          0.141          0.173          0.212          0.254          0.299
          0.344          0.382          0.413          0.436          0.452          0.459          0.462          0.461          0.456          0.446
          0.431          0.417          0.405          0.392          0.379          0.365          0.352          0.342          0.332          0.324
          0.316          0.307          0.298          0.289          0.281          0.276          0.269          0.257          0.243          0.227
          0.210          0.191          0.170          0.152          0.136          0.123          0.112          0.102          0.093          0.084
          0.076          0.068          0.061          0.054          0.048          0.042          0.036          0.029          0.022          0.017
          0.012          0.009          0.006          0.004          0.003          0.003          0.002          0.002          0.001          0.001

          0.000          0.000          0.000          0.000          0.000          0.000          0.000          0.000          0.000          0.000
          0.000          0.001          0.001          0.002          0.004          0.006          0.010          0.014          0.021          0.029
          0.039          0.051          0.065          0.081          0.099          0.119          0.141          0.166          0.192          0.221
          0.250          0.280          0.307          0.331          0.351          0.365          0.377          0.385          0.389          0.386
          0.379          0.370          0.363          0.354          0.344          0.332          0.320          0.311          0.303          0.296
          0.289          0.282          0.273          0.264          0.256          0.250          0.242          0.230          0.215          0.198
          0.182          0.165          0.148          0.132          0.118          0.107          0.097          0.089          0.081          0.074
          0.067          0.060          0.054          0.048          0.041          0.035          0.028          0.021          0.015          0.010
          0.007          0.004          0.003          0.002          0.001          0.001          0.001          0.001          0.001          0.000

          0.000          0.000          0.000          0.000          0.000          0.000          0.000          0.000          0.000          0.000
          0.000          0.000          0.001          0.002          0.003          0.005          0.008          0.012          0.018          0.025
          0.034          0.044          0.057          0.071          0.087          0.105          0.124          0.144          0.165          0.187
          0.210          0.234          0.257          0.278          0.296          0.311          0.324          0.334          0.340          0.340
          0.335          0.329          0.324          0.318          0.308          0.297          0.287          0.279          0.271          0.265
          0.259          0.252          0.243          0.233          0.224          0.218          0.210          0.197          0.182          0.167
          0.153          0.139          0.125          0.111          0.100          0.091          0.084          0.077          0.070          0.064
          0.058          0.052          0.046          0.040          0.033          0.025          0.018          0.013          0.008          0.005
          0.003          0.002          0.001          0.001          0.001          0.000          0.000          0.000          0.000          0.000

          0.000          0.000          0.000          0.000          0.000          0.000          0.000          0.000          0.000          0.000
          0.000          0.000          0.001          0.001          0.003          0.004          0.007          0.010          0.015          0.022
          0.030          0.039          0.051          0.063          0.078          0.094          0.111          0.129          0.147          0.166
          0.186          0.207          0.226          0.244          0.259          0.272          0.284          0.293          0.298          0.299
          0.295          0.290          0.287          0.281          0.274          0.264          0.254          0.247          0.240          0.234
          0.229          0.221          0.212          0.202          0.193          0.186          0.178          0.166          0.153          0.139
          0.128          0.117          0.105          0.094          0.086          0.078          0.072          0.067          0.061          0.055
          0.050          0.044          0.037          0.030          0.022          0.015          0.009          0.005          0.003          0.001
          0.001          0.000          0.000          0.000          0.000          0.000          0.000          0.000          0.000          0.000

          0.000          0.000          0.000          0.000          0.000          0.000          0.000          0.000          0.000          0.000
          0.000          0.000          0.001          0.001          0.002          0.004          0.006          0.009          0.013          0.019
          0.027          0.035          0.045          0.057          0.070          0.085          0.100          0.116          0.133          0.150
          0.167          0.185          0.202          0.217          0.229          0.240          0.250          0.258          0.263          0.263
          0.260          0.257          0.254          0.250          0.244          0.235          0.227          0.221          0.214          0.208
          0.202          0.194          0.185          0.175          0.167          0.160          0.152          0.142          0.130          0.118
          0.109          0.099          0.090          0.081          0.074          0.068          0.063          0.058          0.052          0.046
          0.040          0.033          0.025          0.018          0.011          0.006          0.003          0.001          0.001          0.000
          0.000          0.000          0.000          0.000          0.000          0.000          0.000          0.000          0.000          0.000

          0.000          0.000          0.000          0.000          0.000          0.000          0.000          0.000          0.000          0.000
          0.000          0.000          0.000          0.001          0.002          0.003          0.005          0.008          0.012          0.017
          0.024          0.031          0.041          0.051          0.063          0.077          0.091          0.105          0.120          0.135
          0.150          0.166          0.180          0.192          0.203          0.212          0.221          0.228          0.233          0.233
          0.231          0.229          0.227          0.224          0.218          0.211          0.203          0.197          0.190          0.183
          0.176          0.168          0.160          0.151          0.144          0.138          0.130          0.120          0.109          0.099
          0.091          0.083          0.076          0.069          0.063          0.058          0.053          0.047          0.041          0.034
          0.027          0.019          0.012          0.007          0.003          0.001          0.001          0.000          0.000          0.000
          0.000          0.000          0.000          0.000          0.000          0.000          0.000          0.000          0.000          0.000

          0.000          0.000          0.000          0.000          0.000          0.000          0.000          0.000          0.000          0.000
          0.000          0.000          0.000          0.001          0.001          0.002          0.004          0.007          0.010          0.015
          0.021          0.028          0.036          0.045          0.056          0.068          0.081          0.094          0.107          0.120
          0.134          0.147          0.160          0.171          0.180          0.188          0.196          0.203          0.207          0.208
          0.206          0.204          0.202          0.200          0.195          0.187          0.179          0.171          0.163          0.155
          0.149          0.142          0.135          0.127          0.120          0.114          0.106          0.097          0.087          0.079
          0.073          0.067          0.060          0.054          0.049          0.044          0.038          0.031          0.024          0.017
          0.011          0.006          0.003          0.001          0.001          0.000          0.000          0.000          0.000          0.000
          0.000          0.000          0.000          0.000          0.000          0.000          0.000          0.000          0.000          0.000

          0.000          0.000          0.000          0.000          0.000          0.000          0.000          0.000          0.000          0.000
          0.000          0.000          0.000          0.001          0.001          0.002          0.004          0.006          0.009          0.013
          0.019          0.025          0.033          0.041          0.051          0.062          0.074          0.086          0.098          0.110
          0.123          0.136          0.147          0.157          0.166          0.174          0.181          0.187          0.190          0.190
          0.188          0.185          0.182          0.178          0.170          0.159          0.149          0.140          0.132          0.125
          0.119          0.113          0.106          0.099          0.092          0.085          0.077          0.068          0.060          0.054
          0.049          0.044          0.039          0.033          0.028          0.022          0.016          0.010          0.006          0.003
          0.002          0.001          0.000          0.000          0.000          0.000          0.000          0.000          0.000          0.000
          0.000          0.000          0.000          0.000          0.000          0.000          0.000          0.000          0.000          0.000

