NCOLS    90
NROWS    50
XLLCORNER         225.000
YLLCORNER          32.500
CELLSIZE           0.500          0.500
NODATA_VALUE  0.000
          0.000          0.000          0.000          0.000          0.000          0.000          0.000          0.000          0.000          0.000
          0.000          0.000          0.001          0.003          0.010          0.022          0.039          0.060          0.083          0.108
          0.139          0.177          0.219          0.265          0.307          0.351          0.404          0.466          0.534          0.600
          0.663          0.734          0.818          0.914          1.014          1.108          1.205          1.313          1.429          1.535
          1.623          1.702          1.778          1.838          1.866          1.858          1.832          1.795          1.742          1.674
          1.596          1.522          1.451          1.373          1.288          1.199          1.115          1.032          0.946          0.859
          0.774          0.699          0.629          0.561          0.494          0.430          0.373          0.318          0.265          0.214
          0.170          0.135          0.106          0.082          0.061          0.045          0.033          0.024          0.017          0.012
          0.009          0.006          0.004          0.003          0.002          0.001          0.001          0.001          0.000          0.000

          0.000          0.000          0.000          0.000          0.000          0.000          0.000          0.000          0.000          0.000
          0.000          0.000          0.000          0.003          0.011          0.027          0.050          0.080          0.113          0.148
          0.188          0.237          0.294          0.356          0.416          0.475          0.543          0.623          0.713          0.805
          0.891          0.986          1.096          1.223          1.358          1.488          1.619          1.762          1.912          2.052
          2.173          2.278          2.370          2.436          2.458          2.435          2.388          2.331          2.261          2.176
          2.081          1.990          1.901          1.802          1.691          1.574          1.464          1.358          1.251          1.142
          1.036          0.945          0.862          0.781          0.703          0.629          0.564          0.507          0.453          0.400
          0.350          0.305          0.264          0.226          0.190          0.158          0.130          0.106          0.084          0.066
          0.051          0.039          0.029          0.021          0.015          0.011          0.007          0.005          0.003          0.003

          0.000          0.000          0.000          0.000          0.000          0.000          0.000          0.000          0.000          0.000
          0.000          0.000          0.000          0.004          0.016          0.038          0.071          0.113          0.161          0.211
          0.265          0.331          0.409          0.497          0.584          0.666          0.759          0.868          0.991          1.120
          1.246          1.379          1.532          1.706          1.894          2.077          2.260          2.451          2.649          2.835
          2.995          3.126          3.226          3.284          3.283          3.226          3.146          3.062          2.972          2.865
          2.746          2.631          2.513          2.378          2.222          2.058          1.906          1.763          1.619          1.475
          1.336          1.216          1.109          1.007          0.907          0.813          0.732          0.661          0.595          0.532
          0.473          0.422          0.376          0.334          0.293          0.256          0.221          0.191          0.162          0.137
          0.114          0.095          0.077          0.062          0.050          0.039          0.030          0.022          0.016          0.013

          0.000          0.000          0.000          0.000          0.000          0.000          0.000          0.000          0.000          0.000
          0.000          0.000          0.001          0.007          0.025          0.056          0.100          0.157          0.225          0.297
          0.370          0.458          0.563          0.683          0.806          0.922          1.047          1.193          1.359          1.538
          1.716          1.901          2.108          2.342          2.594          2.843          3.088          3.335          3.583          3.815
          4.008          4.150          4.241          4.263          4.210          4.108          3.999          3.898          3.791          3.661
          3.509          3.354          3.189          3.000          2.787          2.568          2.369          2.184          2.004          1.823
          1.650          1.501          1.369          1.244          1.122          1.007          0.908          0.822          0.742          0.665
          0.593          0.530          0.475          0.424          0.377          0.333          0.293          0.258          0.226          0.197
          0.170          0.146          0.124          0.104          0.087          0.072          0.059          0.047          0.038          0.032

          0.000          0.000          0.000          0.000          0.000          0.000          0.000          0.000          0.000          0.000
          0.000          0.001          0.003          0.014          0.041          0.084          0.141          0.218          0.311          0.413
          0.514          0.630          0.770          0.931          1.101          1.264          1.434          1.629          1.849          2.092
          2.339          2.594          2.871          3.179          3.508          3.834          4.151          4.461          4.761          5.030
          5.237          5.362          5.405          5.361          5.254          5.120          4.993          4.874          4.740          4.568
          4.360          4.141          3.906          3.645          3.363          3.080          2.826          2.597          2.376          2.158
          1.951          1.773          1.618          1.472          1.330          1.196          1.082          0.982          0.890          0.802
          0.719          0.646          0.582          0.523          0.467          0.415          0.368          0.327          0.289          0.254
          0.223          0.194          0.168          0.145          0.124          0.105          0.089          0.074          0.061          0.053

          0.000          0.000          0.000          0.000          0.000          0.000          0.000          0.000          0.000          0.000
          0.001          0.003          0.010          0.028          0.068          0.125          0.200          0.300          0.425          0.567
          0.708          0.862          1.047          1.261          1.494          1.721          1.952          2.212          2.505          2.832
          3.170          3.516          3.884          4.283          4.702          5.119          5.518          5.896          6.244          6.533
          6.723          6.799          6.770          6.658          6.505          6.344          6.197          6.049          5.868          5.630
          5.341          5.027          4.696          4.351          3.993          3.640          3.327          3.047          2.781          2.522
          2.278          2.069          1.888          1.720          1.559          1.408          1.280          1.169          1.069          0.974
          0.884          0.806          0.736          0.672          0.610          0.552          0.497          0.446          0.399          0.356
          0.315          0.277          0.242          0.210          0.182          0.156          0.133          0.112          0.094          0.082

          0.000          0.000          0.000          0.000          0.000          0.000          0.000          0.000          0.000          0.001
          0.004          0.011          0.024          0.054          0.109          0.187          0.285          0.413          0.579          0.773
          0.966          1.171          1.414          1.697          2.011          2.323          2.637          2.984          3.373          3.808
          4.263          4.727          5.210          5.719          6.243          6.759          7.249          7.698          8.080          8.362
          8.500          8.501          8.391          8.214          8.024          7.841          7.664          7.469          7.215          6.885
          6.479          6.043          5.610          5.179          4.744          4.321          3.946          3.612          3.301          3.003
          2.726          2.492          2.295          2.118          1.956          1.806          1.681          1.573          1.472          1.373
          1.276          1.184          1.098          1.015          0.934          0.855          0.778          0.706          0.637          0.572
          0.512          0.454          0.400          0.349          0.304          0.263          0.225          0.191          0.161          0.141

          0.000          0.000          0.000          0.000          0.000          0.000          0.000          0.000          0.002          0.006
          0.013          0.026          0.049          0.094          0.170          0.277          0.405          0.572          0.787          1.044
          1.306          1.578          1.898          2.268          2.684          3.104          3.528          3.991          4.505          5.077
          5.676          6.285          6.909          7.547          8.185          8.807          9.391          9.900         10.288         10.522
         10.558         10.457         10.265         10.042          9.827          9.615          9.393          9.121          8.764          8.299
          7.746          7.191          6.667          6.161          5.660          5.179          4.758          4.388          4.056          3.747
          3.472          3.245          3.053          2.880          2.711          2.544          2.390          2.248          2.109          1.971
          1.835          1.704          1.580          1.461          1.347          1.236          1.130          1.030          0.934          0.845
          0.762          0.684          0.609          0.539          0.475          0.417          0.364          0.314          0.269          0.238

          0.000          0.000          0.000          0.000          0.000          0.000          0.001          0.003          0.007          0.016
          0.028          0.051          0.087          0.153          0.256          0.399          0.565          0.783          1.059          1.393
          1.742          2.101          2.519          3.001          3.546          4.106          4.673          5.288          5.962          6.706
          7.483          8.268          9.057          9.838         10.597         11.327         11.996         12.532         12.881         12.956
         12.867         12.664         12.420         12.176         11.936         11.679         11.382         10.993         10.488          9.858
          9.175          8.532          7.937          7.374          6.828          6.323          5.889          5.522          5.194          4.884
          4.591          4.320          4.073          3.839          3.608          3.381          3.167          2.967          2.774          2.585
          2.400          2.223          2.055          1.896          1.745          1.601          1.465          1.336          1.214          1.102
          0.998          0.901          0.809          0.722          0.643          0.571          0.505          0.443          0.385          0.345

          0.000          0.000          0.000          0.000          0.000          0.001          0.004          0.009          0.016          0.030
          0.050          0.086          0.139          0.233          0.368          0.554          0.767          1.046          1.397          1.824
          2.279          2.750          3.296          3.921          4.632          5.370          6.125          6.939          7.822          8.782
          9.776         10.773         11.753         12.694         13.581         14.417         15.143         15.652         15.822         15.757
         15.531         15.254         14.998         14.744         14.466         14.134         13.706         13.150         12.456         11.667
         10.887         10.177          9.542          8.965          8.426          7.920          7.458          7.022          6.600          6.186
          5.785          5.415          5.072          4.745          4.426          4.114          3.819          3.544          3.284          3.037
          2.801          2.580          2.375          2.182          2.003          1.835          1.678          1.532          1.395          1.270
          1.155          1.048          0.947          0.852          0.764          0.686          0.612          0.544          0.479          0.434

          0.000          0.000          0.000          0.000          0.001          0.004          0.008          0.016          0.028          0.050
          0.080          0.133          0.207          0.332          0.503          0.741          1.010          1.363          1.803          2.344
          2.932          3.547          4.258          5.071          5.998          6.971          7.973          9.049         10.205         11.437
         12.693         13.939         15.138         16.256         17.278         18.210         18.931         19.277         19.305         19.070
         18.729         18.450         18.219         17.958         17.608         17.123         16.489         15.702         14.820         13.943
         13.150         12.445         11.794         11.157         10.493          9.833          9.196          8.584          7.994          7.420
          6.865          6.345          5.861          5.410          4.988          4.590          4.222          3.885          3.575          3.285
          3.013          2.763          2.534          2.322          2.127          1.948          1.782          1.628          1.486          1.356
          1.237          1.128          1.025          0.928          0.839          0.758          0.682          0.610          0.542          0.495

          0.000          0.000          0.000          0.001          0.003          0.007          0.014          0.026          0.043          0.074
          0.117          0.190          0.287          0.448          0.662          0.962          1.297          1.742          2.290          2.969
          3.721          4.518          5.443          6.500          7.705          8.980         10.302         11.716         13.217         14.780
         16.346         17.874         19.315         20.626         21.779         22.772         23.371         23.561         23.423         23.023
         22.674         22.460         22.252         21.926         21.390         20.676         19.813         18.871         17.935         17.042
         16.198         15.346         14.489         13.609         12.710         11.807         10.917         10.052          9.225          8.440
          7.706          7.032          6.419          5.862          5.352          4.882          4.450          4.055          3.693          3.360
          3.051          2.771          2.517          2.288          2.081          1.895          1.729          1.580          1.445          1.323
          1.215          1.117          1.025          0.938          0.856          0.782          0.712          0.644          0.578          0.531

          0.000          0.000          0.000          0.001          0.004          0.011          0.020          0.037          0.061          0.102
          0.160          0.255          0.380          0.581          0.843          1.216          1.630          2.183          2.854          3.694
          4.638          5.657          6.844          8.206          9.756         11.408         13.128         14.958         16.876         18.828
         20.749         22.590         24.297         25.811         27.101         28.061         28.453         28.470         28.137         27.713
         27.451         27.284         27.033         26.528         25.786         24.893         23.900         22.833         21.729         20.617
         19.525         18.407         17.216         15.973         14.719         13.491         12.305         11.171         10.109          9.131
          8.241          7.433          6.700          6.035          5.427          4.867          4.354          3.890          3.474          3.100
          2.766          2.473          2.218          1.994          1.799          1.631          1.487          1.361          1.249          1.150
          1.064          0.989          0.920          0.854          0.792          0.736          0.682          0.629          0.574          0.535

          0.000          0.000          0.000          0.002          0.006          0.014          0.027          0.049          0.080          0.134
          0.209          0.327          0.483          0.729          1.044          1.495          1.997          2.673          3.480          4.499
          5.655          6.930          8.426         10.154         12.117         14.222         16.424         18.757         21.171         23.579
         25.907         28.103         30.106         31.844         33.254         33.891         34.086         33.900         33.532         33.225
         33.057         32.917         32.569         31.922         30.953         29.795         28.485         27.120         25.690         24.208
         22.698         21.126         19.488         17.827         16.200         14.649         13.174         11.781         10.491          9.315
          8.252          7.289          6.421          5.647          4.956          4.341          3.796          3.319          2.903          2.540
          2.223          1.951          1.718          1.521          1.352          1.212          1.099          1.004          0.924          0.855
          0.799          0.754          0.713          0.675          0.638          0.606          0.576          0.545          0.511          0.486

          0.000          0.000          0.001          0.002          0.007          0.018          0.034          0.062          0.102          0.169
          0.264          0.409          0.599          0.890          1.262          1.793          2.385          3.193          4.146          5.366
          6.750          8.315         10.161         12.310         14.746         17.380         20.154         23.092         26.097         29.052
         31.864         34.477         36.815         38.794         39.929         40.326         40.304         40.057         39.872         39.773
         39.775         39.639         39.090         38.049         36.549         34.931         33.197         31.306         29.313         27.281
         25.237         23.156         21.038         18.936         16.907         15.002         13.209         11.529          9.998          8.634
          7.441          6.401          5.492          4.700          4.008          3.403          2.875          2.419          2.033          1.710
          1.446          1.234          1.065          0.930          0.820          0.734          0.669          0.618          0.577          0.542
          0.517          0.499          0.485          0.471          0.457          0.447          0.437          0.427          0.412          0.401

          0.000          0.000          0.001          0.003          0.009          0.022          0.044          0.079          0.130          0.212
          0.330          0.503          0.731          1.068          1.499          2.109          2.795          3.738          4.844          6.292
          7.937          9.848         12.098         14.735         17.715         20.957         24.398         28.052         31.765         35.387
         38.792         41.911         44.633         46.638         47.408         47.547         47.418         47.467         47.705         47.931
         47.947         47.465         46.255         44.455         42.261         39.917         37.451         34.888         32.249         29.554
         26.886         24.206         21.493         18.847         16.381         14.144         12.099         10.242          8.594          7.165
          5.948          4.901          3.997          3.231          2.598          2.082          1.662          1.325          1.058          0.848
          0.687          0.565          0.475          0.407          0.356          0.319          0.295          0.280          0.269          0.261
          0.258          0.262          0.267          0.272          0.276          0.283          0.290          0.296          0.298          0.301

          0.000          0.000          0.001          0.004          0.011          0.028          0.056          0.099          0.164          0.262
          0.405          0.607          0.873          1.256          1.749          2.438          3.233          4.324          5.609          7.312
          9.247         11.560         14.273         17.463         21.066         24.995         29.189         33.664         38.218         42.640
         46.746         50.460         53.556         55.156         55.678         55.710         56.015         56.789         57.415         57.681
         57.102         55.739         53.481         50.546         47.384         44.183         40.957         37.660         34.176         30.602
         27.112         23.724         20.470         17.453         14.733         12.309         10.112          8.131          6.414          5.003
          3.880          2.981          2.260          1.689          1.243          0.898          0.639          0.452          0.321          0.234
          0.176          0.138          0.112          0.095          0.082          0.075          0.071          0.070          0.071          0.072
          0.078          0.087          0.098          0.110          0.123          0.138          0.155          0.170          0.184          0.200

          0.000          0.000          0.001          0.004          0.014          0.035          0.069          0.120          0.197          0.311
          0.477          0.706          1.010          1.440          2.003          2.781          3.701          4.954          6.443          8.420
         10.655         13.402         16.602         20.383         24.648         29.299         34.297         39.690         45.194         50.508
         55.406         59.753         62.626         64.005         64.500         65.113         66.391         67.825         68.534         68.051
         66.262         63.281         59.533         55.448         51.331         47.262         43.131         38.664         34.055         29.646
         25.577         21.786         18.217         14.900         11.932          9.364          7.169          5.337          3.880          2.773
          1.943          1.318          0.861          0.543          0.338          0.210          0.131          0.083          0.054          0.036
          0.025          0.018          0.014          0.011          0.009          0.008          0.008          0.008          0.009          0.010
          0.012          0.015          0.019          0.024          0.031          0.041          0.055          0.072          0.088          0.109

          0.000          0.000          0.001          0.005          0.016          0.040          0.081          0.140          0.228          0.357
          0.546          0.802          1.149          1.631          2.272          3.144          4.206          5.630          7.347          9.603
         12.156         15.341         19.011         23.391         28.296         33.620         39.431         45.783         52.299         58.695
         64.678         69.205         71.770         73.164         74.274         76.325         78.866         80.443         80.118         77.571
         73.540         68.784         63.764         58.538         53.250         48.004         42.579         37.109         31.860         26.957
         22.429         18.178         14.342         11.022          8.238          5.960          4.129          2.718          1.698          1.007
          0.570          0.312          0.167          0.089          0.047          0.025          0.013          0.007          0.004          0.002
          0.001          0.001          0.001          0.000          0.000          0.000          0.000          0.000          0.000          0.000
          0.000          0.000          0.000          0.001          0.002          0.004          0.008          0.015          0.025          0.043

          0.000          0.000          0.001          0.006          0.018          0.045          0.091          0.158          0.257          0.401
          0.614          0.903          1.297          1.839          2.567          3.546          4.766          6.375          8.343         10.885
         13.794         17.419         21.570         26.562         32.045         37.967         44.617         52.246         60.658         68.976
         75.328         79.240         81.703         83.943         87.679         91.387         93.741         93.142         89.560         84.188
         78.193         71.831         65.213         58.548         52.169         45.869         39.605         33.425         27.474         22.089
         17.411         13.353          9.869          6.967          4.643          2.879          1.647          0.871          0.431          0.200
          0.086          0.035          0.013          0.005          0.002          0.001          0.000          0.000          0.000          0.000
          0.000          0.000          0.000          0.000          0.000          0.000          0.000          0.000          0.000          0.000
          0.000          0.000          0.000          0.000          0.000          0.000          0.000          0.000          0.002          0.008

          0.000          0.000          0.002          0.006          0.020          0.051          0.103          0.177          0.290          0.452
          0.695          1.023          1.472          2.082          2.909          4.009          5.406          7.212          9.452         12.298
         15.601         19.678         24.367         29.947         35.980         42.820         51.743         62.786         73.672         82.728
         88.635         92.788         96.679        102.120        107.328        109.683        107.863        102.551         95.486         87.532
         79.286         71.172         63.393         55.955         48.519         41.120         33.921         27.306         21.417         16.346
         12.083          8.524          5.601          3.347          1.812          0.919          0.455          0.224          0.111          0.052
          0.022          0.008          0.002          0.000          0.000          0.000          0.000          0.000          0.000          0.000
          0.000          0.000          0.000          0.000          0.000          0.000          0.000          0.000          0.000          0.000
          0.000          0.000          0.000          0.000          0.000          0.000          0.000          0.000          0.000          0.000

          0.000          0.000          0.002          0.007          0.022          0.057          0.116          0.199          0.327          0.509
          0.783          1.149          1.650          2.327          3.251          4.475          6.050          8.061         10.592         13.760
         17.493         22.038         27.267         33.432         40.879         51.095         64.238         78.761         92.749        102.501
        108.995        114.671        121.832        128.401        129.689        125.423        117.291        107.347         96.545         86.318
         76.906         68.194         59.504         50.602         42.025         34.157         27.047         20.744         15.316         10.803
          7.163          4.341          2.379          1.211          0.624          0.361          0.231          0.152          0.095          0.055
          0.028          0.013          0.005          0.001          0.000          0.000          0.000          0.000          0.000          0.000
          0.000          0.000          0.000          0.000          0.000          0.000          0.000          0.000          0.000          0.000
          0.000          0.000          0.000          0.000          0.000          0.000          0.000          0.000          0.000          0.000

          0.000          0.000          0.002          0.008          0.025          0.063          0.128          0.219          0.359          0.557
          0.858          1.254          1.801          2.534          3.542          4.873          6.594          8.777         11.553         15.007
         19.107         24.104         30.188         38.183         48.920         63.599         82.152        101.750        118.916        129.234
        138.052        148.240        155.794        155.042        147.038        134.552        119.453        105.166         92.690         82.164
         72.367         62.263         52.378         42.999         34.441         26.830         20.161         14.448          9.738          6.074
          3.508          1.907          1.041          0.630          0.429          0.305          0.217          0.151          0.101          0.063
          0.037          0.019          0.009          0.003          0.001          0.000          0.000          0.000          0.000          0.000
          0.000          0.000          0.000          0.000          0.000          0.000          0.000          0.000          0.000          0.000
          0.000          0.000          0.000          0.000          0.000          0.000          0.000          0.000          0.000          0.000

          0.000          0.000          0.002          0.008          0.026          0.067          0.135          0.233          0.380          0.590
          0.911          1.326          1.902          2.671          3.738          5.142          6.960          9.255         12.187         15.847
         20.310         26.086         33.843         44.905         60.178         81.398        107.310        133.827        154.934        167.607
        183.748        192.001        187.671        174.424        155.077        133.078        113.702         98.180         85.403         74.649
         64.211         53.737         43.773         34.661         26.573         19.566         13.655          8.895          5.402          3.142
          1.836          1.140          0.760          0.536          0.389          0.286          0.211          0.153          0.108          0.072
          0.045          0.026          0.014          0.007          0.003          0.001          0.000          0.000          0.000          0.000
          0.000          0.000          0.000          0.000          0.000          0.000          0.000          0.000          0.000          0.000
          0.000          0.000          0.000          0.000          0.000          0.000          0.000          0.000          0.000          0.000

          0.000          0.000          0.002          0.008          0.026          0.069          0.138          0.239          0.389          0.603
          0.931          1.350          1.933          2.708          3.793          5.217          7.064          9.389         12.410         16.232
         21.080         27.858         37.998         53.575         76.920        108.957        148.442        185.735        214.678        235.700
        245.400        232.272        208.698        179.775        149.695        123.106        102.400         86.706         75.147         65.073
         54.396         44.062         34.601         26.200         18.942         12.956          8.359          5.184          3.206          2.045
          1.350          0.924          0.660          0.486          0.364          0.276          0.210          0.158          0.116          0.083
          0.056          0.036          0.021          0.011          0.006          0.002          0.001          0.000          0.000          0.000
          0.000          0.000          0.000          0.000          0.000          0.000          0.000          0.000          0.000          0.000
          0.000          0.000          0.000          0.000          0.000          0.000          0.000          0.000          0.000          0.000

          0.000          0.000          0.002          0.008          0.025          0.065          0.130          0.227          0.369          0.577
          0.893          1.301          1.872          2.638          3.715          5.131          6.962          9.263         12.285         16.109
         21.231         29.080         42.550         66.504        105.148        154.931        215.542        269.891        312.711        322.373
        299.630        254.904        208.694        167.749        133.111        106.796         87.917         74.205         64.245         54.042
         43.666         34.070         25.537         18.246         12.413          8.165          5.330          3.526          2.372          1.609
          1.109          0.793          0.590          0.449          0.346          0.269          0.210          0.163          0.124          0.093
          0.067          0.046          0.030          0.018          0.010          0.005          0.002          0.001          0.000          0.000
          0.000          0.000          0.000          0.000          0.000          0.000          0.000          0.000          0.000          0.000
          0.000          0.000          0.000          0.000          0.000          0.000          0.000          0.000          0.000          0.000

          0.000          0.000          0.002          0.006          0.020          0.055          0.112          0.202          0.331          0.524
          0.816          1.198          1.731          2.448          3.456          4.786          6.490          8.630         11.429         15.023
         20.092         28.678         45.719         83.285        138.057        210.130        305.474        383.138        416.439        391.098
        322.048        246.410        185.567        142.360        112.335         90.265         73.349         62.175         52.465         42.595
         33.123         24.682         17.611         12.154          8.270          5.639          3.878          2.680          1.852          1.289
          0.924          0.690          0.531          0.415          0.327          0.259          0.207          0.164          0.129          0.100
          0.076          0.055          0.039          0.026          0.016          0.009          0.005          0.003          0.001          0.001
          0.000          0.000          0.000          0.000          0.000          0.000          0.000          0.000          0.000          0.000
          0.000          0.000          0.000          0.000          0.000          0.000          0.000          0.000          0.000          0.000

          0.000          0.000          0.001          0.005          0.016          0.044          0.092          0.170          0.283          0.456
          0.715          1.057          1.532          2.172          3.068          4.244          5.722          7.581         10.013         13.177
         17.850         26.383         45.240         93.620        153.522        259.790        399.903        476.373        469.007        394.156
        292.342        207.094        151.560        117.729         93.294         73.712         59.468         49.804         40.621         31.790
         23.729         17.079         12.057          8.480          5.971          4.211          2.973          2.097          1.486          1.071
          0.797          0.613          0.481          0.382          0.306          0.247          0.200          0.162          0.130          0.103
          0.081          0.062          0.046          0.033          0.023          0.015          0.009          0.006          0.003          0.002
          0.001          0.000          0.000          0.000          0.000          0.000          0.000          0.000          0.000          0.000
          0.000          0.000          0.000          0.000          0.000          0.000          0.000          0.000          0.000          0.000

          0.000          0.000          0.001          0.004          0.012          0.034          0.073          0.139          0.234          0.383
          0.602          0.898          1.301          1.846          2.599          3.578          4.785          6.313          8.293         10.907
         14.842         22.316         39.744         88.101        144.189        282.826        445.331        488.995        429.718        323.622
        225.913        158.282        117.301         92.916         73.323         56.995         46.341         37.783         29.817         22.637
         16.628         12.069          8.756          6.356          4.597          3.310          2.380          1.712          1.240          0.917
          0.698          0.546          0.436          0.352          0.287          0.235          0.194          0.159          0.131          0.106
          0.086          0.068          0.053          0.040          0.029          0.021          0.014          0.009          0.006          0.004
          0.002          0.001          0.001          0.000          0.000          0.000          0.000          0.000          0.000          0.000
          0.000          0.000          0.000          0.000          0.000          0.000          0.000          0.000          0.000          0.000

          0.000          0.000          0.001          0.003          0.009          0.025          0.055          0.109          0.186          0.309
          0.487          0.730          1.053          1.493          2.088          2.857          3.787          4.974          6.481          8.476
         11.323         16.435         28.219         60.505        111.084        252.984        349.658        345.156        285.974        213.210
        153.645        112.348         87.137         69.363         54.078         42.877         34.728         27.617         21.481         16.344
         12.212          9.084          6.750          4.997          3.669          2.676          1.949          1.424          1.054          0.796
          0.617          0.491          0.398          0.327          0.271          0.226          0.189          0.158          0.132          0.109
          0.090          0.074          0.060          0.047          0.036          0.027          0.020          0.014          0.010          0.006
          0.004          0.002          0.001          0.001          0.000          0.000          0.000          0.000          0.000          0.000
          0.000          0.000          0.000          0.000          0.000          0.000          0.000          0.000          0.000          0.000

          0.000          0.000          0.000          0.002          0.006          0.017          0.039          0.079          0.138          0.232
          0.367          0.553          0.796          1.129          1.568          2.138          2.815          3.700          4.804          6.308
          8.307         11.519         17.478         30.915         70.549        113.672        150.814        167.009        159.964        133.167
        101.568         77.831         62.045         49.427         39.698         32.138         25.824         20.508         16.132         12.480
          9.481          7.166          5.401          4.048          3.004          2.211          1.628          1.205          0.908          0.699
          0.550          0.444          0.364          0.303          0.254          0.215          0.182          0.155          0.131          0.111
          0.093          0.078          0.065          0.052          0.042          0.032          0.025          0.018          0.013          0.009
          0.006          0.004          0.002          0.001          0.001          0.000          0.000          0.000          0.000          0.000
          0.000          0.000          0.000          0.000          0.000          0.000          0.000          0.000          0.000          0.000

          0.000          0.000          0.000          0.001          0.004          0.010          0.025          0.053          0.095          0.161
          0.258          0.391          0.566          0.807          1.119          1.533          2.030          2.697          3.540          4.728
          6.225          8.637         11.998         19.204         35.106         65.780         96.961        111.198        106.124         87.221
         68.866         55.554         44.907         36.591         30.125         24.560         19.708         15.712         12.425          9.656
          7.369          5.603          4.255          3.219          2.415          1.798          1.343          1.014          0.779          0.609
          0.485          0.394          0.326          0.273          0.231          0.197          0.169          0.145          0.124          0.106
          0.091          0.077          0.065          0.054          0.044          0.035          0.027          0.021          0.015          0.011
          0.008          0.005          0.003          0.002          0.001          0.000          0.000          0.000          0.000          0.000
          0.000          0.000          0.000          0.000          0.000          0.000          0.000          0.000          0.000          0.000

          0.000          0.000          0.000          0.001          0.002          0.006          0.015          0.033          0.062          0.107
          0.174          0.267          0.391          0.563          0.783          1.084          1.442          1.931          2.574          3.417
          4.640          6.279          8.755         12.796         19.805         32.067         44.658         52.937         54.798         51.327
         44.983         38.429         32.622         27.625         23.104         18.741         14.969         11.925          9.446          7.367
          5.657          4.342          3.335          2.552          1.936          1.459          1.107          0.851          0.664          0.526
          0.422          0.345          0.287          0.242          0.206          0.177          0.153          0.132          0.114          0.098
          0.085          0.073          0.062          0.052          0.043          0.035          0.028          0.022          0.017          0.012
          0.009          0.006          0.004          0.002          0.001          0.000          0.000          0.000          0.000          0.000
          0.000          0.000          0.000          0.000          0.000          0.000          0.000          0.000          0.000          0.000

          0.000          0.000          0.000          0.000          0.001          0.003          0.008          0.019          0.038          0.067
          0.114          0.174          0.262          0.375          0.526          0.731          0.965          1.318          1.723          2.387
          3.212          4.510          6.406          9.241         13.320         18.778         24.625         29.476         32.221         32.491
         30.558         27.606         24.348         21.026         17.634         14.312         11.491          9.220          7.355          5.776
          4.468          3.455          2.675          2.064          1.577          1.197          0.917          0.713          0.563          0.450
          0.365          0.300          0.251          0.212          0.182          0.157          0.136          0.118          0.103          0.089
          0.078          0.067          0.058          0.049          0.041          0.034          0.027          0.022          0.017          0.012
          0.009          0.006          0.004          0.002          0.001          0.000          0.000          0.000          0.000          0.000
          0.000          0.000          0.000          0.000          0.000          0.000          0.000          0.000          0.000          0.000

          0.000          0.000          0.000          0.000          0.001          0.002          0.005          0.011          0.023          0.040
          0.071          0.109          0.170          0.239          0.349          0.469          0.650          0.854          1.175          1.603
          2.241          3.244          4.752          6.815          9.605         12.791         16.192         19.219         21.375         22.204
         21.600         20.099         18.111         15.839         13.374         10.930          8.829          7.111          5.687          4.477
          3.474          2.698          2.101          1.631          1.257          0.966          0.749          0.590          0.471          0.381
          0.311          0.257          0.216          0.184          0.158          0.137          0.120          0.104          0.091          0.080
          0.070          0.061          0.052          0.044          0.037          0.031          0.025          0.020          0.015          0.011
          0.008          0.005          0.003          0.002          0.001          0.000          0.000          0.000          0.000          0.000
          0.000          0.000          0.000          0.000          0.000          0.000          0.000          0.000          0.000          0.000

          0.000          0.000          0.000          0.000          0.000          0.001          0.002          0.006          0.012          0.024
          0.041          0.069          0.103          0.155          0.217          0.307          0.409          0.558          0.756          1.044
          1.499          2.220          3.315          4.809          6.785          8.957         11.190         13.227         14.796         15.588
         15.441         14.615         13.357         11.807         10.063          8.299          6.758          5.476          4.401          3.483
          2.717          2.119          1.656          1.291          1.000          0.773          0.604          0.479          0.386          0.314
          0.257          0.214          0.180          0.153          0.132          0.115          0.100          0.088          0.077          0.067
          0.059          0.051          0.044          0.037          0.031          0.025          0.020          0.016          0.012          0.008
          0.006          0.004          0.002          0.001          0.000          0.000          0.000          0.000          0.000          0.000
          0.000          0.000          0.000          0.000          0.000          0.000          0.000          0.000          0.000          0.000

          0.000          0.000          0.000          0.000          0.000          0.000          0.001          0.003          0.007          0.013
          0.025          0.040          0.065          0.094          0.138          0.190          0.262          0.353          0.484          0.678
          0.988          1.487          2.246          3.280          4.633          6.150          7.693          9.095         10.195         10.808
         10.804         10.315          9.498          8.460          7.280          6.067          4.976          4.047          3.258          2.583
          2.019          1.578          1.235          0.966          0.752          0.585          0.460          0.368          0.297          0.243
          0.200          0.166          0.140          0.119          0.102          0.089          0.077          0.067          0.059          0.051
          0.045          0.039          0.033          0.027          0.023          0.018          0.015          0.011          0.008          0.005
          0.004          0.002          0.001          0.000          0.000          0.000          0.000          0.000          0.000          0.000
          0.000          0.000          0.000          0.000          0.000          0.000          0.000          0.000          0.000          0.000

          0.000          0.000          0.000          0.000          0.000          0.000          0.001          0.001          0.003          0.007
          0.013          0.023          0.037          0.056          0.082          0.116          0.160          0.217          0.299          0.423
          0.624          0.950          1.446          2.126          3.013          4.024          5.050          5.979          6.716          7.155
          7.208          6.935          6.434          5.784          5.032          4.235          3.500          2.862          2.315          1.845
          1.451          1.140          0.898          0.706          0.554          0.434          0.344          0.277          0.225          0.185
          0.153          0.127          0.107          0.090          0.077          0.067          0.058          0.050          0.043          0.037
          0.032          0.027          0.023          0.019          0.016          0.012          0.010          0.007          0.005          0.003
          0.002          0.001          0.000          0.000          0.000          0.000          0.000          0.000          0.000          0.000
          0.000          0.000          0.000          0.000          0.000          0.000          0.000          0.000          0.000          0.000

          0.000          0.000          0.000          0.000          0.000          0.000          0.000          0.001          0.002          0.003
          0.007          0.012          0.021          0.032          0.047          0.067          0.094          0.128          0.178          0.253
          0.376          0.577          0.883          1.305          1.864          2.512          3.169          3.765          4.242          4.545
          4.614          4.476          4.191          3.805          3.346          2.845          2.370          1.952          1.588          1.273
          1.007          0.796          0.630          0.498          0.393          0.309          0.246          0.199          0.162          0.133
          0.110          0.091          0.076          0.064          0.055          0.047          0.040          0.034          0.029          0.025
          0.021          0.018          0.015          0.012          0.010          0.007          0.006          0.004          0.003          0.002
          0.001          0.000          0.000          0.000          0.000          0.000          0.000          0.000          0.000          0.000
          0.000          0.000          0.000          0.000          0.000          0.000          0.000          0.000          0.000          0.000

          0.000          0.000          0.000          0.000          0.000          0.000          0.000          0.000          0.001          0.001
          0.003          0.006          0.011          0.017          0.026          0.038          0.053          0.073          0.102          0.146
          0.217          0.331          0.510          0.759          1.094          1.490          1.894          2.261          2.557          2.756
          2.822          2.762          2.611          2.394          2.127          1.825          1.533          1.270          1.039          0.838
          0.667          0.529          0.421          0.334          0.264          0.209          0.166          0.134          0.109          0.090
          0.074          0.061          0.051          0.042          0.036          0.030          0.025          0.021          0.018          0.015
          0.013          0.010          0.008          0.006          0.005          0.004          0.003          0.002          0.001          0.001
          0.000          0.000          0.000          0.000          0.000          0.000          0.000          0.000          0.000          0.000
          0.000          0.000          0.000          0.000          0.000          0.000          0.000          0.000          0.000          0.000

          0.000          0.000          0.000          0.000          0.000          0.000          0.000          0.000          0.000          0.001
          0.001          0.003          0.005          0.009          0.014          0.021          0.030          0.041          0.058          0.083
          0.121          0.180          0.274          0.407          0.590          0.814          1.044          1.258          1.434          1.563
          1.620          1.602          1.527          1.409          1.259          1.086          0.914          0.757          0.618          0.497
          0.395          0.313          0.248          0.196          0.154          0.121          0.096          0.076          0.062          0.050
          0.041          0.033          0.027          0.022          0.018          0.015          0.012          0.010          0.008          0.007
          0.005          0.004          0.003          0.002          0.002          0.001          0.001          0.000          0.000          0.000
          0.000          0.000          0.000          0.000          0.000          0.000          0.000          0.000          0.000          0.000
          0.000          0.000          0.000          0.000          0.000          0.000          0.000          0.000          0.000          0.000

          0.000          0.000          0.000          0.000          0.000          0.000          0.000          0.000          0.000          0.000
          0.001          0.001          0.002          0.004          0.007          0.011          0.016          0.023          0.032          0.045
          0.064          0.091          0.131          0.189          0.271          0.378          0.490          0.598          0.690          0.766
          0.809          0.810          0.777          0.720          0.646          0.560          0.471          0.388          0.314          0.251
          0.198          0.155          0.122          0.095          0.073          0.056          0.044          0.034          0.027          0.021
          0.017          0.013          0.011          0.008          0.007          0.005          0.004          0.003          0.003          0.002
          0.002          0.001          0.001          0.001          0.000          0.000          0.000          0.000          0.000          0.000
          0.000          0.000          0.000          0.000          0.000          0.000          0.000          0.000          0.000          0.000
          0.000          0.000          0.000          0.000          0.000          0.000          0.000          0.000          0.000          0.000

          0.000          0.000          0.000          0.000          0.000          0.000          0.000          0.000          0.000          0.000
          0.000          0.000          0.001          0.002          0.003          0.005          0.008          0.011          0.016          0.023
          0.031          0.042          0.057          0.076          0.101          0.136          0.175          0.217          0.255          0.291
          0.317          0.325          0.317          0.296          0.268          0.234          0.197          0.161          0.130          0.103
          0.081          0.063          0.049          0.037          0.028          0.021          0.016          0.012          0.009          0.007
          0.006          0.004          0.003          0.003          0.002          0.002          0.001          0.001          0.001          0.001
          0.000          0.000          0.000          0.000          0.000          0.000          0.000          0.000          0.000          0.000
          0.000          0.000          0.000          0.000          0.000          0.000          0.000          0.000          0.000          0.000
          0.000          0.000          0.000          0.000          0.000          0.000          0.000          0.000          0.000          0.000

          0.000          0.000          0.000          0.000          0.000          0.000          0.000          0.000          0.000          0.000
          0.000          0.000          0.000          0.000          0.001          0.002          0.003          0.005          0.007          0.010
          0.014          0.018          0.024          0.030          0.036          0.043          0.049          0.056          0.063          0.071
          0.078          0.082          0.083          0.080          0.074          0.066          0.056          0.047          0.038          0.030
          0.023          0.018          0.014          0.010          0.008          0.006          0.004          0.003          0.002          0.002
          0.001          0.001          0.001          0.001          0.000          0.000          0.000          0.000          0.000          0.000
          0.000          0.000          0.000          0.000          0.000          0.000          0.000          0.000          0.000          0.000
          0.000          0.000          0.000          0.000          0.000          0.000          0.000          0.000          0.000          0.000
          0.000          0.000          0.000          0.000          0.000          0.000          0.000          0.000          0.000          0.000

          0.000          0.000          0.000          0.000          0.000          0.000          0.000          0.000          0.000          0.000
          0.000          0.000          0.000          0.000          0.000          0.000          0.001          0.002          0.003          0.004
          0.005          0.007          0.009          0.010          0.012          0.013          0.013          0.013          0.013          0.013
          0.012          0.011          0.010          0.010          0.009          0.008          0.007          0.006          0.005          0.004
          0.003          0.003          0.002          0.001          0.001          0.001          0.001          0.000          0.000          0.000
          0.000          0.000          0.000          0.000          0.000          0.000          0.000          0.000          0.000          0.000
          0.000          0.000          0.000          0.000          0.000          0.000          0.000          0.000          0.000          0.000
          0.000          0.000          0.000          0.000          0.000          0.000          0.000          0.000          0.000          0.000
          0.000          0.000          0.000          0.000          0.000          0.000          0.000          0.000          0.000          0.000

          0.000          0.000          0.000          0.000          0.000          0.000          0.000          0.000          0.000          0.000
          0.000          0.000          0.000          0.000          0.000          0.000          0.000          0.000          0.001          0.001
          0.002          0.002          0.003          0.003          0.003          0.003          0.003          0.003          0.002          0.002
          0.002          0.001          0.001          0.001          0.001          0.000          0.000          0.000          0.000          0.000
          0.000          0.000          0.000          0.000          0.000          0.000          0.000          0.000          0.000          0.000
          0.000          0.000          0.000          0.000          0.000          0.000          0.000          0.000          0.000          0.000
          0.000          0.000          0.000          0.000          0.000          0.000          0.000          0.000          0.000          0.000
          0.000          0.000          0.000          0.000          0.000          0.000          0.000          0.000          0.000          0.000
          0.000          0.000          0.000          0.000          0.000          0.000          0.000          0.000          0.000          0.000

          0.000          0.000          0.000          0.000          0.000          0.000          0.000          0.000          0.000          0.000
          0.000          0.000          0.000          0.000          0.000          0.000          0.000          0.000          0.000          0.000
          0.000          0.000          0.000          0.001          0.001          0.000          0.000          0.000          0.000          0.000
          0.000          0.000          0.000          0.000          0.000          0.000          0.000          0.000          0.000          0.000
          0.000          0.000          0.000          0.000          0.000          0.000          0.000          0.000          0.000          0.000
          0.000          0.000          0.000          0.000          0.000          0.000          0.000          0.000          0.000          0.000
          0.000          0.000          0.000          0.000          0.000          0.000          0.000          0.000          0.000          0.000
          0.000          0.000          0.000          0.000          0.000          0.000          0.000          0.000          0.000          0.000
          0.000          0.000          0.000          0.000          0.000          0.000          0.000          0.000          0.000          0.000

          0.000          0.000          0.000          0.000          0.000          0.000          0.000          0.000          0.000          0.000
          0.000          0.000          0.000          0.000          0.000          0.000          0.000          0.000          0.000          0.000
          0.000          0.000          0.000          0.000          0.000          0.000          0.000          0.000          0.000          0.000
          0.000          0.000          0.000          0.000          0.000          0.000          0.000          0.000          0.000          0.000
          0.000          0.000          0.000          0.000          0.000          0.000          0.000          0.000          0.000          0.000
          0.000          0.000          0.000          0.000          0.000          0.000          0.000          0.000          0.000          0.000
          0.000          0.000          0.000          0.000          0.000          0.000          0.000          0.000          0.000          0.000
          0.000          0.000          0.000          0.000          0.000          0.000          0.000          0.000          0.000          0.000
          0.000          0.000          0.000          0.000          0.000          0.000          0.000          0.000          0.000          0.000

          0.000          0.000          0.000          0.000          0.000          0.000          0.000          0.000          0.000          0.000
          0.000          0.000          0.000          0.000          0.000          0.000          0.000          0.000          0.000          0.000
          0.000          0.000          0.000          0.000          0.000          0.000          0.000          0.000          0.000          0.000
          0.000          0.000          0.000          0.000          0.000          0.000          0.000          0.000          0.000          0.000
          0.000          0.000          0.000          0.000          0.000          0.000          0.000          0.000          0.000          0.000
          0.000          0.000          0.000          0.000          0.000          0.000          0.000          0.000          0.000          0.000
          0.000          0.000          0.000          0.000          0.000          0.000          0.000          0.000          0.000          0.000
          0.000          0.000          0.000          0.000          0.000          0.000          0.000          0.000          0.000          0.000
          0.000          0.000          0.000          0.000          0.000          0.000          0.000          0.000          0.000          0.000

          0.000          0.000          0.000          0.000          0.000          0.000          0.000          0.000          0.000          0.000
          0.000          0.000          0.000          0.000          0.000          0.000          0.000          0.000          0.000          0.000
          0.000          0.000          0.000          0.000          0.000          0.000          0.000          0.000          0.000          0.000
          0.000          0.000          0.000          0.000          0.000          0.000          0.000          0.000          0.000          0.000
          0.000          0.000          0.000          0.000          0.000          0.000          0.000          0.000          0.000          0.000
          0.000          0.000          0.000          0.000          0.000          0.000          0.000          0.000          0.000          0.000
          0.000          0.000          0.000          0.000          0.000          0.000          0.000          0.000          0.000          0.000
          0.000          0.000          0.000          0.000          0.000          0.000          0.000          0.000          0.000          0.000
          0.000          0.000          0.000          0.000          0.000          0.000          0.000          0.000          0.000          0.000

