NCOLS    90
NROWS    50
XLLCORNER         225.000
YLLCORNER          32.500
CELLSIZE           0.500          0.500
NODATA_VALUE  0.000
          0.000          0.000          0.000          0.000          0.000          0.000          0.000          0.000          0.000          0.000
          0.000          0.000          0.001          0.003          0.008          0.017          0.028          0.042          0.057          0.074
          0.094          0.117          0.143          0.170          0.195          0.222          0.253          0.288          0.325          0.362
          0.398          0.438          0.483          0.529          0.574          0.617          0.670          0.740          0.827          0.926
          1.025          1.127          1.236          1.345          1.444          1.525          1.599          1.669          1.731          1.772
          1.785          1.784          1.770          1.732          1.667          1.584          1.499          1.410          1.314          1.211
          1.109          1.018          0.933          0.849          0.764          0.682          0.609          0.539          0.467          0.393
          0.324          0.263          0.210          0.165          0.127          0.096          0.072          0.054          0.039          0.029
          0.021          0.015          0.011          0.008          0.005          0.004          0.003          0.002          0.001          0.001

          0.000          0.000          0.000          0.000          0.000          0.000          0.000          0.000          0.000          0.000
          0.000          0.000          0.001          0.003          0.010          0.020          0.036          0.055          0.076          0.097
          0.122          0.151          0.185          0.221          0.256          0.290          0.329          0.373          0.421          0.470
          0.518          0.569          0.625          0.682          0.741          0.803          0.878          0.976          1.096          1.233
          1.369          1.506          1.645          1.782          1.907          2.012          2.106          2.197          2.277          2.328
          2.340          2.332          2.301          2.239          2.140          2.021          1.902          1.782          1.656          1.524
          1.395          1.284          1.183          1.084          0.986          0.892          0.813          0.742          0.675          0.607
          0.542          0.484          0.430          0.377          0.326          0.277          0.233          0.195          0.161          0.130
          0.104          0.082          0.064          0.049          0.036          0.027          0.020          0.014          0.010          0.008

          0.000          0.000          0.000          0.000          0.000          0.000          0.000          0.000          0.000          0.000
          0.000          0.000          0.001          0.004          0.013          0.028          0.049          0.075          0.104          0.134
          0.165          0.204          0.248          0.297          0.346          0.392          0.443          0.500          0.564          0.632
          0.698          0.767          0.839          0.915          0.999          1.096          1.213          1.358          1.532          1.723
          1.913          2.097          2.278          2.455          2.620          2.762          2.892          3.015          3.115          3.166
          3.162          3.123          3.050          2.929          2.764          2.576          2.396          2.223          2.048          1.871
          1.701          1.557          1.430          1.308          1.188          1.075          0.980          0.897          0.819          0.742
          0.669          0.606          0.550          0.497          0.445          0.396          0.351          0.310          0.272          0.236
          0.202          0.172          0.144          0.120          0.099          0.080          0.065          0.051          0.039          0.032

          0.000          0.000          0.000          0.000          0.000          0.000          0.000          0.000          0.000          0.000
          0.000          0.000          0.001          0.007          0.019          0.039          0.066          0.100          0.140          0.181
          0.223          0.272          0.331          0.395          0.462          0.525          0.591          0.664          0.748          0.840
          0.932          1.023          1.116          1.217          1.339          1.486          1.661          1.869          2.106          2.362
          2.612          2.849          3.078          3.302          3.514          3.703          3.872          4.020          4.124          4.154
          4.108          4.007          3.852          3.640          3.383          3.111          2.861          2.629          2.404          2.181
          1.971          1.795          1.643          1.500          1.360          1.230          1.122          1.029          0.941          0.856
          0.775          0.704          0.642          0.584          0.528          0.474          0.426          0.383          0.342          0.305
          0.270          0.237          0.208          0.180          0.156          0.133          0.113          0.094          0.077          0.068

          0.000          0.000          0.000          0.000          0.000          0.000          0.000          0.000          0.000          0.000
          0.000          0.001          0.004          0.012          0.030          0.055          0.090          0.134          0.187          0.244
          0.299          0.363          0.438          0.523          0.613          0.698          0.784          0.878          0.988          1.112
          1.236          1.356          1.478          1.616          1.793          2.010          2.262          2.548          2.863          3.191
          3.506          3.803          4.090          4.370          4.635          4.874          5.077          5.233          5.314          5.287
          5.152          4.936          4.657          4.328          3.964          3.599          3.273          2.980          2.703          2.435
          2.188          1.983          1.808          1.647          1.492          1.349          1.231          1.130          1.037          0.947
          0.861          0.787          0.721          0.660          0.601          0.544          0.492          0.445          0.402          0.362
          0.324          0.289          0.257          0.227          0.200          0.175          0.153          0.131          0.112          0.101

          0.000          0.000          0.000          0.000          0.000          0.000          0.000          0.000          0.000          0.000
          0.001          0.003          0.008          0.021          0.045          0.079          0.122          0.178          0.247          0.324
          0.399          0.482          0.577          0.688          0.808          0.923          1.038          1.160          1.306          1.470
          1.636          1.794          1.958          2.154          2.409          2.721          3.073          3.459          3.865          4.270
          4.659          5.026          5.384          5.728          6.053          6.336          6.557          6.690          6.702          6.568
          6.283          5.902          5.471          5.012          4.536          4.074          3.670          3.313          2.985          2.673
          2.390          2.156          1.959          1.782          1.614          1.460          1.332          1.225          1.127          1.034
          0.944          0.867          0.799          0.736          0.676          0.617          0.564          0.515          0.471          0.428
          0.388          0.349          0.313          0.280          0.250          0.222          0.195          0.171          0.148          0.135

          0.000          0.000          0.000          0.000          0.000          0.000          0.000          0.000          0.000          0.001
          0.004          0.008          0.017          0.035          0.067          0.112          0.166          0.237          0.326          0.429
          0.529          0.637          0.758          0.902          1.061          1.215          1.366          1.527          1.723          1.939
          2.157          2.366          2.596          2.878          3.243          3.677          4.155          4.660          5.167          5.654
          6.126          6.583          7.024          7.442          7.822          8.132          8.340          8.400          8.288          7.981
          7.485          6.909          6.320          5.730          5.143          4.588          4.105          3.686          3.307          2.954
          2.637          2.375          2.156          1.963          1.784          1.623          1.495          1.395          1.309          1.229
          1.151          1.082          1.020          0.959          0.898          0.834          0.772          0.712          0.654          0.599
          0.545          0.493          0.443          0.396          0.353          0.313          0.276          0.242          0.209          0.190

          0.000          0.000          0.000          0.000          0.000          0.000          0.000          0.001          0.002          0.004
          0.009          0.017          0.030          0.057          0.099          0.159          0.228          0.318          0.432          0.565
          0.697          0.838          0.993          1.178          1.385          1.589          1.786          2.003          2.263          2.544
          2.826          3.110          3.439          3.846          4.354          4.939          5.567          6.207          6.815          7.389
          7.959          8.518          9.051          9.539          9.955         10.256         10.389         10.299          9.986          9.411
          8.662          7.896          7.152          6.435          5.742          5.100          4.547          4.073          3.653          3.273
          2.942          2.688          2.502          2.360          2.239          2.130          2.035          1.948          1.861          1.768
          1.670          1.574          1.481          1.389          1.297          1.204          1.113          1.026          0.941          0.861
          0.785          0.711          0.641          0.574          0.513          0.457          0.404          0.355          0.308          0.279

          0.000          0.000          0.000          0.000          0.000          0.000          0.001          0.002          0.005          0.010
          0.018          0.031          0.051          0.088          0.145          0.223          0.310          0.425          0.569          0.738
          0.912          1.095          1.293          1.532          1.798          2.063          2.324          2.619          2.962          3.324
          3.691          4.087          4.562          5.142          5.828          6.592          7.390          8.167          8.870          9.543
         10.225         10.892         11.516         12.053         12.460         12.674         12.619         12.281         11.648         10.748
          9.763          8.811          7.916          7.080          6.300          5.598          5.017          4.562          4.216          3.948
          3.732          3.555          3.402          3.256          3.109          2.957          2.810          2.668          2.524          2.378
          2.228          2.083          1.945          1.811          1.681          1.555          1.434          1.320          1.211          1.109
          1.014          0.924          0.838          0.757          0.682          0.613          0.548          0.487          0.429          0.390

          0.000          0.000          0.000          0.000          0.000          0.001          0.003          0.005          0.011          0.018
          0.031          0.049          0.080          0.131          0.204          0.306          0.414          0.562          0.742          0.954
          1.181          1.416          1.670          1.981          2.322          2.666          3.016          3.417          3.869          4.333
          4.825          5.392          6.075          6.880          7.784          8.755          9.736         10.640         11.448         12.248
         13.053         13.835         14.538         15.077         15.381         15.357         14.973         14.257         13.205         12.001
         10.794          9.671          8.665          7.796          7.080          6.531          6.122          5.781          5.476          5.188
          4.912          4.656          4.413          4.174          3.934          3.690          3.455          3.232          3.019          2.813
          2.611          2.420          2.241          2.072          1.914          1.764          1.623          1.492          1.369          1.255
          1.151          1.053          0.961          0.874          0.794          0.721          0.653          0.587          0.524          0.483

          0.000          0.000          0.000          0.000          0.001          0.003          0.006          0.010          0.018          0.029
          0.048          0.075          0.119          0.185          0.280          0.409          0.544          0.733          0.956          1.224
          1.520          1.820          2.153          2.558          2.995          3.448          3.925          4.472          5.065          5.671
          6.356          7.173          8.139          9.229         10.391         11.589         12.750         13.774         14.739         15.695
         16.643         17.536         18.259         18.689         18.700         18.248         17.423         16.193         14.766         13.344
         12.055         11.000         10.181          9.496          8.874          8.307          7.801          7.333          6.886          6.444
          6.008          5.596          5.212          4.853          4.511          4.181          3.869          3.578          3.305          3.047
          2.801          2.572          2.362          2.167          1.987          1.822          1.672          1.533          1.406          1.290
          1.186          1.090          1.001          0.917          0.839          0.768          0.702          0.639          0.577          0.538

          0.000          0.000          0.000          0.001          0.002          0.005          0.010          0.016          0.028          0.043
          0.072          0.108          0.169          0.252          0.374          0.535          0.707          0.949          1.223          1.566
          1.949          2.332          2.774          3.303          3.868          4.472          5.128          5.868          6.644          7.459
          8.432          9.592         10.920         12.346         13.794         15.220         16.542         17.749         18.918         20.047
         21.116         22.045         22.663         22.780         22.288         21.355         19.989         18.443         16.995         15.770
         14.664         13.653         12.726         11.866         11.045         10.263          9.518          8.803          8.119          7.468
          6.857          6.297          5.781          5.302          4.851          4.420          4.014          3.638          3.294          2.978
          2.688          2.429          2.199          1.995          1.814          1.655          1.515          1.391          1.279          1.178
          1.091          1.013          0.940          0.871          0.807          0.748          0.694          0.641          0.586          0.555

          0.000          0.000          0.000          0.001          0.003          0.007          0.014          0.023          0.040          0.061
          0.101          0.148          0.230          0.333          0.490          0.688          0.906          1.213          1.548          1.986
          2.474          2.960          3.552          4.238          4.969          5.786          6.681          7.667          8.684          9.815
         11.189         12.793         14.552         16.356         18.094         19.738         21.240         22.702         24.075         25.328
         26.439         27.292         27.625         27.230         26.347         25.015         23.612         22.174         20.727         19.294
         17.932         16.625         15.361         14.148         12.996         11.907         10.871          9.884          8.955          8.093
          7.304          6.571          5.886          5.254          4.674          4.144          3.668          3.246          2.874          2.549
          2.265          2.019          1.808          1.625          1.467          1.331          1.217          1.118          1.031          0.955
          0.891          0.837          0.787          0.739          0.695          0.655          0.619          0.583          0.544          0.524

          0.000          0.000          0.000          0.001          0.004          0.010          0.019          0.031          0.054          0.082
          0.135          0.196          0.303          0.427          0.627          0.866          1.143          1.520          1.928          2.484
          3.088          3.710          4.497          5.373          6.330          7.437          8.643          9.942         11.301         12.897
         14.812         16.965         19.228         21.431         23.452         25.281         27.041         28.736         30.272         31.612
         32.726         33.437         33.382         32.895         31.806         30.240         28.508         26.667         24.747         22.812
         20.950         19.179         17.480         15.859         14.334         12.897         11.533         10.233          9.012          7.901
          6.912          6.022          5.226          4.529          3.927          3.405          2.949          2.550          2.204          1.905
          1.650          1.436          1.258          1.110          0.988          0.889          0.813          0.750          0.698          0.653
          0.618          0.592          0.568          0.545          0.523          0.505          0.488          0.472          0.452          0.443

          0.000          0.000          0.000          0.002          0.005          0.012          0.024          0.041          0.070          0.108
          0.175          0.253          0.386          0.535          0.783          1.060          1.412          1.863          2.360          3.053
          3.779          4.586          5.609          6.717          7.991          9.487         11.089         12.797         14.679         16.952
         19.571         22.388         25.207         27.798         30.021         32.060         34.126         36.097         37.888         39.463
         40.717         41.371         41.340         40.255         38.240         35.961         33.475         30.825         28.139         25.538
         23.110         20.829         18.608         16.477         14.460         12.598         10.872          9.289          7.886          6.690
          5.674          4.794          4.024          3.358          2.788          2.301          1.892          1.556          1.287          1.071
          0.900          0.765          0.660          0.577          0.512          0.462          0.427          0.401          0.381          0.365
          0.355          0.352          0.351          0.349          0.347          0.348          0.349          0.348          0.343          0.342

          0.000          0.000          0.001          0.002          0.006          0.016          0.031          0.055          0.089          0.141
          0.221          0.320          0.479          0.657          0.954          1.269          1.708          2.229          2.843          3.694
          4.560          5.625          6.921          8.330         10.052         12.046         14.143         16.437         19.131         22.338
         25.839         29.416         32.745         35.579         37.999         40.480         43.051         45.634         48.073         50.264
         51.535         51.692         50.364         47.742         44.508         41.021         37.416         33.787         30.264         26.898
         23.736         20.715         17.846         15.202         12.841         10.767          8.929          7.310          5.923          4.765
          3.798          2.992          2.338          1.816          1.404          1.078          0.823          0.628          0.482          0.374
          0.296          0.241          0.202          0.174          0.154          0.141          0.135          0.133          0.133          0.134
          0.139          0.149          0.160          0.172          0.183          0.196          0.210          0.223          0.232          0.243

          0.000          0.000          0.001          0.003          0.008          0.022          0.039          0.072          0.111          0.180
          0.271          0.396          0.576          0.788          1.131          1.490          2.027          2.618          3.388          4.409
          5.459          6.860          8.462         10.286         12.604         15.192         17.921         21.100         24.966         29.343
         33.854         38.103         41.711         44.797         47.868         51.249         54.935         58.777         62.172         64.020
         64.060         62.221         58.674         54.207         49.345         44.456         39.641         34.850         30.186         25.846
         21.957         18.467         15.319         12.482          9.974          7.817          5.994          4.523          3.371          2.485
          1.806          1.282          0.888          0.602          0.406          0.276          0.189          0.131          0.093          0.069
          0.052          0.042          0.035          0.030          0.027          0.025          0.025          0.025          0.026          0.028
          0.031          0.036          0.044          0.053          0.064          0.078          0.095          0.112          0.128          0.148

          0.000          0.000          0.001          0.003          0.010          0.027          0.047          0.088          0.133          0.218
          0.315          0.471          0.662          0.918          1.298          1.713          2.350          3.019          3.982          5.164
          6.457          8.251         10.191         12.584         15.613         18.866         22.451         26.922         32.267         37.942
         43.348         47.947         51.836         55.898         60.480         65.651         71.245         76.085         78.682         78.511
         75.662         70.789         64.772         58.262         51.597         45.016         38.626         32.615         27.200         22.462
         18.294         14.523         11.131          8.282          6.014          4.277          2.963          1.984          1.281          0.804
          0.495          0.300          0.180          0.107          0.064          0.038          0.023          0.014          0.009          0.006
          0.004          0.003          0.002          0.002          0.001          0.001          0.001          0.001          0.001          0.001
          0.002          0.003          0.005          0.007          0.010          0.016          0.024          0.036          0.049          0.071

          0.000          0.000          0.001          0.004          0.011          0.031          0.055          0.103          0.153          0.252
          0.356          0.541          0.738          1.051          1.451          1.942          2.667          3.424          4.597          5.916
          7.537          9.730         12.061         15.204         18.997         23.005         27.841         34.014         40.979         47.838
         53.735         58.597         63.925         70.341         77.699         85.326         91.901         95.236         94.811         90.580
         83.733         75.791         67.069         58.002         49.231         41.224         34.075         27.643         21.861         16.763
         12.525          9.051          6.248          4.083          2.539          1.523          0.884          0.500          0.279          0.154
          0.083          0.044          0.022          0.011          0.005          0.002          0.001          0.001          0.000          0.000
          0.000          0.000          0.000          0.000          0.000          0.000          0.000          0.000          0.000          0.000
          0.000          0.000          0.000          0.000          0.000          0.000          0.001          0.004          0.008          0.021

          0.000          0.000          0.001          0.004          0.013          0.035          0.062          0.116          0.171          0.282
          0.396          0.606          0.816          1.186          1.591          2.186          2.962          3.836          5.210          6.667
          8.702         11.240         14.100         18.149         22.697         27.741         34.338         42.449         50.901         58.499
         64.662         71.435         80.290         90.854        101.321        109.985        113.934        112.814        106.768         97.518
         86.624         74.868         63.147         52.340         42.717         34.195         26.512         19.952         14.533         10.176
          6.757          4.152          2.342          1.247          0.660          0.359          0.201          0.117          0.070          0.042
          0.025          0.014          0.008          0.004          0.002          0.001          0.000          0.000          0.000          0.000
          0.000          0.000          0.000          0.000          0.000          0.000          0.000          0.000          0.000          0.000
          0.000          0.000          0.000          0.000          0.000          0.000          0.000          0.000          0.000          0.002

          0.000          0.000          0.001          0.005          0.014          0.039          0.069          0.130          0.192          0.314
          0.441          0.672          0.899          1.308          1.727          2.431          3.218          4.283          5.799          7.440
          9.958         12.794         16.386         21.377         26.750         33.330         42.114         52.092         61.634         69.536
         77.938         89.793        104.665        119.643        131.266        135.667        132.932        124.453        111.676         96.739
         81.538         67.338         54.375         42.668         32.601         24.332         17.566         12.086          7.760          4.579
          2.487          1.267          0.639          0.349          0.216          0.147          0.105          0.076          0.054          0.038
          0.025          0.016          0.010          0.006          0.003          0.001          0.001          0.000          0.000          0.000
          0.000          0.000          0.000          0.000          0.000          0.000          0.000          0.000          0.000          0.000
          0.000          0.000          0.000          0.000          0.000          0.000          0.000          0.000          0.000          0.000

          0.000          0.000          0.001          0.005          0.016          0.043          0.078          0.143          0.213          0.342
          0.482          0.727          0.969          1.406          1.845          2.629          3.425          4.697          6.273          8.197
         11.149         14.295         18.856         24.751         31.117         39.765         50.807         62.263         72.245         82.232
         97.703        118.651        140.125        156.134        161.079        155.676        143.532        125.680        106.421         87.934
         70.926         55.135         41.799         30.940         22.219         15.259          9.806          5.788          3.163          1.641
          0.850          0.482          0.316          0.225          0.166          0.126          0.096          0.073          0.054          0.039
          0.028          0.019          0.012          0.008          0.004          0.002          0.001          0.001          0.000          0.000
          0.000          0.000          0.000          0.000          0.000          0.000          0.000          0.000          0.000          0.000
          0.000          0.000          0.000          0.000          0.000          0.000          0.000          0.000          0.000          0.000

          0.000          0.000          0.001          0.006          0.017          0.045          0.084          0.149          0.225          0.355
          0.507          0.750          1.005          1.444          1.899          2.718          3.527          4.971          6.508          8.856
         11.970         15.519         21.199         27.623         35.350         46.439         59.323         71.453         84.043        105.865
        136.073        166.054        186.241        190.297        181.195        162.729        139.259        115.573         93.622         73.010
         55.392         41.057         29.588         20.472         13.339          8.088          4.611          2.539          1.390          0.804
          0.517          0.360          0.264          0.197          0.150          0.115          0.090          0.069          0.053          0.040
          0.029          0.021          0.015          0.010          0.006          0.004          0.002          0.001          0.001          0.000
          0.000          0.000          0.000          0.000          0.000          0.000          0.000          0.000          0.000          0.000
          0.000          0.000          0.000          0.000          0.000          0.000          0.000          0.000          0.000          0.000

          0.000          0.000          0.001          0.006          0.018          0.046          0.087          0.151          0.231          0.356
          0.514          0.744          1.003          1.422          1.886          2.697          3.518          5.000          6.527          9.215
         12.238         16.488         22.694         29.544         39.442         53.451         71.061         94.465        130.863        173.652
        209.951        229.700        226.905        209.261        181.450        151.168        123.138         96.728         73.747         55.156
         40.246         28.377         19.043         11.986          7.115          4.124          2.399          1.444          0.899          0.601
          0.424          0.311          0.233          0.177          0.136          0.107          0.084          0.067          0.052          0.041
          0.031          0.023          0.017          0.012          0.008          0.005          0.003          0.002          0.001          0.001
          0.000          0.000          0.000          0.000          0.000          0.000          0.000          0.000          0.000          0.000
          0.000          0.000          0.000          0.000          0.000          0.000          0.000          0.000          0.000          0.000

          0.000          0.000          0.001          0.006          0.017          0.045          0.085          0.146          0.223          0.341
          0.494          0.707          0.963          1.353          1.826          2.600          3.432          4.901          6.430          9.235
         12.175         17.098         23.412         31.941         47.780         74.753        116.580        169.182        232.768        276.762
        299.488        283.114        246.800        201.979        160.633        127.209         97.300         73.349         54.446         39.430
         27.436         18.118         11.346          6.858          4.114          2.510          1.592          1.048          0.711          0.503
          0.366          0.274          0.209          0.161          0.126          0.100          0.080          0.065          0.052          0.042
          0.033          0.026          0.020          0.015          0.010          0.007          0.005          0.003          0.002          0.001
          0.001          0.000          0.000          0.000          0.000          0.000          0.000          0.000          0.000          0.000
          0.000          0.000          0.000          0.000          0.000          0.000          0.000          0.000          0.000          0.000

          0.000          0.000          0.001          0.005          0.015          0.041          0.077          0.134          0.204          0.313
          0.453          0.649          0.887          1.243          1.698          2.399          3.225          4.581          6.095          8.841
         11.713         17.093         23.622         36.780         65.060        114.388        195.638        296.307        377.326        403.409
        373.281        304.877        231.825        166.685        125.462         95.469         71.798         53.280         38.584         26.802
         17.757         11.266          6.977          4.317          2.740          1.784          1.212          0.838          0.592          0.428
          0.319          0.243          0.189          0.148          0.118          0.095          0.077          0.063          0.052          0.043
          0.035          0.028          0.022          0.017          0.013          0.010          0.007          0.005          0.003          0.002
          0.001          0.001          0.000          0.000          0.000          0.000          0.000          0.000          0.000          0.000
          0.000          0.000          0.000          0.000          0.000          0.000          0.000          0.000          0.000          0.000

          0.000          0.000          0.001          0.004          0.012          0.033          0.064          0.115          0.176          0.274
          0.397          0.573          0.785          1.105          1.517          2.144          2.919          4.116          5.574          8.056
         10.793         16.048         22.946         44.090        104.127        227.920        421.551        567.591        590.001        508.492
        384.474        276.725        179.530        119.348         91.031         69.430         52.104         38.050         26.731         17.961
         11.588          7.267          4.570          2.971          2.000          1.372          0.964          0.682          0.492          0.363
          0.275          0.214          0.169          0.135          0.109          0.089          0.073          0.061          0.051          0.042
          0.035          0.029          0.024          0.019          0.015          0.012          0.009          0.007          0.005          0.003
          0.002          0.002          0.001          0.001          0.000          0.000          0.000          0.000          0.000          0.000
          0.000          0.000          0.000          0.000          0.000          0.000          0.000          0.000          0.000          0.000

          0.000          0.000          0.001          0.003          0.009          0.026          0.052          0.094          0.147          0.231
          0.337          0.490          0.673          0.952          1.309          1.851          2.532          3.545          4.870          6.966
          9.491         14.168         21.274         52.429        156.245        452.816        788.006        884.500        733.110        511.081
        326.541        202.385        116.948         83.404         66.063         50.946         37.812         26.971         18.408         11.986
          7.559          4.827          3.217          2.218          1.552          1.093          0.779          0.560          0.410          0.308
          0.238          0.188          0.150          0.122          0.100          0.083          0.069          0.058          0.049          0.041
          0.035          0.029          0.025          0.020          0.017          0.013          0.011          0.008          0.006          0.005
          0.003          0.003          0.002          0.001          0.001          0.001          0.000          0.000          0.000          0.000
          0.000          0.000          0.000          0.000          0.000          0.000          0.000          0.000          0.000          0.000

          0.000          0.000          0.000          0.002          0.007          0.019          0.041          0.075          0.119          0.189
          0.278          0.406          0.558          0.792          1.086          1.538          2.097          2.919          4.049          5.699
          7.953         11.725         18.474         52.479        172.607        639.919       1008.257        992.042        694.093        384.477
        218.192        123.127         75.674         61.684         49.529         37.428         26.965         18.504         12.148          7.828
          5.153          3.523          2.473          1.756          1.247          0.885          0.634          0.463          0.345          0.263
          0.206          0.165          0.135          0.111          0.092          0.077          0.065          0.055          0.047          0.040
          0.035          0.030          0.025          0.021          0.018          0.015          0.012          0.010          0.008          0.006
          0.005          0.004          0.003          0.002          0.001          0.001          0.001          0.000          0.000          0.000
          0.000          0.000          0.000          0.000          0.000          0.000          0.000          0.000          0.000          0.000

          0.000          0.000          0.000          0.002          0.005          0.014          0.031          0.057          0.095          0.149
          0.223          0.323          0.447          0.632          0.862          1.224          1.648          2.299          3.185          4.426
          6.313          8.988         14.332         40.005        151.067        626.449        860.922        727.469        416.917        209.038
        122.776         75.165         57.100         47.301         36.501         26.402         18.141         12.095          8.138          5.591
          3.895          2.755          1.962          1.399          0.996          0.715          0.520          0.386          0.293          0.228
          0.182          0.148          0.122          0.102          0.086          0.073          0.063          0.054          0.046          0.040
          0.035          0.030          0.026          0.022          0.019          0.016          0.014          0.011          0.009          0.008
          0.006          0.005          0.004          0.003          0.002          0.001          0.001          0.001          0.000          0.000
          0.000          0.000          0.000          0.000          0.000          0.000          0.000          0.000          0.000          0.000

          0.000          0.000          0.000          0.001          0.003          0.009          0.023          0.041          0.072          0.111
          0.171          0.242          0.344          0.476          0.656          0.925          1.229          1.744          2.346          3.369
          4.742          6.766         10.462         21.146        114.380        189.867        249.186        243.384        168.171        103.284
         70.520         51.621         42.068         33.326         24.665         17.361         12.055          8.497          6.072          4.324
          3.051          2.158          1.540          1.108          0.802          0.587          0.435          0.329          0.254          0.201
          0.161          0.133          0.111          0.094          0.080          0.069          0.059          0.051          0.045          0.039
          0.034          0.030          0.026          0.023          0.020          0.017          0.015          0.013          0.010          0.009
          0.007          0.006          0.004          0.003          0.003          0.002          0.001          0.001          0.000          0.000
          0.000          0.000          0.000          0.000          0.000          0.000          0.000          0.000          0.000          0.000

          0.000          0.000          0.000          0.001          0.002          0.006          0.015          0.028          0.050          0.078
          0.124          0.174          0.255          0.343          0.490          0.665          0.920          1.279          1.750          2.564
          3.552          5.393          7.767         12.885         25.933         52.590         76.071         81.945         69.714         54.249
         42.801         34.521         28.301         22.091         16.547         12.051          8.736          6.344          4.584          3.256
          2.296          1.645          1.197          0.881          0.651          0.484          0.365          0.281          0.220          0.175
          0.142          0.117          0.098          0.083          0.071          0.062          0.054          0.047          0.041          0.036
          0.032          0.028          0.025          0.022          0.019          0.017          0.015          0.013          0.011          0.009
          0.007          0.006          0.005          0.004          0.003          0.002          0.001          0.001          0.001          0.000
          0.000          0.000          0.000          0.000          0.000          0.000          0.000          0.000          0.000          0.000

          0.000          0.000          0.000          0.000          0.001          0.004          0.009          0.019          0.033          0.055
          0.085          0.126          0.180          0.249          0.354          0.477          0.678          0.907          1.324          1.840
          2.764          4.031          6.107          9.047         13.368         18.948         24.362         28.416         30.050         28.988
         26.068         22.467         18.712         15.006         11.531          8.512          6.194          4.500          3.266          2.364
          1.712          1.259          0.938          0.704          0.529          0.399          0.305          0.237          0.187          0.150
          0.122          0.101          0.085          0.072          0.062          0.054          0.048          0.042          0.037          0.033
          0.029          0.026          0.023          0.020          0.018          0.016          0.014          0.012          0.010          0.008
          0.007          0.006          0.004          0.003          0.003          0.002          0.001          0.001          0.000          0.000
          0.000          0.000          0.000          0.000          0.000          0.000          0.000          0.000          0.000          0.000

          0.000          0.000          0.000          0.000          0.001          0.002          0.005          0.012          0.021          0.037
          0.057          0.087          0.122          0.177          0.240          0.341          0.458          0.655          0.912          1.352
          1.982          3.034          4.535          6.611          9.280         12.003         14.619         16.788         18.047         18.065
         16.820         14.821         12.498         10.101          7.816          5.841          4.336          3.238          2.424          1.803
          1.334          0.995          0.749          0.566          0.429          0.325          0.251          0.197          0.156          0.126
          0.103          0.085          0.072          0.062          0.054          0.047          0.041          0.036          0.032          0.029
          0.026          0.023          0.020          0.018          0.016          0.014          0.012          0.011          0.009          0.008
          0.006          0.005          0.004          0.003          0.002          0.002          0.001          0.001          0.000          0.000
          0.000          0.000          0.000          0.000          0.000          0.000          0.000          0.000          0.000          0.000

          0.000          0.000          0.000          0.000          0.000          0.001          0.003          0.007          0.013          0.023
          0.038          0.056          0.085          0.117          0.168          0.227          0.323          0.440          0.651          0.935
          1.440          2.188          3.300          4.754          6.532          8.269          9.822         10.980         11.570         11.465
         10.655          9.441          8.053          6.627          5.257          4.044          3.084          2.351          1.785          1.343
          1.002          0.754          0.572          0.437          0.334          0.256          0.200          0.159          0.128          0.104
          0.085          0.071          0.061          0.052          0.045          0.040          0.035          0.031          0.028          0.025
          0.022          0.020          0.018          0.016          0.014          0.012          0.010          0.009          0.008          0.006
          0.005          0.004          0.003          0.002          0.002          0.001          0.001          0.000          0.000          0.000
          0.000          0.000          0.000          0.000          0.000          0.000          0.000          0.000          0.000          0.000

          0.000          0.000          0.000          0.000          0.000          0.001          0.002          0.004          0.008          0.015
          0.024          0.038          0.055          0.080          0.110          0.157          0.213          0.306          0.434          0.648
          0.981          1.508          2.249          3.198          4.291          5.338          6.223          6.846          7.150          7.092
          6.659          5.989          5.208          4.381          3.554          2.791          2.165          1.674          1.288          0.981
          0.741          0.564          0.433          0.334          0.259          0.201          0.158          0.127          0.103          0.084
          0.070          0.059          0.050          0.043          0.037          0.033          0.029          0.026          0.023          0.021
          0.018          0.016          0.014          0.013          0.011          0.010          0.008          0.007          0.006          0.005
          0.004          0.003          0.002          0.002          0.001          0.001          0.000          0.000          0.000          0.000
          0.000          0.000          0.000          0.000          0.000          0.000          0.000          0.000          0.000          0.000

          0.000          0.000          0.000          0.000          0.000          0.000          0.001          0.002          0.005          0.009
          0.015          0.024          0.037          0.052          0.075          0.103          0.146          0.202          0.295          0.433
          0.657          1.001          1.471          2.059          2.722          3.355          3.870          4.217          4.371          4.324
          4.070          3.686          3.237          2.760          2.281          1.828          1.444          1.134          0.883          0.681
          0.522          0.401          0.311          0.242          0.189          0.148          0.117          0.095          0.077          0.064
          0.053          0.045          0.038          0.033          0.028          0.025          0.022          0.019          0.017          0.015
          0.014          0.012          0.011          0.009          0.008          0.007          0.006          0.005          0.004          0.003
          0.002          0.002          0.001          0.001          0.001          0.000          0.000          0.000          0.000          0.000
          0.000          0.000          0.000          0.000          0.000          0.000          0.000          0.000          0.000          0.000

          0.000          0.000          0.000          0.000          0.000          0.000          0.000          0.001          0.003          0.005
          0.009          0.015          0.023          0.034          0.048          0.068          0.095          0.134          0.192          0.281
          0.422          0.633          0.919          1.268          1.659          2.030          2.324          2.512          2.586          2.550
          2.406          2.190          1.940          1.676          1.409          1.151          0.923          0.735          0.581          0.455
          0.353          0.276          0.217          0.171          0.134          0.106          0.085          0.069          0.057          0.047
          0.039          0.033          0.028          0.024          0.021          0.018          0.016          0.014          0.013          0.011
          0.010          0.009          0.008          0.007          0.006          0.005          0.004          0.003          0.003          0.002
          0.001          0.001          0.001          0.000          0.000          0.000          0.000          0.000          0.000          0.000
          0.000          0.000          0.000          0.000          0.000          0.000          0.000          0.000          0.000          0.000

          0.000          0.000          0.000          0.000          0.000          0.000          0.000          0.001          0.001          0.003
          0.005          0.009          0.014          0.021          0.031          0.043          0.061          0.085          0.121          0.175
          0.258          0.381          0.546          0.747          0.972          1.187          1.356          1.462          1.503          1.482
          1.401          1.279          1.139          0.993          0.845          0.700          0.570          0.461          0.370          0.294
          0.232          0.184          0.147          0.117          0.093          0.074          0.060          0.049          0.041          0.034
          0.028          0.024          0.020          0.017          0.015          0.013          0.011          0.010          0.009          0.008
          0.007          0.006          0.005          0.004          0.004          0.003          0.002          0.002          0.001          0.001
          0.001          0.000          0.000          0.000          0.000          0.000          0.000          0.000          0.000          0.000
          0.000          0.000          0.000          0.000          0.000          0.000          0.000          0.000          0.000          0.000

          0.000          0.000          0.000          0.000          0.000          0.000          0.000          0.000          0.001          0.001
          0.003          0.005          0.008          0.013          0.019          0.027          0.038          0.053          0.074          0.105
          0.151          0.219          0.310          0.421          0.547          0.670          0.768          0.831          0.855          0.845
          0.802          0.735          0.658          0.578          0.497          0.417          0.345          0.282          0.230          0.186
          0.149          0.119          0.096          0.078          0.062          0.050          0.041          0.033          0.027          0.023
          0.019          0.016          0.014          0.012          0.010          0.009          0.007          0.006          0.005          0.005
          0.004          0.004          0.003          0.002          0.002          0.002          0.001          0.001          0.001          0.000
          0.000          0.000          0.000          0.000          0.000          0.000          0.000          0.000          0.000          0.000
          0.000          0.000          0.000          0.000          0.000          0.000          0.000          0.000          0.000          0.000

          0.000          0.000          0.000          0.000          0.000          0.000          0.000          0.000          0.000          0.001
          0.002          0.003          0.005          0.008          0.012          0.017          0.024          0.033          0.045          0.062
          0.086          0.119          0.165          0.221          0.286          0.354          0.409          0.448          0.466          0.467
          0.449          0.415          0.374          0.330          0.286          0.242          0.201          0.166          0.136          0.110
          0.089          0.072          0.058          0.047          0.038          0.030          0.024          0.020          0.016          0.014
          0.011          0.009          0.008          0.007          0.006          0.005          0.004          0.003          0.003          0.002
          0.002          0.002          0.001          0.001          0.001          0.001          0.000          0.000          0.000          0.000
          0.000          0.000          0.000          0.000          0.000          0.000          0.000          0.000          0.000          0.000
          0.000          0.000          0.000          0.000          0.000          0.000          0.000          0.000          0.000          0.000

          0.000          0.000          0.000          0.000          0.000          0.000          0.000          0.000          0.000          0.000
          0.001          0.002          0.003          0.004          0.007          0.010          0.015          0.020          0.027          0.036
          0.047          0.061          0.081          0.104          0.132          0.164          0.192          0.214          0.227          0.233
          0.229          0.216          0.197          0.175          0.152          0.130          0.108          0.089          0.073          0.059
          0.048          0.039          0.031          0.025          0.020          0.016          0.012          0.010          0.008          0.007
          0.005          0.004          0.004          0.003          0.002          0.002          0.002          0.001          0.001          0.001
          0.001          0.001          0.000          0.000          0.000          0.000          0.000          0.000          0.000          0.000
          0.000          0.000          0.000          0.000          0.000          0.000          0.000          0.000          0.000          0.000
          0.000          0.000          0.000          0.000          0.000          0.000          0.000          0.000          0.000          0.000

          0.000          0.000          0.000          0.000          0.000          0.000          0.000          0.000          0.000          0.000
          0.000          0.001          0.001          0.002          0.004          0.006          0.009          0.012          0.016          0.020
          0.026          0.032          0.038          0.045          0.053          0.063          0.073          0.082          0.090          0.096
          0.099          0.096          0.089          0.081          0.072          0.062          0.052          0.043          0.035          0.028
          0.023          0.018          0.015          0.011          0.009          0.007          0.005          0.004          0.003          0.003
          0.002          0.002          0.001          0.001          0.001          0.001          0.001          0.000          0.000          0.000
          0.000          0.000          0.000          0.000          0.000          0.000          0.000          0.000          0.000          0.000
          0.000          0.000          0.000          0.000          0.000          0.000          0.000          0.000          0.000          0.000
          0.000          0.000          0.000          0.000          0.000          0.000          0.000          0.000          0.000          0.000

          0.000          0.000          0.000          0.000          0.000          0.000          0.000          0.000          0.000          0.000
          0.000          0.000          0.001          0.001          0.002          0.003          0.005          0.007          0.009          0.011
          0.014          0.017          0.019          0.021          0.023          0.024          0.025          0.025          0.026          0.027
          0.029          0.030          0.029          0.028          0.025          0.023          0.019          0.016          0.013          0.011
          0.009          0.007          0.005          0.004          0.003          0.002          0.002          0.001          0.001          0.001
          0.001          0.001          0.000          0.000          0.000          0.000          0.000          0.000          0.000          0.000
          0.000          0.000          0.000          0.000          0.000          0.000          0.000          0.000          0.000          0.000
          0.000          0.000          0.000          0.000          0.000          0.000          0.000          0.000          0.000          0.000
          0.000          0.000          0.000          0.000          0.000          0.000          0.000          0.000          0.000          0.000

          0.000          0.000          0.000          0.000          0.000          0.000          0.000          0.000          0.000          0.000
          0.000          0.000          0.000          0.001          0.001          0.002          0.002          0.003          0.005          0.006
          0.007          0.009          0.010          0.010          0.011          0.011          0.010          0.010          0.009          0.008
          0.007          0.006          0.006          0.005          0.005          0.005          0.004          0.004          0.003          0.003
          0.002          0.002          0.001          0.001          0.001          0.001          0.000          0.000          0.000          0.000
          0.000          0.000          0.000          0.000          0.000          0.000          0.000          0.000          0.000          0.000
          0.000          0.000          0.000          0.000          0.000          0.000          0.000          0.000          0.000          0.000
          0.000          0.000          0.000          0.000          0.000          0.000          0.000          0.000          0.000          0.000
          0.000          0.000          0.000          0.000          0.000          0.000          0.000          0.000          0.000          0.000

          0.000          0.000          0.000          0.000          0.000          0.000          0.000          0.000          0.000          0.000
          0.000          0.000          0.000          0.000          0.000          0.001          0.001          0.002          0.002          0.003
          0.004          0.004          0.005          0.005          0.005          0.005          0.005          0.004          0.004          0.003
          0.002          0.002          0.001          0.001          0.001          0.001          0.001          0.000          0.000          0.000
          0.000          0.000          0.000          0.000          0.000          0.000          0.000          0.000          0.000          0.000
          0.000          0.000          0.000          0.000          0.000          0.000          0.000          0.000          0.000          0.000
          0.000          0.000          0.000          0.000          0.000          0.000          0.000          0.000          0.000          0.000
          0.000          0.000          0.000          0.000          0.000          0.000          0.000          0.000          0.000          0.000
          0.000          0.000          0.000          0.000          0.000          0.000          0.000          0.000          0.000          0.000

          0.000          0.000          0.000          0.000          0.000          0.000          0.000          0.000          0.000          0.000
          0.000          0.000          0.000          0.000          0.000          0.000          0.000          0.001          0.001          0.001
          0.002          0.002          0.002          0.002          0.002          0.002          0.002          0.002          0.002          0.001
          0.001          0.001          0.000          0.000          0.000          0.000          0.000          0.000          0.000          0.000
          0.000          0.000          0.000          0.000          0.000          0.000          0.000          0.000          0.000          0.000
          0.000          0.000          0.000          0.000          0.000          0.000          0.000          0.000          0.000          0.000
          0.000          0.000          0.000          0.000          0.000          0.000          0.000          0.000          0.000          0.000
          0.000          0.000          0.000          0.000          0.000          0.000          0.000          0.000          0.000          0.000
          0.000          0.000          0.000          0.000          0.000          0.000          0.000          0.000          0.000          0.000

          0.000          0.000          0.000          0.000          0.000          0.000          0.000          0.000          0.000          0.000
          0.000          0.000          0.000          0.000          0.000          0.000          0.000          0.000          0.000          0.000
          0.001          0.001          0.001          0.001          0.001          0.001          0.001          0.001          0.001          0.000
          0.000          0.000          0.000          0.000          0.000          0.000          0.000          0.000          0.000          0.000
          0.000          0.000          0.000          0.000          0.000          0.000          0.000          0.000          0.000          0.000
          0.000          0.000          0.000          0.000          0.000          0.000          0.000          0.000          0.000          0.000
          0.000          0.000          0.000          0.000          0.000          0.000          0.000          0.000          0.000          0.000
          0.000          0.000          0.000          0.000          0.000          0.000          0.000          0.000          0.000          0.000
          0.000          0.000          0.000          0.000          0.000          0.000          0.000          0.000          0.000          0.000

          0.000          0.000          0.000          0.000          0.000          0.000          0.000          0.000          0.000          0.000
          0.000          0.000          0.000          0.000          0.000          0.000          0.000          0.000          0.000          0.000
          0.000          0.000          0.000          0.000          0.000          0.000          0.000          0.000          0.000          0.000
          0.000          0.000          0.000          0.000          0.000          0.000          0.000          0.000          0.000          0.000
          0.000          0.000          0.000          0.000          0.000          0.000          0.000          0.000          0.000          0.000
          0.000          0.000          0.000          0.000          0.000          0.000          0.000          0.000          0.000          0.000
          0.000          0.000          0.000          0.000          0.000          0.000          0.000          0.000          0.000          0.000
          0.000          0.000          0.000          0.000          0.000          0.000          0.000          0.000          0.000          0.000
          0.000          0.000          0.000          0.000          0.000          0.000          0.000          0.000          0.000          0.000

          0.000          0.000          0.000          0.000          0.000          0.000          0.000          0.000          0.000          0.000
          0.000          0.000          0.000          0.000          0.000          0.000          0.000          0.000          0.000          0.000
          0.000          0.000          0.000          0.000          0.000          0.000          0.000          0.000          0.000          0.000
          0.000          0.000          0.000          0.000          0.000          0.000          0.000          0.000          0.000          0.000
          0.000          0.000          0.000          0.000          0.000          0.000          0.000          0.000          0.000          0.000
          0.000          0.000          0.000          0.000          0.000          0.000          0.000          0.000          0.000          0.000
          0.000          0.000          0.000          0.000          0.000          0.000          0.000          0.000          0.000          0.000
          0.000          0.000          0.000          0.000          0.000          0.000          0.000          0.000          0.000          0.000
          0.000          0.000          0.000          0.000          0.000          0.000          0.000          0.000          0.000          0.000

