NCOLS    90
NROWS    50
XLLCORNER         225.000
YLLCORNER          32.500
CELLSIZE           0.500          0.500
NODATA_VALUE  0.000
          0.000          0.000          0.000          0.000          0.000          0.000          0.000          0.000          0.000          0.000
          0.000          0.000          0.000          0.000          0.000          0.000          0.000          0.000          0.000          0.000
          0.000          0.000          0.000          0.000          0.000          0.000          0.000          0.000          0.000          0.000
          0.001          0.001          0.003          0.006          0.012          0.024          0.049          0.097          0.192          0.376
          0.697          1.190          1.894          2.804          3.875          4.989          6.025          6.830          7.353          7.595
          7.495          7.099          6.536          5.882          5.192          4.552          4.032          3.610          3.254          2.938
          2.660          2.424          2.219          2.034          1.861          1.703          1.569          1.450          1.338          1.224
          1.115          1.017          0.926          0.840          0.755          0.677          0.609          0.549          0.495          0.443
          0.397          0.357          0.323          0.292          0.265          0.240          0.218          0.199          0.180          0.151

          0.000          0.000          0.000          0.000          0.000          0.000          0.000          0.000          0.000          0.000
          0.000          0.000          0.000          0.000          0.000          0.000          0.000          0.000          0.000          0.000
          0.000          0.001          0.001          0.001          0.001          0.002          0.002          0.003          0.003          0.005
          0.007          0.011          0.017          0.028          0.046          0.078          0.135          0.238          0.430          0.762
          1.276          1.981          2.887          3.986          5.185          6.346          7.317          7.987          8.353          8.357
          7.985          7.349          6.580          5.787          5.055          4.458          3.979          3.575          3.218          2.897
          2.613          2.376          2.172          1.988          1.819          1.665          1.536          1.425          1.324          1.226
          1.136          1.058          0.990          0.926          0.863          0.801          0.746          0.697          0.651          0.605
          0.560          0.520          0.483          0.449          0.417          0.387          0.359          0.333          0.308          0.271

          0.000          0.000          0.000          0.000          0.000          0.000          0.000          0.000          0.000          0.000
          0.000          0.000          0.000          0.000          0.001          0.001          0.002          0.002          0.003          0.004
          0.004          0.005          0.006          0.007          0.008          0.010          0.012          0.014          0.018          0.022
          0.029          0.040          0.056          0.081          0.122          0.192          0.317          0.536          0.904          1.473
          2.260          3.266          4.467          5.785          7.117          8.316          9.212          9.737          9.858          9.595
          8.977          8.116          7.159          6.216          5.414          4.756          4.214          3.757          3.359          3.005
          2.696          2.441          2.224          2.032          1.855          1.695          1.561          1.447          1.343          1.244
          1.151          1.071          1.002          0.939          0.877          0.817          0.764          0.719          0.677          0.636
          0.595          0.558          0.525          0.494          0.465          0.436          0.409          0.385          0.360          0.320

          0.000          0.000          0.000          0.000          0.000          0.000          0.000          0.000          0.000          0.000
          0.000          0.001          0.002          0.003          0.005          0.006          0.008          0.010          0.013          0.015
          0.017          0.020          0.022          0.025          0.028          0.032          0.036          0.042          0.050          0.060
          0.075          0.096          0.129          0.181          0.267          0.415          0.667          1.073          1.691          2.553
          3.658          4.970          6.389          7.852          9.240         10.391         11.140         11.434         11.307         10.755
          9.828          8.691          7.518          6.499          5.650          4.929          4.335          3.840          3.416          3.042
          2.719          2.453          2.230          2.034          1.854          1.693          1.557          1.442          1.338          1.238
          1.145          1.063          0.994          0.930          0.867          0.807          0.753          0.706          0.664          0.623
          0.583          0.546          0.514          0.484          0.456          0.429          0.404          0.381          0.358          0.318

          0.000          0.000          0.000          0.000          0.000          0.000          0.000          0.000          0.001          0.002
          0.003          0.005          0.008          0.011          0.015          0.019          0.023          0.027          0.031          0.036
          0.041          0.046          0.051          0.056          0.062          0.069          0.079          0.090          0.104          0.124
          0.151          0.194          0.260          0.366          0.542          0.831          1.283          1.963          2.905          4.106
          5.534          7.076          8.670         10.218         11.601         12.656         13.227         13.286         12.820         11.868
         10.543          9.081          7.750          6.671          5.751          4.977          4.349          3.834          3.397          3.017
          2.690          2.424          2.201          2.008          1.831          1.671          1.536          1.423          1.320          1.222
          1.129          1.048          0.979          0.915          0.853          0.792          0.738          0.691          0.648          0.606
          0.566          0.529          0.496          0.466          0.438          0.411          0.386          0.363          0.340          0.301

          0.000          0.000          0.000          0.000          0.000          0.000          0.001          0.001          0.003          0.006
          0.009          0.013          0.019          0.024          0.031          0.038          0.045          0.052          0.059          0.066
          0.075          0.083          0.092          0.102          0.112          0.125          0.142          0.163          0.190          0.226
          0.281          0.367          0.503          0.717          1.054          1.568          2.330          3.379          4.691          6.227
          7.894          9.644         11.363         12.951         14.304         15.239         15.566         15.220         14.259         12.761
         10.966          9.259          7.879          6.729          5.757          4.953          4.310          3.789          3.353          2.976
          2.654          2.391          2.174          1.986          1.815          1.658          1.526          1.414          1.313          1.216
          1.124          1.042          0.972          0.908          0.846          0.785          0.730          0.682          0.638          0.597
          0.556          0.518          0.484          0.453          0.425          0.398          0.372          0.349          0.325          0.289

          0.000          0.000          0.000          0.000          0.000          0.001          0.002          0.004          0.007          0.011
          0.017          0.024          0.032          0.041          0.051          0.061          0.072          0.083          0.094          0.105
          0.118          0.132          0.147          0.163          0.181          0.204          0.234          0.272          0.323          0.397
          0.510          0.690          0.960          1.357          1.943          2.794          3.959          5.403          7.060          8.825
         10.728         12.657         14.497         16.156         17.474         18.163         18.022         17.089         15.431         13.283
         11.141          9.366          7.909          6.706          5.711          4.902          4.263          3.752          3.328          2.966
          2.654          2.400          2.190          2.008          1.840          1.685          1.551          1.437          1.334          1.236
          1.141          1.057          0.983          0.917          0.853          0.790          0.732          0.681          0.635          0.592
          0.549          0.510          0.474          0.442          0.412          0.383          0.357          0.333          0.308          0.277

          0.000          0.000          0.000          0.000          0.000          0.001          0.003          0.006          0.011          0.018
          0.026          0.036          0.046          0.059          0.072          0.086          0.101          0.116          0.132          0.149
          0.168          0.189          0.212          0.239          0.270          0.310          0.364          0.435          0.537          0.693
          0.931          1.269          1.734          2.383          3.301          4.565          6.148          7.959          9.834         11.847
         13.994         16.164         18.219         19.954         21.017         21.163         20.321         18.484         15.983         13.371
         11.097          9.232          7.729          6.526          5.558          4.786          4.182          3.702          3.308          2.970
          2.678          2.436          2.234          2.058          1.895          1.742          1.609          1.495          1.393          1.295
          1.199          1.111          1.033          0.961          0.892          0.823          0.758          0.700          0.648          0.599
          0.552          0.508          0.468          0.432          0.398          0.368          0.339          0.313          0.286          0.263

          0.000          0.000          0.000          0.000          0.001          0.002          0.005          0.009          0.015          0.023
          0.033          0.044          0.058          0.073          0.090          0.108          0.128          0.148          0.170          0.194
          0.222          0.253          0.290          0.333          0.387          0.458          0.556          0.697          0.906          1.215
          1.629          2.163          2.865          3.821          5.154          6.876          8.878         10.928         13.059         15.366
         17.873         20.412         22.655         24.115         24.525         23.819         21.821         18.961         15.854         13.014
         10.625          8.739          7.288          6.174          5.301          4.612          4.071          3.643          3.293          2.992
          2.731          2.513          2.330          2.171          2.025          1.885          1.760          1.651          1.551          1.453
          1.352          1.254          1.163          1.078          0.995          0.913          0.835          0.764          0.698          0.638
          0.582          0.529          0.482          0.438          0.399          0.364          0.332          0.302          0.273          0.254

          0.000          0.000          0.000          0.000          0.001          0.002          0.005          0.010          0.017          0.026
          0.037          0.050          0.066          0.085          0.105          0.127          0.152          0.180          0.209          0.243
          0.282          0.329          0.384          0.455          0.549          0.679          0.860          1.125          1.496          1.982
          2.580          3.326          4.321          5.708          7.557          9.769         12.075         14.390         16.882         19.643
         22.689         25.549         27.528         28.247         27.632         25.480         22.260         18.585         15.097         12.105
          9.745          8.007          6.738          5.786          5.044          4.455          3.997          3.648          3.367          3.132
          2.926          2.752          2.606          2.474          2.343          2.207          2.074          1.946          1.823          1.700
          1.575          1.454          1.341          1.234          1.133          1.035          0.942          0.857          0.777          0.705
          0.638          0.577          0.520          0.469          0.422          0.381          0.343          0.309          0.275          0.260

          0.000          0.000          0.000          0.000          0.001          0.002          0.005          0.009          0.016          0.025
          0.037          0.052          0.071          0.092          0.117          0.145          0.177          0.213          0.254          0.301
          0.358          0.427          0.515          0.632          0.795          1.021          1.328          1.749          2.279          2.937
          3.752          4.803          6.258          8.244         10.682         13.306         15.883         18.651         21.686         25.149
         28.678         31.316         32.495         32.002         29.637         26.006         21.663         17.425         13.766         10.896
          8.832          7.394          6.353          5.575          4.983          4.537          4.225          3.996          3.815          3.644
          3.465          3.280          3.093          2.908          2.722          2.532          2.345          2.170          2.006          1.850
          1.698          1.555          1.423          1.302          1.190          1.086          0.989          0.900          0.818          0.742
          0.674          0.611          0.553          0.499          0.450          0.406          0.366          0.329          0.292          0.277

          0.000          0.000          0.000          0.000          0.001          0.002          0.004          0.008          0.015          0.025
          0.037          0.054          0.076          0.101          0.131          0.166          0.208          0.256          0.314          0.384
          0.469          0.574          0.715          0.906          1.173          1.534          1.995          2.576          3.275          4.158
          5.292          6.831          8.983         11.682         14.625         17.536         20.641         24.030         27.923         32.068
         35.488         37.309         37.089         34.550         30.450         25.300         20.213         15.774         12.359          9.975
          8.358          7.244          6.475          5.979          5.653          5.408          5.169          4.906          4.624          4.327
          4.015          3.702          3.400          3.114          2.837          2.568          2.315          2.086          1.879          1.693
          1.525          1.374          1.242          1.125          1.021          0.930          0.850          0.777          0.711          0.651
          0.597          0.550          0.505          0.463          0.423          0.389          0.357          0.327          0.295          0.284

          0.000          0.000          0.000          0.000          0.001          0.002          0.004          0.008          0.014          0.024
          0.038          0.057          0.081          0.112          0.149          0.193          0.247          0.314          0.395          0.498
          0.624          0.785          1.005          1.299          1.707          2.236          2.864          3.619          4.530          5.727
          7.379          9.714         12.721         16.016         19.283         22.745         26.531         30.960         35.825         40.059
         42.666         42.915         40.300         35.740         29.670         23.557         18.220         14.216         11.587          9.916
          8.893          8.329          7.936          7.548          7.125          6.655          6.141          5.606          5.078          4.559
          4.054          3.583          3.152          2.769          2.434          2.137          1.872          1.638          1.430          1.249
          1.093          0.958          0.845          0.749          0.667          0.601          0.546          0.501          0.462          0.428
          0.400          0.377          0.355          0.334          0.315          0.297          0.282          0.267          0.250          0.248

          0.000          0.000          0.000          0.000          0.001          0.001          0.004          0.007          0.014          0.024
          0.038          0.059          0.087          0.123          0.168          0.224          0.294          0.382          0.495          0.641
          0.826          1.068          1.386          1.806          2.390          3.101          3.902          4.843          6.040          7.797
         10.371         13.705         17.454         21.144         24.987         29.165         34.191         40.006         45.255         48.683
         49.512         46.906         41.829         34.825         27.582         21.293         16.790         14.164         12.761         11.911
         11.201         10.509          9.767          8.896          7.987          7.067          6.169          5.329          4.574          3.914
          3.335          2.819          2.360          1.960          1.619          1.328          1.084          0.885          0.728          0.605
          0.509          0.434          0.375          0.329          0.292          0.263          0.242          0.226          0.212          0.202
          0.196          0.193          0.190          0.188          0.185          0.184          0.183          0.181          0.177          0.181

          0.000          0.000          0.000          0.000          0.001          0.001          0.003          0.007          0.013          0.023
          0.038          0.060          0.092          0.134          0.188          0.257          0.346          0.460          0.611          0.816
          1.083          1.416          1.835          2.406          3.177          4.058          5.032          6.246          8.027         10.836
         14.566         18.829         23.152         27.423         31.998         37.642         44.620         51.235         55.689         57.160
         54.528         48.820         40.813         32.507         25.468         20.741         18.281         16.750         15.500         14.284
         12.844         11.379          9.890          8.462          7.186          6.041          4.996          4.050          3.232          2.544
          1.971          1.498          1.126          0.840          0.624          0.462          0.343          0.257          0.198          0.155
          0.125          0.104          0.088          0.076          0.067          0.061          0.057          0.055          0.053          0.053
          0.054          0.057          0.062          0.067          0.073          0.080          0.088          0.095          0.100          0.110

          0.000          0.000          0.000          0.000          0.000          0.001          0.003          0.006          0.012          0.022
          0.038          0.062          0.096          0.144          0.209          0.292          0.403          0.551          0.756          1.037
          1.388          1.800          2.338          3.087          4.046          5.115          6.379          8.223         11.183         15.364
         20.267         25.367         30.234         35.356         41.617         49.919         58.268         64.118         66.401         63.625
         57.122         48.045         38.961         31.591         26.487         23.283         20.939         18.643         16.282         13.963
         11.815          9.876          8.059          6.366          4.894          3.661          2.658          1.888          1.317          0.903
          0.608          0.403          0.267          0.177          0.119          0.081          0.056          0.039          0.028          0.020
          0.015          0.012          0.009          0.007          0.006          0.005          0.005          0.004          0.004          0.005
          0.005          0.006          0.008          0.011          0.014          0.019          0.025          0.032          0.039          0.050

          0.000          0.000          0.000          0.000          0.000          0.001          0.003          0.006          0.012          0.023
          0.039          0.065          0.103          0.159          0.236          0.341          0.485          0.684          0.958          1.310
          1.740          2.257          2.973          3.948          5.140          6.552          8.518         11.671         16.235         21.846
         27.876         33.578         39.401         46.388         56.072         66.459         74.069         77.493         74.721         67.686
         57.947         48.272         39.647         33.017         28.346         24.180         20.480         16.971         13.892         11.065
          8.430          6.109          4.207          2.785          1.779          1.107          0.678          0.411          0.249          0.150
          0.090          0.054          0.032          0.019          0.012          0.007          0.005          0.003          0.002          0.001
          0.001          0.001          0.000          0.000          0.000          0.000          0.000          0.000          0.000          0.000
          0.000          0.000          0.000          0.000          0.000          0.001          0.002          0.004          0.007          0.013

          0.000          0.000          0.000          0.000          0.001          0.001          0.003          0.007          0.013          0.024
          0.042          0.070          0.115          0.181          0.279          0.418          0.606          0.863          1.199          1.626
          2.164          2.854          3.830          5.094          6.678          8.874         12.273         17.255         23.516         30.508
         37.369         43.992         51.785         63.020         75.703         85.459         90.508         88.398         82.039         71.959
         59.918         48.616         39.122         31.888         25.906         20.899         16.379         12.097          8.376          5.441
          3.307          1.859          0.995          0.522          0.277          0.149          0.081          0.043          0.023          0.012
          0.007          0.003          0.002          0.001          0.001          0.000          0.000          0.000          0.000          0.000
          0.000          0.000          0.000          0.000          0.000          0.000          0.000          0.000          0.000          0.000
          0.000          0.000          0.000          0.000          0.000          0.000          0.000          0.000          0.000          0.001

          0.000          0.000          0.000          0.000          0.001          0.002          0.004          0.007          0.014          0.026
          0.046          0.079          0.132          0.215          0.339          0.514          0.748          1.061          1.461          1.989
          2.708          3.672          5.006          6.715          9.161         12.944         18.413         25.390         33.327         41.425
         49.124         57.796         70.829         86.334         98.743        106.145        106.174        101.075         88.717         72.938
         56.859         43.600         33.763         26.204         19.420         13.333          8.399          4.811          2.452          1.144
          0.499          0.211          0.092          0.042          0.020          0.010          0.005          0.002          0.001          0.001
          0.000          0.000          0.000          0.000          0.000          0.000          0.000          0.000          0.000          0.000
          0.000          0.000          0.000          0.000          0.000          0.000          0.000          0.000          0.000          0.000
          0.000          0.000          0.000          0.000          0.000          0.000          0.000          0.000          0.000          0.000

          0.000          0.000          0.000          0.000          0.001          0.002          0.004          0.009          0.017          0.030
          0.053          0.092          0.157          0.256          0.406          0.614          0.894          1.260          1.750          2.459
          3.493          4.876          6.777          9.461         13.655         19.772         27.571         36.581         45.883         54.846
         64.654         79.669         98.801        114.894        126.499        129.846        124.161        107.589         85.577         63.746
         46.480         34.301         23.888         15.195          8.734          4.389          1.903          0.713          0.224          0.070
          0.025          0.010          0.004          0.002          0.001          0.000          0.000          0.000          0.000          0.000
          0.000          0.000          0.000          0.000          0.000          0.000          0.000          0.000          0.000          0.000
          0.000          0.000          0.000          0.000          0.000          0.000          0.000          0.000          0.000          0.000
          0.000          0.000          0.000          0.000          0.000          0.000          0.000          0.000          0.000          0.000

          0.000          0.000          0.000          0.000          0.001          0.002          0.005          0.010          0.019          0.035
          0.061          0.106          0.182          0.296          0.471          0.712          1.043          1.489          2.170          3.261
          4.829          6.940         10.076         14.713         21.436         30.313         40.602         51.416         61.587         72.768
         90.141        113.902        135.734        154.469        161.056        152.580        128.602         97.677         69.061         47.804
         31.404         18.872          9.943          4.353          1.563          0.434          0.091          0.025          0.007          0.002
          0.001          0.000          0.000          0.000          0.000          0.000          0.000          0.000          0.000          0.000
          0.000          0.000          0.000          0.000          0.000          0.000          0.000          0.000          0.000          0.000
          0.000          0.000          0.000          0.000          0.000          0.000          0.000          0.000          0.000          0.000
          0.000          0.000          0.000          0.000          0.000          0.000          0.000          0.000          0.000          0.000

          0.000          0.000          0.000          0.000          0.001          0.003          0.006          0.011          0.021          0.038
          0.068          0.118          0.203          0.336          0.540          0.834          1.267          1.988          3.163          4.951
          7.518         11.133         16.599         23.854         33.809         45.783         58.541         70.231         82.672        102.471
        132.195        163.346        192.642        201.845        188.940        152.552        110.292         73.709         45.612         26.198
         13.205          5.263          1.624          0.312          0.077          0.020          0.003          0.001          0.000          0.000
          0.000          0.000          0.000          0.000          0.000          0.000          0.000          0.000          0.000          0.000
          0.000          0.000          0.000          0.000          0.000          0.000          0.000          0.000          0.000          0.000
          0.000          0.000          0.000          0.000          0.000          0.000          0.000          0.000          0.000          0.000
          0.000          0.000          0.000          0.000          0.000          0.000          0.000          0.000          0.000          0.000

          0.000          0.000          0.000          0.000          0.001          0.002          0.005          0.011          0.022          0.040
          0.073          0.131          0.229          0.399          0.677          1.180          1.991          3.345          5.349          8.411
         12.804         19.056         27.540         38.231         52.072         67.432         81.282         94.864        116.891        154.220
        199.369        241.214        254.716        232.830        182.000        125.047         75.750         41.207         20.237          7.852
          2.294          0.441          0.168          0.075          0.032          0.009          0.001          0.000          0.000          0.000
          0.000          0.000          0.000          0.000          0.000          0.000          0.000          0.000          0.000          0.000
          0.000          0.000          0.000          0.000          0.000          0.000          0.000          0.000          0.000          0.000
          0.000          0.000          0.000          0.000          0.000          0.000          0.000          0.000          0.000          0.000
          0.000          0.000          0.000          0.000          0.000          0.000          0.000          0.000          0.000          0.000

          0.000          0.000          0.000          0.000          0.001          0.002          0.005          0.011          0.022          0.044
          0.087          0.170          0.327          0.632          1.169          2.154          3.576          5.951          9.232         14.567
         21.721         31.477         43.525         58.469         77.052         94.608        110.233        134.422        181.004        246.884
        307.335        325.635        289.715        217.688        139.867         73.990         35.411         13.970          4.122          0.821
          0.363          0.215          0.131          0.072          0.032          0.010          0.001          0.000          0.000          0.000
          0.000          0.000          0.000          0.000          0.000          0.000          0.000          0.000          0.000          0.000
          0.000          0.000          0.000          0.000          0.000          0.000          0.000          0.000          0.000          0.000
          0.000          0.000          0.000          0.000          0.000          0.000          0.000          0.000          0.000          0.000
          0.000          0.000          0.000          0.000          0.000          0.000          0.000          0.000          0.000          0.000

          0.000          0.000          0.000          0.000          0.000          0.001          0.004          0.011          0.026          0.060
          0.131          0.278          0.569          1.102          2.047          3.615          5.862          9.525         14.633         22.921
         33.213         47.083         62.942         82.903        105.650        127.279        154.700        211.882        309.974        406.562
        425.822        368.198        262.745        152.905         71.414         28.368          8.693          1.732          0.670          0.435
          0.310          0.211          0.133          0.074          0.033          0.010          0.001          0.000          0.000          0.000
          0.000          0.000          0.000          0.000          0.000          0.000          0.000          0.000          0.000          0.000
          0.000          0.000          0.000          0.000          0.000          0.000          0.000          0.000          0.000          0.000
          0.000          0.000          0.000          0.000          0.000          0.000          0.000          0.000          0.000          0.000
          0.000          0.000          0.000          0.000          0.000          0.000          0.000          0.000          0.000          0.000

          0.000          0.000          0.000          0.000          0.000          0.001          0.005          0.015          0.039          0.095
          0.216          0.444          0.855          1.573          2.775          4.704          7.605         12.265         18.934         29.237
         41.364         57.854         76.412        103.141        132.540        167.743        239.003        404.529        565.612        583.635
        483.602        319.125        163.356         64.841         20.307          4.550          1.173          0.728          0.550          0.416
          0.303          0.208          0.131          0.073          0.032          0.010          0.001          0.000          0.000          0.000
          0.000          0.000          0.000          0.000          0.000          0.000          0.000          0.000          0.000          0.000
          0.000          0.000          0.000          0.000          0.000          0.000          0.000          0.000          0.000          0.000
          0.000          0.000          0.000          0.000          0.000          0.000          0.000          0.000          0.000          0.000
          0.000          0.000          0.000          0.000          0.000          0.000          0.000          0.000          0.000          0.000

          0.000          0.000          0.000          0.000          0.000          0.001          0.005          0.016          0.044          0.109
          0.247          0.520          0.994          1.779          3.063          4.967          7.826         12.243         19.044         29.306
         41.683         59.205         79.892        110.007        149.382        249.644        551.503        849.056        852.153        671.793
        400.679        177.060         56.091         12.970          2.388          1.159          0.854          0.672          0.525          0.399
          0.290          0.198          0.125          0.069          0.030          0.009          0.001          0.000          0.000          0.000
          0.000          0.000          0.000          0.000          0.000          0.000          0.000          0.000          0.000          0.000
          0.000          0.000          0.000          0.000          0.000          0.000          0.000          0.000          0.000          0.000
          0.000          0.000          0.000          0.000          0.000          0.000          0.000          0.000          0.000          0.000
          0.000          0.000          0.000          0.000          0.000          0.000          0.000          0.000          0.000          0.000

          0.000          0.000          0.000          0.000          0.000          0.001          0.004          0.013          0.039          0.098
          0.223          0.468          0.876          1.533          2.522          3.921          5.944          8.971         13.763         20.719
         29.495         41.739         57.265         85.914        156.075        594.011       1290.402       1338.430        995.610        525.007
        189.512         45.268          7.392          2.012          1.295          1.013          0.808          0.641          0.500          0.379
          0.274          0.187          0.117          0.064          0.028          0.008          0.001          0.000          0.000          0.000
          0.000          0.000          0.000          0.000          0.000          0.000          0.000          0.000          0.000          0.000
          0.000          0.000          0.000          0.000          0.000          0.000          0.000          0.000          0.000          0.000
          0.000          0.000          0.000          0.000          0.000          0.000          0.000          0.000          0.000          0.000
          0.000          0.000          0.000          0.000          0.000          0.000          0.000          0.000          0.000          0.000

          0.000          0.000          0.000          0.000          0.000          0.000          0.002          0.007          0.025          0.069
          0.159          0.340          0.639          1.085          1.717          2.592          3.788          5.467          7.980         11.351
         15.394         20.105         27.202         46.011        144.894       1268.005       1942.746       1484.857        715.739        198.414
         31.990          4.517          2.034          1.498          1.197          0.963          0.772          0.612          0.477          0.360
          0.260          0.177          0.111          0.061          0.026          0.007          0.000          0.000          0.000          0.000
          0.000          0.000          0.000          0.000          0.000          0.000          0.000          0.000          0.000          0.000
          0.000          0.000          0.000          0.000          0.000          0.000          0.000          0.000          0.000          0.000
          0.000          0.000          0.000          0.000          0.000          0.000          0.000          0.000          0.000          0.000
          0.000          0.000          0.000          0.000          0.000          0.000          0.000          0.000          0.000          0.000

          0.000          0.000          0.000          0.000          0.000          0.000          0.000          0.002          0.009          0.031
          0.087          0.194          0.386          0.660          1.035          1.569          2.355          3.370          4.715          6.292
          7.960          9.463         11.201         17.609         94.342       1323.276       1477.570        782.265        187.052         22.262
          3.927          2.232          1.735          1.404          1.142          0.924          0.742          0.589          0.458          0.346
          0.250          0.170          0.107          0.058          0.025          0.006          0.000          0.000          0.000          0.000
          0.000          0.000          0.000          0.000          0.000          0.000          0.000          0.000          0.000          0.000
          0.000          0.000          0.000          0.000          0.000          0.000          0.000          0.000          0.000          0.000
          0.000          0.000          0.000          0.000          0.000          0.000          0.000          0.000          0.000          0.000
          0.000          0.000          0.000          0.000          0.000          0.000          0.000          0.000          0.000          0.000

          0.000          0.000          0.000          0.000          0.000          0.000          0.000          0.000          0.001          0.008
          0.029          0.082          0.183          0.343          0.562          0.864          1.333          1.998          2.874          3.853
          4.815          5.601          6.101          6.424          7.540         19.271         21.732         14.801          7.180          3.685
          2.518          2.010          1.641          1.348          1.106          0.898          0.721          0.573          0.447          0.339
          0.245          0.168          0.106          0.058          0.025          0.007          0.000          0.000          0.000          0.000
          0.000          0.000          0.000          0.000          0.000          0.000          0.000          0.000          0.000          0.000
          0.000          0.000          0.000          0.000          0.000          0.000          0.000          0.000          0.000          0.000
          0.000          0.000          0.000          0.000          0.000          0.000          0.000          0.000          0.000          0.000
          0.000          0.000          0.000          0.000          0.000          0.000          0.000          0.000          0.000          0.000

          0.000          0.000          0.000          0.000          0.000          0.000          0.000          0.000          0.000          0.000
          0.004          0.020          0.064          0.141          0.261          0.427          0.674          1.072          1.648          2.369
          3.126          3.814          4.308          4.567          4.564          4.422          4.078          3.614          3.130          2.688
          2.275          1.901          1.580          1.312          1.085          0.884          0.711          0.566          0.442          0.337
          0.246          0.171          0.109          0.061          0.027          0.008          0.001          0.000          0.000          0.000
          0.000          0.000          0.000          0.000          0.000          0.000          0.000          0.000          0.000          0.000
          0.000          0.000          0.000          0.000          0.000          0.000          0.000          0.000          0.000          0.000
          0.000          0.000          0.000          0.000          0.000          0.000          0.000          0.000          0.000          0.000
          0.000          0.000          0.000          0.000          0.000          0.000          0.000          0.000          0.000          0.000

          0.000          0.000          0.000          0.000          0.000          0.000          0.000          0.000          0.000          0.000
          0.000          0.001          0.013          0.046          0.099          0.180          0.300          0.497          0.846          1.363
          1.961          2.576          3.122          3.503          3.670          3.618          3.407          3.110          2.792          2.460
          2.121          1.803          1.521          1.279          1.065          0.871          0.702          0.560          0.440          0.337
          0.248          0.174          0.114          0.066          0.031          0.010          0.001          0.000          0.000          0.000
          0.000          0.000          0.000          0.000          0.000          0.000          0.000          0.000          0.000          0.000
          0.000          0.000          0.000          0.000          0.000          0.000          0.000          0.000          0.000          0.000
          0.000          0.000          0.000          0.000          0.000          0.000          0.000          0.000          0.000          0.000
          0.000          0.000          0.000          0.000          0.000          0.000          0.000          0.000          0.000          0.000

          0.000          0.000          0.000          0.000          0.000          0.000          0.000          0.000          0.000          0.000
          0.000          0.000          0.000          0.007          0.030          0.065          0.120          0.205          0.367          0.686
          1.146          1.658          2.168          2.614          2.912          3.010          2.948          2.770          2.530          2.262
          1.974          1.699          1.453          1.237          1.039          0.855          0.691          0.553          0.436          0.337
          0.250          0.178          0.120          0.072          0.036          0.013          0.003          0.000          0.000          0.000
          0.000          0.000          0.000          0.000          0.000          0.000          0.000          0.000          0.000          0.000
          0.000          0.000          0.000          0.000          0.000          0.000          0.000          0.000          0.000          0.000
          0.000          0.000          0.000          0.000          0.000          0.000          0.000          0.000          0.000          0.000
          0.000          0.000          0.000          0.000          0.000          0.000          0.000          0.000          0.000          0.000

          0.000          0.000          0.000          0.000          0.000          0.000          0.000          0.000          0.000          0.000
          0.000          0.000          0.000          0.000          0.004          0.018          0.042          0.080          0.144          0.287
          0.584          0.993          1.435          1.866          2.229          2.448          2.506          2.441          2.287          2.075
          1.834          1.597          1.382          1.190          1.008          0.834          0.677          0.544          0.432          0.336
          0.252          0.182          0.125          0.078          0.042          0.018          0.005          0.001          0.000          0.000
          0.000          0.000          0.000          0.000          0.000          0.000          0.000          0.000          0.000          0.000
          0.000          0.000          0.000          0.000          0.000          0.000          0.000          0.000          0.000          0.000
          0.000          0.000          0.000          0.000          0.000          0.000          0.000          0.000          0.000          0.000
          0.000          0.000          0.000          0.000          0.000          0.000          0.000          0.000          0.000          0.000

          0.000          0.000          0.000          0.000          0.000          0.000          0.000          0.000          0.000          0.000
          0.000          0.000          0.000          0.000          0.000          0.002          0.011          0.028          0.055          0.107
          0.244          0.520          0.884          1.270          1.634          1.925          2.090          2.124          2.059          1.915
          1.719          1.516          1.326          1.152          0.985          0.820          0.671          0.544          0.435          0.341
          0.260          0.191          0.135          0.089          0.051          0.025          0.010          0.003          0.001          0.000
          0.000          0.000          0.000          0.000          0.000          0.000          0.000          0.000          0.000          0.000
          0.000          0.000          0.000          0.000          0.000          0.000          0.000          0.000          0.000          0.000
          0.000          0.000          0.000          0.000          0.000          0.000          0.000          0.000          0.000          0.000
          0.000          0.000          0.000          0.000          0.000          0.000          0.000          0.000          0.000          0.000

          0.000          0.000          0.000          0.000          0.000          0.000          0.000          0.000          0.000          0.000
          0.000          0.000          0.000          0.000          0.000          0.000          0.001          0.007          0.018          0.039
          0.085          0.219          0.477          0.801          1.136          1.440          1.675          1.804          1.821          1.750
          1.613          1.447          1.282          1.124          0.971          0.819          0.679          0.557          0.451          0.359
          0.278          0.209          0.152          0.105          0.066          0.038          0.020          0.009          0.004          0.003
          0.002          0.002          0.001          0.001          0.000          0.000          0.000          0.000          0.000          0.000
          0.000          0.000          0.000          0.000          0.000          0.000          0.000          0.000          0.000          0.000
          0.000          0.000          0.000          0.000          0.000          0.000          0.000          0.000          0.000          0.000
          0.000          0.000          0.000          0.000          0.000          0.000          0.000          0.000          0.000          0.000

          0.000          0.000          0.000          0.000          0.000          0.000          0.000          0.000          0.000          0.000
          0.000          0.000          0.000          0.000          0.000          0.000          0.000          0.001          0.004          0.012
          0.029          0.072          0.206          0.446          0.733          1.019          1.270          1.462          1.562          1.559
          1.483          1.366          1.232          1.095          0.956          0.817          0.687          0.572          0.471          0.381
          0.301          0.232          0.174          0.126          0.086          0.055          0.034          0.021          0.013          0.009
          0.006          0.004          0.003          0.002          0.001          0.000          0.000          0.000          0.000          0.000
          0.000          0.000          0.000          0.000          0.000          0.000          0.000          0.000          0.000          0.000
          0.000          0.000          0.000          0.000          0.000          0.000          0.000          0.000          0.000          0.000
          0.000          0.000          0.000          0.000          0.000          0.000          0.000          0.000          0.000          0.000

          0.000          0.000          0.000          0.000          0.000          0.000          0.000          0.000          0.000          0.000
          0.000          0.000          0.000          0.000          0.000          0.000          0.000          0.000          0.000          0.002
          0.008          0.022          0.064          0.197          0.418          0.670          0.912          1.120          1.276          1.346
          1.326          1.258          1.161          1.049          0.930          0.806          0.688          0.582          0.487          0.401
          0.323          0.255          0.198          0.150          0.109          0.076          0.052          0.035          0.024          0.017
          0.012          0.008          0.005          0.003          0.002          0.001          0.000          0.000          0.000          0.000
          0.000          0.000          0.000          0.000          0.000          0.000          0.000          0.000          0.000          0.000
          0.000          0.000          0.000          0.000          0.000          0.000          0.000          0.000          0.000          0.000
          0.000          0.000          0.000          0.000          0.000          0.000          0.000          0.000          0.000          0.000

          0.000          0.000          0.000          0.000          0.000          0.000          0.000          0.000          0.000          0.000
          0.000          0.000          0.000          0.000          0.000          0.000          0.000          0.000          0.000          0.000
          0.001          0.006          0.018          0.062          0.193          0.391          0.607          0.813          0.987          1.111
          1.154          1.130          1.070          0.987          0.889          0.782          0.677          0.582          0.496          0.416
          0.341          0.276          0.220          0.172          0.131          0.097          0.070          0.050          0.036          0.026
          0.018          0.013          0.008          0.005          0.002          0.001          0.000          0.000          0.000          0.000
          0.000          0.000          0.000          0.000          0.000          0.000          0.000          0.000          0.000          0.000
          0.000          0.000          0.000          0.000          0.000          0.000          0.000          0.000          0.000          0.000
          0.000          0.000          0.000          0.000          0.000          0.000          0.000          0.000          0.000          0.000

          0.000          0.000          0.000          0.000          0.000          0.000          0.000          0.000          0.000          0.000
          0.000          0.000          0.000          0.000          0.000          0.000          0.000          0.000          0.000          0.000
          0.000          0.001          0.005          0.016          0.066          0.191          0.364          0.551          0.725          0.871
          0.966          0.993          0.970          0.918          0.842          0.753          0.662          0.576          0.498          0.424
          0.355          0.293          0.239          0.192          0.151          0.116          0.087          0.065          0.048          0.035
          0.025          0.017          0.011          0.007          0.003          0.001          0.000          0.000          0.000          0.000
          0.000          0.000          0.000          0.000          0.000          0.000          0.000          0.000          0.000          0.000
          0.000          0.000          0.000          0.000          0.000          0.000          0.000          0.000          0.000          0.000
          0.000          0.000          0.000          0.000          0.000          0.000          0.000          0.000          0.000          0.000

          0.000          0.000          0.000          0.000          0.000          0.000          0.000          0.000          0.000          0.000
          0.000          0.000          0.000          0.000          0.000          0.000          0.000          0.000          0.000          0.000
          0.000          0.000          0.000          0.004          0.016          0.069          0.184          0.336          0.496          0.644
          0.763          0.837          0.855          0.834          0.786          0.718          0.642          0.567          0.495          0.429
          0.365          0.307          0.255          0.210          0.169          0.133          0.103          0.079          0.059          0.044
          0.032          0.022          0.014          0.008          0.004          0.001          0.000          0.000          0.000          0.000
          0.000          0.000          0.000          0.000          0.000          0.000          0.000          0.000          0.000          0.000
          0.000          0.000          0.000          0.000          0.000          0.000          0.000          0.000          0.000          0.000
          0.000          0.000          0.000          0.000          0.000          0.000          0.000          0.000          0.000          0.000

          0.000          0.000          0.000          0.000          0.000          0.000          0.000          0.000          0.000          0.000
          0.000          0.000          0.000          0.000          0.000          0.000          0.000          0.000          0.000          0.000
          0.000          0.000          0.000          0.000          0.004          0.017          0.068          0.171          0.302          0.439
          0.562          0.659          0.717          0.730          0.709          0.666          0.609          0.547          0.485          0.424
          0.366          0.312          0.264          0.221          0.181          0.146          0.115          0.089          0.068          0.050
          0.036          0.024          0.015          0.009          0.004          0.001          0.000          0.000          0.000          0.000
          0.000          0.000          0.000          0.000          0.000          0.000          0.000          0.000          0.000          0.000
          0.000          0.000          0.000          0.000          0.000          0.000          0.000          0.000          0.000          0.000
          0.000          0.000          0.000          0.000          0.000          0.000          0.000          0.000          0.000          0.000

          0.000          0.000          0.000          0.000          0.000          0.000          0.000          0.000          0.000          0.000
          0.000          0.000          0.000          0.000          0.000          0.000          0.000          0.000          0.000          0.000
          0.000          0.000          0.000          0.000          0.000          0.004          0.016          0.064          0.154          0.267
          0.381          0.481          0.558          0.604          0.613          0.595          0.559          0.512          0.461          0.408
          0.356          0.307          0.263          0.222          0.185          0.150          0.120          0.093          0.071          0.053
          0.037          0.025          0.016          0.009          0.004          0.001          0.000          0.000          0.000          0.000
          0.000          0.000          0.000          0.000          0.000          0.000          0.000          0.000          0.000          0.000
          0.000          0.000          0.000          0.000          0.000          0.000          0.000          0.000          0.000          0.000
          0.000          0.000          0.000          0.000          0.000          0.000          0.000          0.000          0.000          0.000

          0.000          0.000          0.000          0.000          0.000          0.000          0.000          0.000          0.000          0.000
          0.000          0.000          0.000          0.000          0.000          0.000          0.000          0.000          0.000          0.000
          0.000          0.000          0.000          0.000          0.000          0.000          0.004          0.015          0.057          0.135
          0.229          0.323          0.403          0.464          0.500          0.507          0.492          0.462          0.423          0.380
          0.336          0.293          0.253          0.215          0.180          0.147          0.118          0.092          0.070          0.051
          0.036          0.024          0.014          0.008          0.003          0.001          0.000          0.000          0.000          0.000
          0.000          0.000          0.000          0.000          0.000          0.000          0.000          0.000          0.000          0.000
          0.000          0.000          0.000          0.000          0.000          0.000          0.000          0.000          0.000          0.000
          0.000          0.000          0.000          0.000          0.000          0.000          0.000          0.000          0.000          0.000

          0.000          0.000          0.000          0.000          0.000          0.000          0.000          0.000          0.000          0.000
          0.000          0.000          0.000          0.000          0.000          0.000          0.000          0.000          0.000          0.000
          0.000          0.000          0.000          0.000          0.000          0.000          0.000          0.003          0.014          0.051
          0.116          0.192          0.267          0.332          0.380          0.409          0.414          0.401          0.376          0.343
          0.306          0.270          0.234          0.200          0.168          0.137          0.110          0.085          0.064          0.047
          0.032          0.021          0.012          0.006          0.002          0.000          0.000          0.000          0.000          0.000
          0.000          0.000          0.000          0.000          0.000          0.000          0.000          0.000          0.000          0.000
          0.000          0.000          0.000          0.000          0.000          0.000          0.000          0.000          0.000          0.000
          0.000          0.000          0.000          0.000          0.000          0.000          0.000          0.000          0.000          0.000

          0.000          0.000          0.000          0.000          0.000          0.000          0.000          0.000          0.000          0.000
          0.000          0.000          0.000          0.000          0.000          0.000          0.000          0.000          0.000          0.000
          0.000          0.000          0.000          0.000          0.000          0.000          0.000          0.000          0.003          0.012
          0.043          0.095          0.156          0.216          0.268          0.306          0.326          0.330          0.319          0.297
          0.269          0.239          0.209          0.179          0.150          0.122          0.098          0.076          0.056          0.040
          0.027          0.017          0.010          0.005          0.002          0.000          0.000          0.000          0.000          0.000
          0.000          0.000          0.000          0.000          0.000          0.000          0.000          0.000          0.000          0.000
          0.000          0.000          0.000          0.000          0.000          0.000          0.000          0.000          0.000          0.000
          0.000          0.000          0.000          0.000          0.000          0.000          0.000          0.000          0.000          0.000

          0.000          0.000          0.000          0.000          0.000          0.000          0.000          0.000          0.000          0.000
          0.000          0.000          0.000          0.000          0.000          0.000          0.000          0.000          0.000          0.000
          0.000          0.000          0.000          0.000          0.000          0.000          0.000          0.000          0.000          0.002
          0.010          0.034          0.075          0.122          0.169          0.209          0.237          0.251          0.252          0.243
          0.225          0.203          0.179          0.153          0.128          0.105          0.083          0.064          0.047          0.033
          0.022          0.014          0.007          0.003          0.001          0.000          0.000          0.000          0.000          0.000
          0.000          0.000          0.000          0.000          0.000          0.000          0.000          0.000          0.000          0.000
          0.000          0.000          0.000          0.000          0.000          0.000          0.000          0.000          0.000          0.000
          0.000          0.000          0.000          0.000          0.000          0.000          0.000          0.000          0.000          0.000

          0.000          0.000          0.000          0.000          0.000          0.000          0.000          0.000          0.000          0.000
          0.000          0.000          0.000          0.000          0.000          0.000          0.000          0.000          0.000          0.000
          0.000          0.000          0.000          0.000          0.000          0.000          0.000          0.000          0.000          0.000
          0.002          0.008          0.025          0.055          0.091          0.127          0.156          0.175          0.183          0.183
          0.175          0.161          0.143          0.124          0.104          0.085          0.067          0.051          0.038          0.026
          0.016          0.009          0.004          0.001          0.000          0.000          0.000          0.000          0.000          0.000
          0.000          0.000          0.000          0.000          0.000          0.000          0.000          0.000          0.000          0.000
          0.000          0.000          0.000          0.000          0.000          0.000          0.000          0.000          0.000          0.000
          0.000          0.000          0.000          0.000          0.000          0.000          0.000          0.000          0.000          0.000

          0.000          0.000          0.000          0.000          0.000          0.000          0.000          0.000          0.000          0.000
          0.000          0.000          0.000          0.000          0.000          0.000          0.000          0.000          0.000          0.000
          0.000          0.000          0.000          0.000          0.000          0.000          0.000          0.000          0.000          0.000
          0.000          0.001          0.005          0.018          0.040          0.068          0.096          0.118          0.130          0.136
          0.134          0.126          0.114          0.099          0.083          0.067          0.052          0.038          0.026          0.015
          0.008          0.004          0.001          0.000          0.000          0.000          0.000          0.000          0.000          0.000
          0.000          0.000          0.000          0.000          0.000          0.000          0.000          0.000          0.000          0.000
          0.000          0.000          0.000          0.000          0.000          0.000          0.000          0.000          0.000          0.000
          0.000          0.000          0.000          0.000          0.000          0.000          0.000          0.000          0.000          0.000

