NCOLS    90
NROWS    50
XLLCORNER         225.000
YLLCORNER          32.500
CELLSIZE           0.500          0.500
NODATA_VALUE  0.000
          0.000          0.000          0.000          0.000          0.000          0.000          0.001          0.002          0.004          0.009
          0.016          0.025          0.036          0.048          0.062          0.078          0.095          0.113          0.129          0.145
          0.165          0.186          0.208          0.227          0.244          0.264          0.287          0.310          0.333          0.353
          0.376          0.403          0.431          0.461          0.490          0.525          0.569          0.619          0.674          0.729
          0.785          0.841          0.895          0.945          0.990          1.033          1.076          1.113          1.134          1.131
          1.114          1.088          1.052          1.006          0.949          0.891          0.841          0.792          0.742          0.689
          0.639          0.602          0.566          0.528          0.488          0.450          0.419          0.386          0.349          0.309
          0.271          0.240          0.211          0.184          0.158          0.136          0.118          0.102          0.087          0.073
          0.060          0.050          0.041          0.033          0.026          0.020          0.015          0.011          0.008          0.005

          0.000          0.000          0.000          0.000          0.000          0.000          0.001          0.002          0.004          0.009
          0.016          0.026          0.038          0.051          0.066          0.083          0.102          0.122          0.141          0.160
          0.181          0.205          0.231          0.255          0.277          0.302          0.329          0.356          0.384          0.409
          0.437          0.466          0.496          0.526          0.558          0.597          0.645          0.700          0.763          0.830
          0.899          0.968          1.031          1.089          1.140          1.190          1.238          1.278          1.297          1.290
          1.265          1.231          1.186          1.130          1.062          0.995          0.939          0.887          0.833          0.777
          0.726          0.689          0.654          0.617          0.578          0.542          0.516          0.492          0.464          0.433
          0.402          0.377          0.352          0.323          0.293          0.263          0.239          0.216          0.193          0.171
          0.150          0.134          0.119          0.105          0.092          0.080          0.069          0.059          0.049          0.026

          0.000          0.000          0.000          0.000          0.000          0.000          0.001          0.002          0.005          0.010
          0.018          0.028          0.041          0.055          0.071          0.090          0.111          0.133          0.155          0.176
          0.200          0.226          0.254          0.283          0.309          0.337          0.367          0.397          0.429          0.460
          0.492          0.527          0.562          0.599          0.642          0.697          0.763          0.838          0.922          1.012
          1.104          1.189          1.265          1.332          1.394          1.454          1.508          1.547          1.559          1.543
          1.503          1.452          1.391          1.316          1.230          1.145          1.075          1.011          0.947          0.881
          0.821          0.778          0.738          0.697          0.652          0.612          0.584          0.559          0.531          0.501
          0.472          0.452          0.434          0.413          0.388          0.362          0.342          0.323          0.303          0.281
          0.259          0.240          0.222          0.205          0.188          0.171          0.156          0.141          0.124          0.075

          0.000          0.000          0.000          0.000          0.000          0.001          0.001          0.003          0.006          0.011
          0.019          0.029          0.043          0.058          0.076          0.095          0.117          0.142          0.168          0.192
          0.218          0.246          0.278          0.311          0.342          0.375          0.408          0.443          0.479          0.516
          0.555          0.597          0.641          0.690          0.749          0.826          0.917          1.020          1.133          1.251
          1.364          1.465          1.553          1.633          1.706          1.773          1.827          1.860          1.859          1.822
          1.758          1.684          1.598          1.499          1.389          1.284          1.198          1.122          1.046          0.970
          0.901          0.851          0.806          0.760          0.711          0.666          0.635          0.608          0.579          0.547
          0.517          0.496          0.479          0.459          0.436          0.414          0.397          0.382          0.367          0.349
          0.330          0.314          0.299          0.284          0.269          0.253          0.238          0.224          0.203          0.138

          0.000          0.000          0.000          0.000          0.000          0.001          0.002          0.004          0.007          0.012
          0.019          0.030          0.044          0.061          0.080          0.100          0.124          0.150          0.180          0.209
          0.239          0.271          0.306          0.344          0.383          0.422          0.461          0.503          0.546          0.591
          0.642          0.696          0.754          0.821          0.906          1.015          1.142          1.282          1.432          1.579
          1.714          1.830          1.930          2.021          2.104          2.174          2.220          2.233          2.208          2.136
          2.035          1.926          1.807          1.676          1.537          1.408          1.305          1.215          1.128          1.041
          0.963          0.906          0.856          0.805          0.751          0.702          0.669          0.641          0.611          0.579
          0.549          0.528          0.510          0.490          0.468          0.445          0.428          0.415          0.400          0.384
          0.367          0.353          0.340          0.327          0.314          0.301          0.288          0.274          0.249          0.182

          0.000          0.000          0.000          0.000          0.000          0.001          0.002          0.004          0.007          0.012
          0.020          0.030          0.044          0.062          0.082          0.105          0.130          0.159          0.193          0.229
          0.264          0.301          0.342          0.388          0.437          0.486          0.536          0.587          0.642          0.700
          0.768          0.842          0.925          1.022          1.146          1.301          1.476          1.665          1.859          2.034
          2.188          2.320          2.432          2.533          2.622          2.682          2.704          2.683          2.615          2.493
          2.343          2.187          2.027          1.860          1.690          1.536          1.414          1.309          1.211          1.114
          1.025          0.961          0.904          0.848          0.790          0.738          0.703          0.674          0.645          0.614
          0.585          0.567          0.552          0.536          0.516          0.497          0.482          0.469          0.455          0.440
          0.424          0.409          0.395          0.381          0.367          0.353          0.339          0.323          0.294          0.227

          0.000          0.000          0.000          0.000          0.000          0.001          0.002          0.004          0.007          0.012
          0.020          0.030          0.044          0.062          0.085          0.109          0.136          0.168          0.207          0.250
          0.293          0.337          0.387          0.443          0.505          0.569          0.632          0.699          0.771          0.851
          0.946          1.053          1.175          1.318          1.496          1.713          1.953          2.204          2.440          2.637
          2.807          2.952          3.075          3.185          3.268          3.301          3.283          3.213          3.083          2.899
          2.688          2.477          2.271          2.067          1.868          1.689          1.547          1.427          1.315          1.206
          1.107          1.034          0.972          0.913          0.854          0.805          0.774          0.753          0.732          0.708
          0.686          0.671          0.659          0.644          0.625          0.605          0.587          0.572          0.554          0.536
          0.516          0.497          0.478          0.460          0.441          0.424          0.405          0.386          0.354          0.287

          0.000          0.000          0.000          0.000          0.000          0.001          0.002          0.004          0.007          0.012
          0.020          0.030          0.043          0.062          0.086          0.114          0.143          0.179          0.224          0.275
          0.328          0.382          0.442          0.512          0.592          0.675          0.758          0.848          0.946          1.061
          1.199          1.356          1.536          1.746          2.000          2.297          2.617          2.935          3.201          3.411
          3.594          3.751          3.885          3.994          4.052          4.034          3.961          3.814          3.601          3.340
          3.056          2.783          2.525          2.280          2.048          1.843          1.682          1.548          1.427          1.312
          1.214          1.149          1.102          1.060          1.018          0.980          0.955          0.935          0.911          0.882
          0.853          0.830          0.809          0.787          0.760          0.732          0.706          0.682          0.657          0.632
          0.606          0.581          0.556          0.532          0.508          0.487          0.464          0.440          0.410          0.350

          0.000          0.000          0.000          0.000          0.000          0.001          0.002          0.004          0.007          0.012
          0.019          0.029          0.043          0.062          0.088          0.118          0.151          0.192          0.244          0.305
          0.370          0.437          0.512          0.603          0.706          0.817          0.929          1.055          1.198          1.367
          1.570          1.801          2.067          2.374          2.728          3.124          3.538          3.910          4.189          4.407
          4.600          4.771          4.911          5.000          4.992          4.910          4.745          4.488          4.175          3.819
          3.451          3.104          2.788          2.501          2.240          2.017          1.850          1.730          1.635          1.551
          1.476          1.420          1.371          1.321          1.266          1.213          1.170          1.133          1.092          1.047
          1.001          0.962          0.928          0.892          0.854          0.815          0.779          0.746          0.714          0.683
          0.652          0.623          0.594          0.566          0.541          0.518          0.495          0.470          0.442          0.399

          0.000          0.000          0.000          0.000          0.000          0.000          0.001          0.003          0.006          0.011
          0.018          0.028          0.043          0.062          0.090          0.123          0.160          0.207          0.266          0.339
          0.421          0.504          0.602          0.721          0.858          1.009          1.167          1.351          1.561          1.811
          2.108          2.450          2.839          3.278          3.759          4.275          4.783          5.182          5.470          5.699
          5.906          6.094          6.233          6.262          6.176          5.986          5.675          5.277          4.829          4.355
          3.884          3.458          3.090          2.787          2.550          2.374          2.246          2.140          2.036          1.930
          1.825          1.734          1.650          1.567          1.479          1.395          1.322          1.259          1.196          1.131
          1.067          1.012          0.963          0.915          0.868          0.821          0.779          0.741          0.705          0.671
          0.639          0.609          0.581          0.553          0.529          0.507          0.487          0.465          0.441          0.419

          0.000          0.000          0.000          0.000          0.000          0.000          0.001          0.003          0.005          0.010
          0.018          0.028          0.042          0.063          0.092          0.129          0.170          0.225          0.294          0.382
          0.484          0.591          0.721          0.880          1.066          1.277          1.504          1.773          2.086          2.456
          2.890          3.388          3.948          4.557          5.190          5.840          6.416          6.818          7.137          7.395
          7.640          7.857          7.954          7.876          7.655          7.267          6.748          6.168          5.567          4.977
          4.445          4.029          3.707          3.441          3.204          2.996          2.815          2.647          2.482          2.313
          2.148          2.001          1.868          1.742          1.620          1.506          1.405          1.316          1.230          1.145
          1.063          0.991          0.928          0.870          0.815          0.763          0.718          0.677          0.641          0.608
          0.579          0.554          0.530          0.507          0.487          0.470          0.454          0.438          0.420          0.412

          0.000          0.000          0.000          0.000          0.000          0.000          0.001          0.002          0.005          0.010
          0.017          0.028          0.043          0.065          0.096          0.138          0.185          0.250          0.332          0.439
          0.566          0.704          0.876          1.090          1.344          1.639          1.966          2.360          2.820          3.361
          3.985          4.693          5.473          6.286          7.092          7.871          8.463          8.921          9.305          9.638
          9.921         10.092         10.042          9.795          9.338          8.684          7.967          7.249          6.595          6.025
          5.525          5.080          4.681          4.320          3.986          3.680          3.399          3.136          2.886          2.645
          2.420          2.218          2.034          1.865          1.705          1.556          1.423          1.304          1.195          1.090
          0.992          0.906          0.833          0.767          0.708          0.656          0.611          0.573          0.540          0.512
          0.489          0.471          0.454          0.439          0.426          0.415          0.407          0.397          0.385          0.386

          0.000          0.000          0.000          0.000          0.000          0.000          0.001          0.002          0.004          0.009
          0.017          0.028          0.044          0.068          0.102          0.149          0.204          0.281          0.376          0.506
          0.661          0.838          1.060          1.345          1.686          2.089          2.551          3.115          3.774          4.545
          5.421          6.395          7.439          8.488          9.485         10.366         11.019         11.588         12.087         12.458
         12.676         12.697         12.433         11.968         11.242         10.433          9.688          8.954          8.231          7.524
          6.872          6.262          5.690          5.165          4.691          4.265          3.877          3.514          3.176          2.863
          2.574          2.312          2.074          1.858          1.662          1.483          1.323          1.181          1.054          0.940
          0.837          0.750          0.676          0.611          0.553          0.505          0.466          0.436          0.410          0.390
          0.375          0.366          0.358          0.352          0.346          0.344          0.343          0.341          0.337          0.340

          0.000          0.000          0.000          0.000          0.000          0.000          0.001          0.002          0.004          0.008
          0.016          0.028          0.045          0.071          0.109          0.161          0.224          0.313          0.424          0.580
          0.764          0.985          1.268          1.636          2.083          2.621          3.255          4.033          4.946          6.011
          7.209          8.508          9.859         11.180         12.422         13.353         14.158         14.903         15.463         15.786
         15.896         15.700         15.310         14.687         13.864         12.973         12.028         11.042         10.030          9.038
          8.121          7.279          6.511          5.813          5.187          4.634          4.129          3.660          3.229          2.841
          2.493          2.182          1.906          1.664          1.452          1.264          1.099          0.954          0.827          0.716
          0.618          0.535          0.467          0.410          0.364          0.329          0.304          0.285          0.270          0.258
          0.252          0.251          0.252          0.253          0.256          0.260          0.267          0.273          0.277          0.278

          0.000          0.000          0.000          0.000          0.000          0.000          0.001          0.001          0.004          0.008
          0.016          0.028          0.047          0.074          0.115          0.172          0.243          0.344          0.471          0.656
          0.873          1.147          1.501          1.966          2.539          3.245          4.091          5.134          6.363          7.790
          9.370         11.040         12.745         14.382         15.825         16.979         18.040         18.915         19.499         19.841
         19.843         19.658         19.257         18.344         17.142         15.840         14.441         12.990         11.554         10.218
          9.024          7.952          6.971          6.079          5.286          4.595          3.981          3.430          2.945          2.522
          2.157          1.835          1.551          1.306          1.096          0.916          0.760          0.630          0.523          0.435
          0.363          0.306          0.262          0.227          0.200          0.181          0.168          0.160          0.155          0.151
          0.152          0.156          0.162          0.168          0.175          0.184          0.194          0.205          0.213          0.213

          0.000          0.000          0.000          0.000          0.000          0.000          0.001          0.002          0.004          0.008
          0.016          0.029          0.049          0.078          0.121          0.181          0.259          0.369          0.514          0.730
          0.986          1.324          1.769          2.355          3.087          4.001          5.108          6.474          8.087          9.941
         11.947         14.035         16.162         18.296         20.191         21.641         22.893         23.920         24.754         25.214
         25.322         25.057         23.945         22.305         20.389         18.376         16.360         14.388         12.535         10.848
          9.356          8.020          6.822          5.767          4.864          4.103          3.454          2.890          2.396          1.970
          1.607          1.299          1.040          0.830          0.663          0.527          0.416          0.327          0.256          0.201
          0.159          0.129          0.107          0.091          0.080          0.073          0.069          0.068          0.069          0.070
          0.073          0.080          0.088          0.097          0.106          0.117          0.130          0.144          0.156          0.159

          0.000          0.000          0.000          0.000          0.000          0.000          0.001          0.002          0.004          0.009
          0.017          0.031          0.051          0.081          0.127          0.188          0.274          0.393          0.557          0.803
          1.103          1.519          2.071          2.800          3.729          4.893          6.309          8.053         10.121         12.467
         14.981         17.870         21.116         23.830         25.845         27.552         29.202         30.832         32.232         32.672
         32.329         30.854         28.519         25.764         22.887         20.119         17.490         14.993         12.675         10.636
          8.902          7.408          6.113          5.004          4.071          3.301          2.655          2.106          1.649          1.283
          0.993          0.759          0.572          0.427          0.316          0.232          0.168          0.120          0.087          0.064
          0.049          0.039          0.031          0.026          0.023          0.020          0.019          0.019          0.020          0.021
          0.024          0.029          0.036          0.044          0.052          0.063          0.076          0.090          0.104          0.113

          0.000          0.000          0.000          0.000          0.000          0.000          0.001          0.002          0.004          0.009
          0.017          0.032          0.052          0.083          0.131          0.193          0.287          0.414          0.597          0.873
          1.212          1.713          2.373          3.254          4.413          5.854          7.606          9.768         12.382         15.773
         20.116         24.358         27.937         30.662         33.219         36.012         38.976         41.461         42.234         41.484
         39.193         35.812         31.939         27.973         24.164         20.611         17.304         14.344         11.776          9.606
          7.795          6.251          4.918          3.793          2.894          2.209          1.674          1.253          0.927          0.680
          0.494          0.354          0.253          0.181          0.130          0.094          0.067          0.049          0.036          0.027
          0.021          0.017          0.013          0.011          0.009          0.008          0.007          0.006          0.006          0.006
          0.007          0.008          0.010          0.013          0.017          0.025          0.035          0.047          0.060          0.072

          0.000          0.000          0.000          0.000          0.000          0.000          0.001          0.002          0.004          0.009
          0.017          0.033          0.052          0.085          0.131          0.196          0.297          0.428          0.633          0.934
          1.322          1.897          2.652          3.701          5.102          6.808          8.918         11.945         16.622         22.659
         28.492         33.412         37.567         41.570         46.069         50.433         53.584         54.534         52.983         49.246
         44.228         38.830         33.317         28.111         23.343         19.236         15.692         12.640         10.019          7.802
          5.963          4.439          3.218          2.303          1.648          1.175          0.837          0.598          0.434          0.320
          0.238          0.177          0.132          0.098          0.073          0.054          0.041          0.032          0.025          0.021
          0.017          0.014          0.012          0.010          0.008          0.007          0.006          0.005          0.004          0.004
          0.003          0.003          0.004          0.004          0.005          0.007          0.011          0.017          0.027          0.037

          0.000          0.000          0.000          0.000          0.000          0.000          0.001          0.002          0.004          0.009
          0.017          0.033          0.052          0.087          0.132          0.200          0.305          0.440          0.667          0.984
          1.422          2.079          2.940          4.197          5.895          8.021         11.397         17.439         25.545         33.715
         40.706         46.629         52.742         59.170         65.579         69.767         70.547         67.470         61.598         54.176
         46.164         38.406         31.524         25.633         20.676         16.493         12.910          9.867          7.339          5.302
          3.698          2.478          1.631          1.084          0.743          0.536          0.405          0.316          0.250          0.199
          0.158          0.124          0.096          0.075          0.058          0.045          0.037          0.031          0.026          0.022
          0.019          0.016          0.014          0.012          0.010          0.009          0.008          0.007          0.006          0.005
          0.005          0.004          0.004          0.004          0.003          0.003          0.004          0.005          0.008          0.014

          0.000          0.000          0.000          0.000          0.000          0.000          0.001          0.002          0.004          0.009
          0.018          0.034          0.054          0.091          0.134          0.209          0.313          0.459          0.702          1.032
          1.530          2.253          3.270          4.899          7.225         10.803         17.287         26.862         37.237         47.009
         55.667         64.788         75.134         84.441         91.108         91.579         86.003         76.993         65.711         53.954
         43.190         34.386         27.283         21.342         16.441         12.482          9.253          6.605          4.472          2.820
          1.677          1.034          0.694          0.505          0.393          0.320          0.266          0.223          0.187          0.156
          0.129          0.105          0.085          0.068          0.055          0.045          0.038          0.033          0.028          0.025
          0.022          0.019          0.017          0.015          0.013          0.012          0.010          0.009          0.008          0.008
          0.007          0.007          0.006          0.006          0.005          0.005          0.004          0.004          0.003          0.004

          0.000          0.000          0.000          0.000          0.000          0.000          0.001          0.002          0.004          0.010
          0.018          0.035          0.056          0.093          0.138          0.217          0.319          0.481          0.727          1.077
          1.624          2.400          3.620          5.717          8.979         14.887         25.204         37.289         49.207         61.384
         74.552         90.852        105.633        115.648        117.852        109.357         95.967         79.212         62.815         48.358
         36.889         28.102         21.277         16.018         11.885          8.531          5.810          3.612          2.033          1.121
          0.706          0.511          0.406          0.336          0.282          0.240          0.206          0.178          0.153          0.131
          0.111          0.094          0.078          0.065          0.054          0.045          0.039          0.034          0.030          0.026
          0.023          0.021          0.019          0.017          0.015          0.014          0.013          0.012          0.011          0.010
          0.010          0.009          0.009          0.008          0.007          0.007          0.006          0.005          0.004          0.003

          0.000          0.000          0.000          0.000          0.000          0.000          0.001          0.002          0.004          0.010
          0.018          0.035          0.056          0.093          0.137          0.218          0.318          0.486          0.719          1.084
          1.628          2.420          3.807          6.282         10.684         19.779         33.439         47.041         60.450         78.548
        100.906        125.459        140.929        145.639        136.161        117.719         95.019         73.110         54.205         38.885
         28.232         20.860         15.555         11.318          7.867          5.069          2.896          1.526          0.859          0.574
          0.452          0.371          0.309          0.261          0.223          0.194          0.170          0.150          0.132          0.115
          0.099          0.085          0.073          0.062          0.053          0.045          0.039          0.034          0.030          0.027
          0.024          0.022          0.020          0.018          0.017          0.016          0.015          0.014          0.014          0.013
          0.013          0.012          0.011          0.011          0.010          0.009          0.008          0.007          0.006          0.004

          0.000          0.000          0.000          0.000          0.000          0.000          0.001          0.002          0.005          0.009
          0.019          0.034          0.055          0.090          0.133          0.211          0.307          0.473          0.688          1.053
          1.566          2.359          3.840          6.610         12.556         24.714         39.567         57.196         82.811        114.029
        149.445        171.018        172.560        162.079        140.170        111.861         84.251         60.081         40.701         27.893
         20.180         14.952         10.719          7.248          4.447          2.430          1.282          0.772          0.559          0.434
          0.352          0.293          0.250          0.216          0.188          0.167          0.148          0.132          0.117          0.104
          0.091          0.080          0.070          0.061          0.053          0.046          0.040          0.036          0.032          0.029
          0.026          0.024          0.022          0.021          0.020          0.019          0.018          0.017          0.017          0.016
          0.016          0.015          0.014          0.013          0.012          0.011          0.010          0.009          0.008          0.006

          0.000          0.000          0.000          0.000          0.000          0.000          0.001          0.002          0.004          0.009
          0.019          0.032          0.054          0.084          0.127          0.198          0.290          0.448          0.648          1.001
          1.455          2.232          3.700          6.755         15.612         36.904         77.814        144.898        203.319        239.753
        249.589        220.597        185.792        158.990        126.521         93.855         64.884         42.670         27.491         19.267
         14.244         10.132          6.738          4.047          2.224          1.223          0.798          0.570          0.435          0.349
          0.291          0.249          0.215          0.188          0.166          0.148          0.132          0.119          0.108          0.097
          0.087          0.078          0.069          0.062          0.054          0.048          0.042          0.038          0.034          0.031
          0.029          0.027          0.026          0.024          0.023          0.022          0.022          0.021          0.020          0.020
          0.019          0.018          0.017          0.016          0.015          0.014          0.012          0.011          0.009          0.008

          0.000          0.000          0.000          0.000          0.000          0.000          0.001          0.002          0.004          0.008
          0.017          0.029          0.049          0.075          0.115          0.176          0.262          0.398          0.572          0.880
          1.273          2.004          3.476          8.715         33.618         95.869        233.521        384.354        446.294        443.104
        351.937        242.527        170.628        133.862         98.609         67.911         44.239         27.540         18.202         13.477
          9.581          6.358          3.831          2.166          1.280          0.853          0.602          0.453          0.359          0.296
          0.250          0.216          0.188          0.166          0.147          0.132          0.119          0.109          0.099          0.091
          0.083          0.076          0.069          0.063          0.056          0.051          0.046          0.042          0.038          0.035
          0.033          0.031          0.030          0.029          0.028          0.027          0.026          0.025          0.024          0.023
          0.022          0.021          0.020          0.018          0.017          0.016          0.014          0.012          0.011          0.009

          0.000          0.000          0.000          0.000          0.000          0.000          0.000          0.001          0.003          0.007
          0.014          0.025          0.043          0.065          0.100          0.152          0.227          0.339          0.486          0.739
          1.063          1.698          3.338         17.723        111.882        370.443        769.868        981.085        912.418        645.299
        381.029        215.675        133.239         98.756         69.523         45.971         28.631         17.901         13.047          9.361
          6.198          3.755          2.191          1.379          0.924          0.654          0.482          0.374          0.304          0.254
          0.216          0.188          0.164          0.146          0.130          0.118          0.107          0.099          0.091          0.084
          0.078          0.072          0.067          0.062          0.057          0.052          0.048          0.044          0.041          0.038
          0.036          0.034          0.033          0.031          0.030          0.029          0.029          0.028          0.026          0.025
          0.024          0.023          0.022          0.020          0.018          0.017          0.015          0.013          0.012          0.010

          0.000          0.000          0.000          0.000          0.000          0.000          0.000          0.001          0.002          0.005
          0.012          0.021          0.036          0.055          0.085          0.127          0.191          0.278          0.398          0.588
          0.839          1.340          3.052         32.019        204.552        901.511       1673.582       1785.548       1301.036        680.711
        327.228        147.738         91.411         67.618         46.934         30.297         18.662         12.883          9.215          6.059
          3.681          2.263          1.484          1.011          0.714          0.525          0.399          0.317          0.261          0.220
          0.189          0.165          0.145          0.130          0.117          0.106          0.097          0.090          0.083          0.077
          0.072          0.068          0.064          0.060          0.056          0.052          0.048          0.045          0.042          0.040
          0.038          0.036          0.034          0.033          0.032          0.031          0.030          0.029          0.028          0.026
          0.025          0.024          0.022          0.021          0.019          0.017          0.016          0.014          0.012          0.010

          0.000          0.000          0.000          0.000          0.000          0.000          0.000          0.001          0.002          0.004
          0.010          0.017          0.030          0.045          0.070          0.104          0.155          0.220          0.314          0.441
          0.631          0.977          2.454         35.784        230.327       1209.203       2124.268       2077.156       1307.632        536.822
        207.817         82.707         59.471         44.961         31.022         19.581         12.716          8.839          5.827          3.687
          2.387          1.611          1.117          0.794          0.579          0.434          0.337          0.271          0.226          0.192
          0.167          0.147          0.130          0.117          0.106          0.097          0.090          0.083          0.078          0.073
          0.069          0.065          0.061          0.058          0.055          0.051          0.048          0.046          0.043          0.041
          0.039          0.037          0.036          0.034          0.033          0.032          0.031          0.030          0.029          0.027
          0.026          0.025          0.023          0.021          0.019          0.017          0.016          0.014          0.012          0.011

          0.000          0.000          0.000          0.000          0.000          0.000          0.000          0.001          0.001          0.003
          0.008          0.014          0.024          0.037          0.056          0.084          0.120          0.169          0.235          0.320
          0.458          0.664          1.549         26.627        207.020       1101.099       1745.112       1555.402        796.117        267.246
         98.477         49.225         40.024         29.622         19.639         12.435          8.342          5.638          3.789          2.571
          1.760          1.229          0.875          0.635          0.471          0.360          0.285          0.234          0.198          0.170
          0.149          0.132          0.119          0.108          0.098          0.090          0.084          0.079          0.074          0.070
          0.066          0.063          0.060          0.058          0.055          0.052          0.049          0.047          0.045          0.043
          0.042          0.040          0.039          0.037          0.036          0.035          0.034          0.032          0.031          0.029
          0.027          0.025          0.023          0.021          0.019          0.017          0.016          0.014          0.012          0.011

          0.000          0.000          0.000          0.000          0.000          0.000          0.000          0.000          0.001          0.003
          0.006          0.011          0.019          0.029          0.044          0.065          0.091          0.127          0.169          0.234
          0.323          0.476          0.900          8.215        152.870        289.561        408.506        405.561        254.970         99.640
         47.141         32.559         25.807         18.165         11.958          7.982          5.517          3.894          2.754          1.922
          1.338          0.948          0.687          0.511          0.390          0.305          0.247          0.206          0.176          0.153
          0.135          0.120          0.109          0.099          0.091          0.084          0.079          0.075          0.071          0.068
          0.065          0.063          0.060          0.058          0.056          0.054          0.052          0.050          0.048          0.047
          0.045          0.044          0.042          0.041          0.039          0.037          0.036          0.034          0.032          0.029
          0.028          0.026          0.023          0.021          0.019          0.017          0.015          0.013          0.011          0.010

          0.000          0.000          0.000          0.000          0.000          0.000          0.000          0.000          0.001          0.002
          0.004          0.008          0.014          0.022          0.034          0.049          0.069          0.095          0.127          0.177
          0.242          0.370          0.634          1.988         12.540         47.209         79.278         82.774         56.240         32.496
         22.471         17.931         14.040         10.412          7.519          5.325          3.825          2.766          1.977          1.398
          0.995          0.728          0.547          0.420          0.329          0.263          0.216          0.182          0.157          0.138
          0.122          0.109          0.099          0.091          0.084          0.078          0.074          0.070          0.067          0.064
          0.062          0.060          0.059          0.057          0.056          0.054          0.052          0.051          0.049          0.048
          0.046          0.044          0.043          0.041          0.039          0.037          0.034          0.032          0.030          0.028
          0.025          0.023          0.021          0.018          0.016          0.014          0.013          0.011          0.009          0.008

          0.000          0.000          0.000          0.000          0.000          0.000          0.000          0.000          0.000          0.001
          0.003          0.006          0.010          0.017          0.026          0.038          0.054          0.072          0.099          0.132
          0.187          0.276          0.486          1.019          2.189          4.458          7.338          9.957         11.232         11.304
         10.567          9.396          7.910          6.306          4.806          3.529          2.590          1.910          1.407          1.032
          0.762          0.575          0.444          0.350          0.280          0.227          0.188          0.161          0.140          0.123
          0.109          0.098          0.090          0.082          0.077          0.072          0.068          0.065          0.062          0.060
          0.058          0.056          0.055          0.054          0.053          0.051          0.050          0.049          0.047          0.046
          0.044          0.042          0.040          0.038          0.036          0.034          0.031          0.029          0.027          0.024
          0.022          0.020          0.018          0.016          0.014          0.012          0.011          0.009          0.008          0.007

          0.000          0.000          0.000          0.000          0.000          0.000          0.000          0.000          0.000          0.001
          0.002          0.004          0.007          0.012          0.019          0.029          0.041          0.057          0.076          0.103
          0.141          0.213          0.370          0.727          1.344          2.202          3.211          4.285          5.241          5.821
          5.827          5.375          4.682          3.891          3.086          2.367          1.808          1.384          1.056          0.797
          0.601          0.462          0.363          0.291          0.236          0.194          0.163          0.141          0.124          0.110
          0.098          0.088          0.081          0.075          0.071          0.067          0.064          0.061          0.059          0.057
          0.055          0.053          0.052          0.051          0.050          0.048          0.047          0.046          0.044          0.043
          0.041          0.039          0.037          0.035          0.033          0.030          0.028          0.025          0.023          0.020
          0.018          0.016          0.014          0.012          0.011          0.009          0.008          0.007          0.006          0.005

          0.000          0.000          0.000          0.000          0.000          0.000          0.000          0.000          0.000          0.001
          0.001          0.003          0.005          0.009          0.015          0.023          0.033          0.044          0.060          0.080
          0.110          0.164          0.280          0.514          0.917          1.425          2.006          2.610          3.129          3.436
          3.444          3.234          2.899          2.492          2.045          1.615          1.261          0.981          0.761          0.586
          0.452          0.357          0.288          0.236          0.196          0.163          0.140          0.122          0.108          0.097
          0.087          0.079          0.073          0.069          0.065          0.062          0.060          0.057          0.055          0.054
          0.052          0.051          0.049          0.048          0.047          0.046          0.044          0.043          0.041          0.040
          0.038          0.036          0.034          0.031          0.029          0.026          0.024          0.021          0.019          0.017
          0.014          0.013          0.011          0.009          0.008          0.007          0.006          0.005          0.004          0.004

          0.000          0.000          0.000          0.000          0.000          0.000          0.000          0.000          0.000          0.000
          0.001          0.002          0.004          0.007          0.012          0.018          0.026          0.036          0.048          0.064
          0.087          0.127          0.206          0.366          0.621          0.945          1.315          1.680          1.971          2.150
          2.169          2.056          1.860          1.619          1.351          1.090          0.870          0.696          0.554          0.439
          0.348          0.281          0.232          0.194          0.163          0.138          0.120          0.105          0.094          0.085
          0.077          0.071          0.066          0.062          0.060          0.057          0.055          0.053          0.052          0.051
          0.049          0.048          0.047          0.046          0.044          0.043          0.041          0.040          0.038          0.036
          0.034          0.032          0.030          0.027          0.025          0.022          0.019          0.017          0.015          0.012
          0.010          0.009          0.007          0.006          0.005          0.004          0.004          0.003          0.002          0.002

          0.000          0.000          0.000          0.000          0.000          0.000          0.000          0.000          0.000          0.000
          0.001          0.001          0.003          0.005          0.009          0.014          0.021          0.029          0.039          0.052
          0.070          0.098          0.153          0.259          0.422          0.641          0.877          1.094          1.258          1.354
          1.355          1.279          1.158          1.015          0.863          0.715          0.588          0.482          0.395          0.322
          0.263          0.218          0.184          0.157          0.134          0.115          0.101          0.089          0.081          0.073
          0.067          0.062          0.058          0.055          0.053          0.051          0.049          0.048          0.047          0.046
          0.045          0.043          0.042          0.041          0.040          0.039          0.037          0.035          0.034          0.032
          0.030          0.027          0.025          0.022          0.020          0.017          0.015          0.012          0.010          0.008
          0.006          0.005          0.004          0.003          0.003          0.002          0.002          0.001          0.001          0.001

          0.000          0.000          0.000          0.000          0.000          0.000          0.000          0.000          0.000          0.000
          0.000          0.001          0.002          0.004          0.007          0.011          0.017          0.024          0.032          0.043
          0.057          0.077          0.115          0.184          0.291          0.431          0.572          0.699          0.796          0.848
          0.847          0.803          0.733          0.652          0.567          0.482          0.406          0.342          0.288          0.242
          0.203          0.172          0.148          0.129          0.112          0.097          0.085          0.076          0.068          0.062
          0.057          0.053          0.050          0.048          0.046          0.045          0.043          0.042          0.041          0.040
          0.039          0.038          0.037          0.036          0.035          0.033          0.032          0.030          0.028          0.026
          0.024          0.022          0.020          0.017          0.014          0.012          0.009          0.007          0.006          0.004
          0.003          0.002          0.002          0.001          0.001          0.001          0.001          0.001          0.000          0.000

          0.000          0.000          0.000          0.000          0.000          0.000          0.000          0.000          0.000          0.000
          0.000          0.001          0.002          0.003          0.006          0.009          0.014          0.019          0.026          0.035
          0.046          0.061          0.086          0.131          0.199          0.282          0.365          0.441          0.498          0.529
          0.529          0.504          0.467          0.425          0.379          0.333          0.289          0.250          0.216          0.186
          0.160          0.138          0.121          0.106          0.093          0.081          0.071          0.064          0.058          0.053
          0.049          0.046          0.044          0.042          0.040          0.039          0.038          0.037          0.036          0.035
          0.034          0.033          0.032          0.031          0.029          0.028          0.027          0.025          0.023          0.021
          0.019          0.017          0.014          0.012          0.009          0.007          0.005          0.003          0.002          0.001
          0.001          0.001          0.000          0.000          0.000          0.000          0.000          0.000          0.000          0.000

          0.000          0.000          0.000          0.000          0.000          0.000          0.000          0.000          0.000          0.000
          0.000          0.001          0.001          0.003          0.005          0.007          0.011          0.016          0.022          0.029
          0.038          0.049          0.066          0.094          0.135          0.184          0.235          0.281          0.317          0.339
          0.343          0.333          0.315          0.293          0.269          0.242          0.215          0.191          0.168          0.148
          0.129          0.112          0.099          0.087          0.077          0.067          0.059          0.053          0.048          0.044
          0.041          0.039          0.037          0.036          0.034          0.033          0.032          0.031          0.030          0.029
          0.029          0.027          0.026          0.025          0.024          0.023          0.021          0.019          0.017          0.015
          0.013          0.011          0.009          0.006          0.004          0.002          0.001          0.001          0.000          0.000
          0.000          0.000          0.000          0.000          0.000          0.000          0.000          0.000          0.000          0.000

          0.000          0.000          0.000          0.000          0.000          0.000          0.000          0.000          0.000          0.000
          0.000          0.001          0.001          0.002          0.004          0.006          0.009          0.013          0.018          0.024
          0.031          0.040          0.052          0.069          0.092          0.120          0.150          0.179          0.204          0.222
          0.231          0.231          0.225          0.216          0.203          0.186          0.169          0.151          0.135          0.120
          0.105          0.092          0.080          0.071          0.062          0.054          0.047          0.042          0.039          0.036
          0.033          0.031          0.030          0.029          0.028          0.027          0.026          0.025          0.024          0.023
          0.023          0.021          0.020          0.019          0.018          0.017          0.015          0.014          0.012          0.010
          0.008          0.006          0.004          0.002          0.001          0.001          0.000          0.000          0.000          0.000
          0.000          0.000          0.000          0.000          0.000          0.000          0.000          0.000          0.000          0.000

          0.000          0.000          0.000          0.000          0.000          0.000          0.000          0.000          0.000          0.000
          0.000          0.000          0.001          0.002          0.003          0.005          0.008          0.011          0.015          0.020
          0.026          0.033          0.041          0.051          0.064          0.080          0.097          0.115          0.131          0.146
          0.157          0.163          0.164          0.161          0.155          0.146          0.135          0.123          0.111          0.098
          0.086          0.075          0.066          0.057          0.049          0.043          0.037          0.033          0.030          0.028
          0.026          0.024          0.023          0.022          0.021          0.020          0.019          0.019          0.018          0.017
          0.016          0.015          0.014          0.013          0.012          0.011          0.010          0.008          0.007          0.005
          0.004          0.002          0.001          0.001          0.000          0.000          0.000          0.000          0.000          0.000
          0.000          0.000          0.000          0.000          0.000          0.000          0.000          0.000          0.000          0.000

          0.000          0.000          0.000          0.000          0.000          0.000          0.000          0.000          0.000          0.000
          0.000          0.000          0.001          0.001          0.002          0.004          0.006          0.009          0.013          0.017
          0.022          0.027          0.034          0.041          0.048          0.057          0.067          0.078          0.088          0.100
          0.110          0.117          0.121          0.122          0.120          0.116          0.109          0.100          0.091          0.081
          0.071          0.061          0.053          0.045          0.038          0.032          0.028          0.025          0.022          0.020
          0.019          0.018          0.017          0.016          0.015          0.014          0.013          0.013          0.012          0.011
          0.011          0.010          0.009          0.008          0.007          0.006          0.005          0.004          0.003          0.002
          0.001          0.001          0.000          0.000          0.000          0.000          0.000          0.000          0.000          0.000
          0.000          0.000          0.000          0.000          0.000          0.000          0.000          0.000          0.000          0.000

          0.000          0.000          0.000          0.000          0.000          0.000          0.000          0.000          0.000          0.000
          0.000          0.000          0.001          0.001          0.002          0.003          0.005          0.007          0.010          0.014
          0.018          0.022          0.028          0.033          0.039          0.046          0.053          0.061          0.068          0.076
          0.083          0.089          0.093          0.095          0.095          0.092          0.088          0.081          0.074          0.065
          0.057          0.048          0.041          0.034          0.029          0.024          0.020          0.018          0.016          0.014
          0.013          0.012          0.011          0.011          0.010          0.009          0.009          0.008          0.007          0.007
          0.006          0.006          0.005          0.004          0.004          0.003          0.002          0.001          0.001          0.000
          0.000          0.000          0.000          0.000          0.000          0.000          0.000          0.000          0.000          0.000
          0.000          0.000          0.000          0.000          0.000          0.000          0.000          0.000          0.000          0.000

          0.000          0.000          0.000          0.000          0.000          0.000          0.000          0.000          0.000          0.000
          0.000          0.000          0.000          0.001          0.002          0.003          0.004          0.006          0.008          0.011
          0.015          0.018          0.023          0.027          0.032          0.038          0.044          0.050          0.056          0.062
          0.068          0.072          0.075          0.077          0.077          0.075          0.071          0.066          0.059          0.052
          0.044          0.037          0.030          0.025          0.020          0.017          0.014          0.012          0.010          0.009
          0.008          0.008          0.007          0.006          0.006          0.005          0.005          0.004          0.003          0.003
          0.003          0.002          0.002          0.001          0.001          0.001          0.001          0.000          0.000          0.000
          0.000          0.000          0.000          0.000          0.000          0.000          0.000          0.000          0.000          0.000
          0.000          0.000          0.000          0.000          0.000          0.000          0.000          0.000          0.000          0.000

          0.000          0.000          0.000          0.000          0.000          0.000          0.000          0.000          0.000          0.000
          0.000          0.000          0.000          0.001          0.001          0.002          0.003          0.005          0.007          0.009
          0.012          0.015          0.019          0.022          0.027          0.031          0.036          0.041          0.045          0.050
          0.055          0.058          0.061          0.062          0.061          0.059          0.055          0.051          0.045          0.038
          0.032          0.026          0.021          0.017          0.013          0.010          0.008          0.006          0.005          0.005
          0.004          0.003          0.003          0.003          0.002          0.002          0.002          0.001          0.001          0.001
          0.001          0.001          0.000          0.000          0.000          0.000          0.000          0.000          0.000          0.000
          0.000          0.000          0.000          0.000          0.000          0.000          0.000          0.000          0.000          0.000
          0.000          0.000          0.000          0.000          0.000          0.000          0.000          0.000          0.000          0.000

          0.000          0.000          0.000          0.000          0.000          0.000          0.000          0.000          0.000          0.000
          0.000          0.000          0.000          0.001          0.001          0.002          0.003          0.004          0.006          0.007
          0.010          0.012          0.015          0.019          0.022          0.026          0.030          0.033          0.037          0.040
          0.044          0.046          0.048          0.048          0.047          0.045          0.041          0.037          0.032          0.027
          0.021          0.017          0.013          0.009          0.006          0.004          0.003          0.002          0.002          0.002
          0.001          0.001          0.001          0.001          0.001          0.000          0.000          0.000          0.000          0.000
          0.000          0.000          0.000          0.000          0.000          0.000          0.000          0.000          0.000          0.000
          0.000          0.000          0.000          0.000          0.000          0.000          0.000          0.000          0.000          0.000
          0.000          0.000          0.000          0.000          0.000          0.000          0.000          0.000          0.000          0.000

          0.000          0.000          0.000          0.000          0.000          0.000          0.000          0.000          0.000          0.000
          0.000          0.000          0.000          0.000          0.001          0.001          0.002          0.003          0.004          0.006
          0.008          0.010          0.012          0.015          0.018          0.021          0.024          0.027          0.030          0.032
          0.034          0.036          0.037          0.036          0.035          0.033          0.030          0.026          0.022          0.018
          0.014          0.010          0.007          0.004          0.002          0.001          0.001          0.001          0.000          0.000
          0.000          0.000          0.000          0.000          0.000          0.000          0.000          0.000          0.000          0.000
          0.000          0.000          0.000          0.000          0.000          0.000          0.000          0.000          0.000          0.000
          0.000          0.000          0.000          0.000          0.000          0.000          0.000          0.000          0.000          0.000
          0.000          0.000          0.000          0.000          0.000          0.000          0.000          0.000          0.000          0.000

          0.000          0.000          0.000          0.000          0.000          0.000          0.000          0.000          0.000          0.000
          0.000          0.000          0.000          0.000          0.001          0.001          0.002          0.002          0.003          0.005
          0.006          0.008          0.010          0.012          0.014          0.017          0.019          0.021          0.023          0.025
          0.026          0.027          0.027          0.027          0.025          0.023          0.021          0.018          0.015          0.012
          0.008          0.006          0.003          0.001          0.001          0.000          0.000          0.000          0.000          0.000
          0.000          0.000          0.000          0.000          0.000          0.000          0.000          0.000          0.000          0.000
          0.000          0.000          0.000          0.000          0.000          0.000          0.000          0.000          0.000          0.000
          0.000          0.000          0.000          0.000          0.000          0.000          0.000          0.000          0.000          0.000
          0.000          0.000          0.000          0.000          0.000          0.000          0.000          0.000          0.000          0.000

          0.000          0.000          0.000          0.000          0.000          0.000          0.000          0.000          0.000          0.000
          0.000          0.000          0.000          0.000          0.001          0.001          0.001          0.002          0.003          0.004
          0.005          0.007          0.008          0.010          0.012          0.014          0.016          0.017          0.019          0.020
          0.021          0.022          0.021          0.021          0.020          0.018          0.016          0.013          0.010          0.008
          0.005          0.002          0.001          0.000          0.000          0.000          0.000          0.000          0.000          0.000
          0.000          0.000          0.000          0.000          0.000          0.000          0.000          0.000          0.000          0.000
          0.000          0.000          0.000          0.000          0.000          0.000          0.000          0.000          0.000          0.000
          0.000          0.000          0.000          0.000          0.000          0.000          0.000          0.000          0.000          0.000
          0.000          0.000          0.000          0.000          0.000          0.000          0.000          0.000          0.000          0.000

