NCOLS    90
NROWS    50
XLLCORNER         225.000
YLLCORNER          32.500
CELLSIZE           0.500          0.500
NODATA_VALUE  0.000
          0.000          0.000          0.000          0.000          0.000          0.000          0.000          0.000          0.001          0.004
          0.008          0.013          0.019          0.027          0.035          0.045          0.057          0.068          0.077          0.086
          0.098          0.113          0.129          0.144          0.155          0.168          0.186          0.208          0.231          0.252
          0.273          0.301          0.337          0.379          0.423          0.465          0.511          0.565          0.622          0.675
          0.717          0.749          0.771          0.774          0.754          0.717          0.674          0.630          0.582          0.530
          0.477          0.430          0.386          0.344          0.301          0.261          0.227          0.196          0.167          0.140
          0.115          0.096          0.078          0.063          0.049          0.038          0.029          0.022          0.017          0.012
          0.009          0.007          0.005          0.004          0.003          0.002          0.001          0.001          0.001          0.000
          0.000          0.000          0.000          0.000          0.000          0.000          0.000          0.000          0.000          0.000

          0.000          0.000          0.000          0.000          0.000          0.000          0.000          0.001          0.002          0.004
          0.008          0.015          0.022          0.031          0.041          0.054          0.068          0.083          0.097          0.110
          0.125          0.145          0.168          0.190          0.209          0.229          0.255          0.287          0.323          0.360
          0.400          0.448          0.508          0.578          0.655          0.730          0.810          0.900          0.995          1.082
          1.145          1.184          1.201          1.190          1.144          1.079          1.010          0.942          0.871          0.796
          0.720          0.651          0.589          0.527          0.466          0.408          0.359          0.316          0.276          0.238
          0.204          0.176          0.153          0.131          0.111          0.094          0.079          0.067          0.056          0.047
          0.038          0.031          0.026          0.021          0.016          0.013          0.010          0.008          0.006          0.004
          0.003          0.002          0.002          0.001          0.001          0.001          0.000          0.000          0.000          0.000

          0.000          0.000          0.000          0.000          0.000          0.000          0.000          0.001          0.002          0.005
          0.010          0.017          0.026          0.036          0.049          0.064          0.083          0.104          0.126          0.144
          0.165          0.192          0.225          0.261          0.295          0.328          0.368          0.419          0.478          0.546
          0.618          0.702          0.801          0.918          1.050          1.182          1.318          1.464          1.614          1.744
          1.827          1.861          1.858          1.807          1.719          1.609          1.499          1.397          1.292          1.182
          1.070          0.969          0.878          0.787          0.697          0.612          0.540          0.477          0.419          0.363
          0.313          0.273          0.238          0.207          0.178          0.152          0.132          0.114          0.099          0.085
          0.072          0.062          0.053          0.045          0.038          0.032          0.027          0.022          0.019          0.015
          0.012          0.010          0.008          0.006          0.005          0.003          0.002          0.002          0.001          0.001

          0.000          0.000          0.000          0.000          0.000          0.000          0.001          0.002          0.003          0.006
          0.011          0.018          0.029          0.042          0.057          0.075          0.099          0.127          0.159          0.187
          0.217          0.255          0.302          0.357          0.415          0.471          0.535          0.615          0.711          0.827
          0.954          1.093          1.254          1.445          1.656          1.868          2.083          2.303          2.516          2.681
          2.763          2.770          2.712          2.600          2.449          2.280          2.121          1.972          1.821          1.662
          1.501          1.358          1.227          1.099          0.973          0.854          0.754          0.667          0.587          0.511
          0.443          0.388          0.341          0.298          0.258          0.223          0.194          0.170          0.148          0.129
          0.111          0.096          0.084          0.073          0.063          0.054          0.046          0.040          0.034          0.029
          0.024          0.020          0.017          0.014          0.011          0.009          0.007          0.006          0.004          0.003

          0.000          0.000          0.000          0.000          0.000          0.000          0.001          0.002          0.004          0.007
          0.012          0.020          0.032          0.048          0.066          0.088          0.117          0.154          0.198          0.243
          0.288          0.341          0.410          0.494          0.589          0.685          0.790          0.918          1.074          1.266
          1.477          1.705          1.965          2.258          2.577          2.899          3.219          3.527          3.795          3.970
          4.020          3.958          3.812          3.611          3.380          3.136          2.910          2.698          2.481          2.251
          2.020          1.814          1.628          1.449          1.273          1.112          0.977          0.862          0.758          0.660
          0.573          0.503          0.444          0.391          0.341          0.297          0.261          0.231          0.204          0.179
          0.157          0.138          0.122          0.107          0.094          0.083          0.073          0.064          0.055          0.048
          0.042          0.036          0.031          0.026          0.022          0.018          0.015          0.012          0.010          0.008

          0.000          0.000          0.000          0.000          0.000          0.001          0.001          0.003          0.005          0.008
          0.014          0.022          0.035          0.053          0.077          0.104          0.139          0.186          0.247          0.315
          0.384          0.463          0.565          0.691          0.844          1.005          1.178          1.389          1.644          1.952
          2.292          2.660          3.060          3.493          3.955          4.424          4.878          5.279          5.573          5.714
          5.685          5.511          5.239          4.925          4.591          4.252          3.937          3.634          3.324          2.997
          2.669          2.376          2.111          1.863          1.626          1.411          1.234          1.084          0.949          0.826
          0.718          0.631          0.558          0.494          0.435          0.383          0.342          0.309          0.280          0.254
          0.231          0.211          0.193          0.176          0.161          0.146          0.133          0.120          0.107          0.096
          0.086          0.076          0.066          0.058          0.050          0.043          0.036          0.030          0.025          0.022

          0.000          0.000          0.000          0.000          0.000          0.001          0.002          0.003          0.005          0.009
          0.015          0.024          0.038          0.059          0.089          0.124          0.167          0.228          0.309          0.409
          0.515          0.632          0.784          0.974          1.215          1.480          1.770          2.116          2.520          3.002
          3.541          4.112          4.703          5.326          5.981          6.637          7.242          7.713          7.981          8.029
          7.864          7.519          7.084          6.628          6.166          5.704          5.265          4.837          4.400          3.943
          3.490          3.084          2.723          2.391          2.079          1.800          1.573          1.383          1.217          1.069
          0.943          0.845          0.766          0.698          0.637          0.582          0.538          0.499          0.463          0.429
          0.397          0.367          0.339          0.312          0.286          0.262          0.239          0.217          0.196          0.177
          0.159          0.142          0.126          0.110          0.097          0.084          0.073          0.062          0.053          0.046

          0.000          0.000          0.000          0.000          0.000          0.001          0.002          0.003          0.006          0.010
          0.017          0.027          0.042          0.067          0.104          0.149          0.205          0.283          0.391          0.533
          0.691          0.865          1.092          1.380          1.755          2.186          2.657          3.201          3.829          4.577
          5.397          6.236          7.096          7.985          8.885          9.755         10.492         10.972         11.135         11.019
         10.632         10.047          9.417          8.789          8.167          7.544          6.942          6.349          5.744          5.118
          4.508          3.971          3.502          3.080          2.696          2.361          2.095          1.878          1.693          1.528
          1.387          1.274          1.178          1.090          1.007          0.929          0.859          0.796          0.736          0.679
          0.624          0.574          0.527          0.483          0.442          0.404          0.367          0.333          0.301          0.272
          0.245          0.220          0.196          0.174          0.153          0.135          0.119          0.103          0.089          0.079

          0.000          0.000          0.000          0.000          0.000          0.001          0.002          0.003          0.006          0.011
          0.018          0.030          0.048          0.077          0.121          0.179          0.251          0.353          0.495          0.691
          0.921          1.180          1.520          1.954          2.529          3.197          3.929          4.768          5.741          6.861
          8.051          9.276         10.515         11.739         12.912         13.987         14.792         15.170         15.151         14.756
         14.025         13.177         12.326         11.503         10.687          9.858          9.046          8.243          7.429          6.613
          5.844          5.177          4.602          4.094          3.637          3.243          2.927          2.666          2.437          2.229
          2.039          1.874          1.725          1.586          1.455          1.333          1.223          1.123          1.029          0.942
          0.860          0.785          0.716          0.651          0.592          0.538          0.487          0.440          0.396          0.356
          0.321          0.288          0.258          0.229          0.204          0.182          0.161          0.142          0.124          0.111

          0.000          0.000          0.000          0.000          0.000          0.000          0.001          0.003          0.006          0.011
          0.020          0.033          0.053          0.087          0.138          0.210          0.302          0.433          0.618          0.880
          1.206          1.586          2.082          2.724          3.571          4.571          5.688          6.973          8.431         10.057
         11.779         13.522         15.219         16.832         18.304         19.541         20.286         20.464         20.158         19.322
         18.203         17.078         16.009         14.983         13.935         12.863         11.805         10.752          9.697          8.664
          7.699          6.857          6.135          5.511          4.960          4.478          4.063          3.693          3.354          3.040
          2.753          2.500          2.274          2.068          1.879          1.705          1.549          1.408          1.278          1.159
          1.049          0.949          0.859          0.776          0.701          0.633          0.570          0.513          0.460          0.413
          0.371          0.333          0.298          0.266          0.237          0.212          0.189          0.168          0.148          0.134

          0.000          0.000          0.000          0.000          0.000          0.000          0.001          0.003          0.006          0.012
          0.021          0.036          0.058          0.097          0.156          0.242          0.357          0.520          0.757          1.101
          1.547          2.084          2.786          3.713          4.936          6.408          8.077          9.986         12.127         14.459
         16.858         19.221         21.474         23.549         25.335         26.611         27.155         27.076         26.317         24.946
         23.472         22.120         20.892         19.671         18.362         16.974         15.551         14.107         12.695         11.367
         10.176          9.142          8.238          7.418          6.664          5.976          5.359          4.805          4.305          3.854
          3.451          3.095          2.780          2.498          2.242          2.012          1.807          1.623          1.458          1.308
          1.172          1.051          0.943          0.846          0.758          0.680          0.611          0.548          0.491          0.440
          0.396          0.355          0.318          0.285          0.255          0.228          0.204          0.182          0.162          0.147

          0.000          0.000          0.000          0.000          0.000          0.000          0.001          0.003          0.006          0.012
          0.022          0.038          0.063          0.107          0.176          0.278          0.421          0.627          0.927          1.370
          1.963          2.699          3.673          4.986          6.712          8.812         11.224         13.985         17.038         20.256
         23.474         26.597         29.523         32.127         34.198         35.339         35.638         35.184         33.822         32.037
         30.337         28.881         27.485         25.920         24.137         22.213         20.247         18.347         16.573         14.941
         13.442         12.053         10.784          9.619          8.556          7.596          6.733          5.961          5.275          4.668
          4.134          3.666          3.253          2.887          2.560          2.269          2.013          1.787          1.586          1.406
          1.245          1.105          0.981          0.872          0.776          0.691          0.617          0.552          0.494          0.442
          0.398          0.358          0.322          0.290          0.260          0.235          0.211          0.189          0.169          0.155

          0.000          0.000          0.000          0.000          0.000          0.000          0.001          0.003          0.006          0.012
          0.023          0.041          0.069          0.119          0.198          0.321          0.498          0.754          1.132          1.701
          2.471          3.455          4.770          6.575          8.947         11.848         15.195         19.002         23.148         27.422
         31.631         35.674         39.409         42.619         44.872         45.763         45.784         44.768         42.950         40.966
         39.153         37.497         35.651         33.455         31.003         28.473         26.005         23.601         21.266         19.071
         17.058         15.202         13.483         11.900         10.471          9.200          8.067          7.059          6.174          5.404
          4.735          4.150          3.636          3.184          2.786          2.435          2.127          1.857          1.620          1.411
          1.228          1.071          0.937          0.821          0.722          0.638          0.567          0.507          0.455          0.410
          0.371          0.337          0.306          0.278          0.252          0.229          0.208          0.188          0.170          0.156

          0.000          0.000          0.000          0.000          0.000          0.000          0.001          0.002          0.006          0.013
          0.024          0.045          0.077          0.135          0.227          0.372          0.588          0.902          1.372          2.092
          3.070          4.362          6.114          8.546         11.713         15.557         19.975         24.956         30.344         35.846
         41.226         46.360         51.061         54.937         57.116         57.787         57.395         55.851         53.865         51.715
         49.681         47.577         45.086         42.209         39.045         35.771         32.451         29.216         26.136         23.280
         20.689         18.297         16.065         14.023         12.199         10.597          9.183          7.938          6.854          5.919
          5.114          4.411          3.794          3.253          2.781          2.371          2.018          1.713          1.452          1.229
          1.042          0.888          0.762          0.656          0.568          0.496          0.440          0.395          0.357          0.325
          0.299          0.278          0.258          0.240          0.223          0.207          0.192          0.176          0.161          0.150

          0.000          0.000          0.000          0.000          0.000          0.000          0.001          0.002          0.006          0.013
          0.026          0.051          0.088          0.156          0.262          0.434          0.693          1.070          1.649          2.546
          3.777          5.447          7.754         10.961         15.067         19.958         25.531         31.786         38.532         45.411
         52.134         58.556         64.368         68.736         70.760         71.213         70.183         68.391         66.247         64.091
         61.820         59.247         56.049         52.085         47.658         43.252         38.953         34.805         30.887         27.302
         24.069         21.072         18.281         15.740         13.494         11.550          9.855          8.368          7.079          5.975
          5.033          4.222          3.522          2.923          2.416          1.990          1.632          1.332          1.086          0.885
          0.723          0.597          0.497          0.420          0.359          0.312          0.278          0.252          0.232          0.215
          0.203          0.196          0.189          0.182          0.175          0.168          0.161          0.152          0.143          0.134

          0.000          0.000          0.000          0.000          0.000          0.000          0.001          0.003          0.007          0.015
          0.031          0.060          0.104          0.184          0.307          0.510          0.821          1.276          1.992          3.100
          4.635          6.770          9.761         13.880         19.031         25.048         31.904         39.563         47.822         56.227
         64.476         72.288         79.035         83.411         85.391         85.246         83.900         82.154         80.538         78.610
         76.118         72.597         67.765         62.153         56.293         50.604         45.198         40.086         35.309         30.933
         26.954         23.268         19.854         16.777         14.085         11.783          9.795          8.075          6.611          5.388
          4.379          3.534          2.822          2.227          1.742          1.352          1.043          0.804          0.623          0.486
          0.383          0.307          0.251          0.210          0.178          0.156          0.141          0.131          0.124          0.118
          0.116          0.116          0.117          0.118          0.119          0.120          0.121          0.120          0.116          0.112

          0.000          0.000          0.000          0.000          0.000          0.000          0.001          0.003          0.008          0.018
          0.036          0.071          0.122          0.215          0.361          0.602          0.973          1.530          2.424          3.800
          5.715          8.419         12.207         17.332         23.598         30.800         39.001         48.177         58.060         68.080
         77.679         86.394         93.314         97.726         99.559         99.222         98.373         98.168         97.603         95.754
         91.958         86.394         79.523         71.969         64.470         57.537         51.103         45.046         39.295         33.941
         29.093         24.623         20.516         16.858         13.723         11.101          8.897          7.054          5.536          4.300
          3.297          2.480          1.830          1.334          0.966          0.694          0.495          0.351          0.250          0.179
          0.130          0.098          0.077          0.063          0.054          0.049          0.047          0.046          0.047          0.048
          0.050          0.055          0.059          0.064          0.069          0.074          0.079          0.083          0.085          0.085

          0.000          0.000          0.000          0.000          0.000          0.000          0.001          0.003          0.009          0.021
          0.041          0.080          0.139          0.244          0.415          0.697          1.139          1.824          2.937          4.636
          7.002         10.359         15.011         21.152         28.521         36.869         46.359         56.932         68.185         79.379
         89.683         98.704        105.624        109.964        111.773        112.620        115.053        117.306        117.349        113.922
        107.637         99.294         89.972         80.528         71.700         63.721         56.272         49.027         42.024         35.559
         29.707         24.406         19.674         15.595         12.199          9.444          7.176          5.311          3.836          2.719
          1.900          1.299          0.865          0.564          0.362          0.229          0.143          0.089          0.056          0.036
          0.025          0.018          0.014          0.011          0.010          0.009          0.009          0.009          0.010          0.010
          0.012          0.015          0.019          0.024          0.030          0.037          0.044          0.050          0.055          0.058

          0.000          0.000          0.000          0.000          0.000          0.000          0.001          0.004          0.010          0.022
          0.045          0.088          0.154          0.273          0.471          0.798          1.325          2.162          3.526          5.588
          8.474         12.535         18.075         25.211         33.625         42.994         53.512         65.075         77.255         89.044
         99.469        108.064        114.467        119.002        123.161        129.868        136.694        140.173        137.995        130.936
        120.735        109.374         98.008         87.191         77.236         68.073         59.163         50.487         42.229         34.651
         27.967         22.114         17.052         12.758          9.265          6.538          4.480          2.975          1.917          1.202
          0.735          0.438          0.255          0.146          0.082          0.045          0.024          0.013          0.007          0.004
          0.003          0.002          0.001          0.001          0.001          0.001          0.001          0.001          0.001          0.001
          0.002          0.002          0.003          0.005          0.007          0.011          0.016          0.023          0.029          0.034

          0.000          0.000          0.000          0.000          0.000          0.000          0.001          0.004          0.010          0.024
          0.048          0.096          0.171          0.305          0.536          0.914          1.547          2.565          4.204          6.669
         10.124         14.922         21.374         29.535         38.928         49.206         60.440         72.604         85.129         96.670
        106.255        113.739        120.753        129.632        142.879        156.123        164.173        163.880        155.968        143.446
        129.372        115.574        102.688         90.637         79.408         68.747         58.546         48.492         39.072         30.673
         23.430         17.259         12.158          8.201          5.294          3.278          1.931          1.088          0.596          0.327
          0.179          0.097          0.050          0.025          0.012          0.005          0.002          0.001          0.000          0.000
          0.000          0.000          0.000          0.000          0.000          0.000          0.000          0.000          0.000          0.000
          0.000          0.000          0.000          0.000          0.001          0.002          0.003          0.006          0.010          0.016

          0.000          0.000          0.000          0.000          0.000          0.000          0.001          0.004          0.011          0.026
          0.053          0.108          0.195          0.352          0.621          1.068          1.833          3.056          4.997          7.899
         11.933         17.472         24.883         34.009         44.302         55.404         67.242         79.738         92.883        104.003
        112.165        120.099        133.047        154.454        177.077        190.593        192.143        182.705        166.735        148.494
        131.636        116.735        103.133         90.042         77.542         65.440         53.413         42.010         31.724         23.020
         16.058         10.636          6.596          3.772          2.014          1.015          0.502          0.250          0.130          0.069
          0.037          0.018          0.008          0.003          0.001          0.000          0.000          0.000          0.000          0.000
          0.000          0.000          0.000          0.000          0.000          0.000          0.000          0.000          0.000          0.000
          0.000          0.000          0.000          0.000          0.000          0.000          0.000          0.000          0.001          0.005

          0.000          0.000          0.000          0.000          0.000          0.000          0.002          0.005          0.012          0.028
          0.060          0.123          0.224          0.409          0.721          1.256          2.164          3.594          5.818          9.122
         13.681         19.835         27.942         37.712         48.704         60.577         75.436         94.833        111.893        120.906
        128.100        140.319        166.621        198.528        219.380        221.808        209.733        188.135        165.165        145.286
        129.179        114.365         99.871         85.551         70.945         56.679         43.383         31.678         21.994         14.419
          8.809          4.924          2.486          1.165          0.525          0.249          0.124          0.067          0.038          0.020
          0.010          0.004          0.000          0.000          0.000          0.000          0.000          0.000          0.000          0.000
          0.000          0.000          0.000          0.000          0.000          0.000          0.000          0.000          0.000          0.000
          0.000          0.000          0.000          0.000          0.000          0.000          0.000          0.000          0.000          0.001

          0.000          0.000          0.000          0.000          0.000          0.001          0.002          0.005          0.014          0.031
          0.066          0.137          0.250          0.462          0.816          1.439          2.480          4.074          6.505         10.047
         14.778         21.094         29.386         39.503         52.298         71.008         98.461        130.400        151.135        159.548
        169.864        192.736        224.227        244.931        248.911        233.765        204.972        177.010        155.244        138.029
        122.565        107.337         91.589         74.758         58.465         43.801         31.131         20.785         12.864          7.248
          3.708          1.766          0.805          0.388          0.204          0.113          0.063          0.035          0.018          0.009
          0.004          0.001          0.000          0.000          0.000          0.000          0.000          0.000          0.000          0.000
          0.000          0.000          0.000          0.000          0.000          0.000          0.000          0.000          0.000          0.000
          0.000          0.000          0.000          0.000          0.000          0.000          0.000          0.000          0.000          0.000

          0.000          0.000          0.000          0.000          0.000          0.001          0.002          0.005          0.015          0.033
          0.072          0.148          0.273          0.504          0.887          1.570          2.665          4.301          6.754         10.291
         14.916         21.143         29.671         42.224         63.418         96.374        139.578        184.359        208.151        224.036
        247.108        272.740        284.887        276.389        251.844        214.943        181.956        157.995        139.811        125.086
        110.721         94.324         76.429         59.103         43.475         30.088         19.376         11.455          6.155          3.070
          1.524          0.787          0.438          0.256          0.151          0.088          0.049          0.026          0.013          0.006
          0.002          0.001          0.000          0.000          0.000          0.000          0.000          0.000          0.000          0.000
          0.000          0.000          0.000          0.000          0.000          0.000          0.000          0.000          0.000          0.000
          0.000          0.000          0.000          0.000          0.000          0.000          0.000          0.000          0.000          0.000

          0.000          0.000          0.000          0.000          0.000          0.001          0.002          0.006          0.015          0.034
          0.075          0.153          0.283          0.517          0.903          1.594          2.691          4.296          6.686         10.115
         14.561         20.930         31.287         51.278         88.435        138.602        198.582        249.574        273.148        302.627
        334.345        344.492        324.010        277.173        221.728        178.149        151.486        134.138        121.487        109.008
         93.516         75.863         58.359         42.339         28.630         17.893         10.344          5.660          3.033          1.670
          0.966          0.580          0.355          0.220          0.135          0.081          0.047          0.025          0.013          0.006
          0.002          0.001          0.000          0.000          0.000          0.000          0.000          0.000          0.000          0.000
          0.000          0.000          0.000          0.000          0.000          0.000          0.000          0.000          0.000          0.000
          0.000          0.000          0.000          0.000          0.000          0.000          0.000          0.000          0.000          0.000

          0.000          0.000          0.000          0.000          0.000          0.001          0.002          0.005          0.014          0.031
          0.071          0.140          0.266          0.481          0.843          1.500          2.538          4.022          6.202          9.261
         13.282         19.753         33.121         67.301        130.568        217.699        318.864        378.788        398.127        401.797
        395.818        372.316        317.446        241.059        175.591        138.652        123.525        113.519        102.993         89.611
         73.161         56.078         40.286         26.785         16.538          9.749          5.690          3.366          2.021          1.227
          0.760          0.482          0.312          0.202          0.130          0.082          0.050          0.028          0.015          0.007
          0.003          0.001          0.000          0.000          0.000          0.000          0.000          0.000          0.000          0.000
          0.000          0.000          0.000          0.000          0.000          0.000          0.000          0.000          0.000          0.000
          0.000          0.000          0.000          0.000          0.000          0.000          0.000          0.000          0.000          0.000

          0.000          0.000          0.000          0.000          0.000          0.000          0.001          0.004          0.011          0.026
          0.060          0.117          0.230          0.409          0.726          1.296          2.192          3.437          5.236          7.730
         11.092         17.267         34.089         94.058        213.526        382.728        544.417        615.717        587.826        503.634
        410.876        340.384        268.049        190.711        136.731        112.508        104.463         95.461         83.521         68.784
         52.735         37.640         25.006         15.775          9.769          6.096          3.834          2.406          1.506          0.952
          0.619          0.414          0.281          0.191          0.129          0.086          0.055          0.034          0.019          0.010
          0.005          0.002          0.001          0.000          0.000          0.000          0.000          0.000          0.000          0.000
          0.000          0.000          0.000          0.000          0.000          0.000          0.000          0.000          0.000          0.000
          0.000          0.000          0.000          0.000          0.000          0.000          0.000          0.000          0.000          0.000

          0.000          0.000          0.000          0.000          0.000          0.000          0.001          0.003          0.008          0.020
          0.048          0.094          0.188          0.333          0.596          1.060          1.775          2.732          4.099          5.963
          8.531         13.862         33.008        127.603        302.578        613.493        830.671        876.533        743.605        541.553
        373.392        277.034        214.640        155.167        112.659         96.947         88.108         76.535         63.224         48.830
         34.976         23.668         15.579         10.182          6.659          4.344          2.814          1.814          1.178          0.783
          0.535          0.373          0.262          0.185          0.129          0.089          0.060          0.039          0.024          0.014
          0.008          0.004          0.002          0.001          0.000          0.000          0.000          0.000          0.000          0.000
          0.000          0.000          0.000          0.000          0.000          0.000          0.000          0.000          0.000          0.000
          0.000          0.000          0.000          0.000          0.000          0.000          0.000          0.000          0.000          0.000

          0.000          0.000          0.000          0.000          0.000          0.000          0.001          0.002          0.006          0.015
          0.036          0.074          0.148          0.263          0.467          0.818          1.341          2.022          2.963          4.227
          5.963          9.716         26.484        130.673        313.434        783.700       1035.731        987.188        739.304        475.583
        301.613        218.477        170.283        123.728         93.620         81.785         70.192         57.599         44.731         32.717
         22.872         15.747         10.793          7.349          4.943          3.288          2.180          1.453          0.983          0.679
          0.479          0.343          0.249          0.180          0.130          0.093          0.066          0.045          0.030          0.019
          0.012          0.007          0.004          0.002          0.001          0.001          0.000          0.000          0.000          0.000
          0.000          0.000          0.000          0.000          0.000          0.000          0.000          0.000          0.000          0.000
          0.000          0.000          0.000          0.000          0.000          0.000          0.000          0.000          0.000          0.000

          0.000          0.000          0.000          0.000          0.000          0.000          0.001          0.002          0.004          0.011
          0.027          0.057          0.112          0.198          0.344          0.589          0.931          1.367          1.944          2.698
          3.734          5.672         14.436         81.302        250.480        757.216        933.092        799.218        537.179        320.751
        207.923        156.085        120.594         91.644         76.296         65.198         53.061         41.325         31.086         22.713
         16.227         11.499          8.070          5.597          3.830          2.598          1.765          1.209          0.842          0.598
          0.433          0.319          0.238          0.178          0.133          0.099          0.072          0.052          0.036          0.025
          0.016          0.010          0.006          0.004          0.002          0.001          0.001          0.000          0.000          0.000
          0.000          0.000          0.000          0.000          0.000          0.000          0.000          0.000          0.000          0.000
          0.000          0.000          0.000          0.000          0.000          0.000          0.000          0.000          0.000          0.000

          0.000          0.000          0.000          0.000          0.000          0.000          0.000          0.001          0.003          0.008
          0.019          0.039          0.076          0.133          0.225          0.373          0.562          0.822          1.142          1.606
          2.257          3.357          6.474         23.980        149.785        263.598        343.816        349.498        270.668        184.721
        136.992        105.204         82.867         70.065         60.866         49.914         39.168         30.098         22.823         16.928
         12.261          8.803          6.268          4.411          3.059          2.104          1.455          1.019          0.729          0.532
          0.395          0.298          0.228          0.175          0.135          0.104          0.079          0.059          0.043          0.031
          0.021          0.015          0.010          0.006          0.004          0.002          0.001          0.001          0.000          0.000
          0.000          0.000          0.000          0.000          0.000          0.000          0.000          0.000          0.000          0.000
          0.000          0.000          0.000          0.000          0.000          0.000          0.000          0.000          0.000          0.000

          0.000          0.000          0.000          0.000          0.000          0.000          0.000          0.001          0.002          0.005
          0.011          0.024          0.046          0.081          0.135          0.216          0.323          0.484          0.672          0.988
          1.395          2.167          3.661          8.848         31.119         97.004        161.219        179.451        151.150        117.055
         91.667         72.715         61.804         55.114         46.987         37.693         29.373         22.651         17.221         12.755
          9.233          6.655          4.774          3.393          2.386          1.671          1.184          0.854          0.628          0.469
          0.356          0.274          0.214          0.168          0.133          0.105          0.082          0.063          0.048          0.036
          0.026          0.019          0.013          0.009          0.006          0.004          0.002          0.001          0.001          0.000
          0.000          0.000          0.000          0.000          0.000          0.000          0.000          0.000          0.000          0.000
          0.000          0.000          0.000          0.000          0.000          0.000          0.000          0.000          0.000          0.000

          0.000          0.000          0.000          0.000          0.000          0.000          0.000          0.000          0.001          0.003
          0.006          0.014          0.027          0.048          0.080          0.125          0.195          0.279          0.404          0.573
          0.821          1.254          2.201          4.456         10.057         23.433         42.968         57.042         62.531         61.696
         56.519         51.116         46.995         42.096         35.429         28.212         21.960         16.914         12.824          9.481
          6.877          4.986          3.612          2.605          1.864          1.332          0.966          0.715          0.539          0.411
          0.318          0.249          0.197          0.158          0.127          0.103          0.082          0.065          0.051          0.039
          0.030          0.023          0.017          0.012          0.008          0.006          0.004          0.002          0.001          0.001
          0.000          0.000          0.000          0.000          0.000          0.000          0.000          0.000          0.000          0.000
          0.000          0.000          0.000          0.000          0.000          0.000          0.000          0.000          0.000          0.000

          0.000          0.000          0.000          0.000          0.000          0.000          0.000          0.000          0.001          0.001
          0.003          0.008          0.015          0.028          0.045          0.073          0.109          0.158          0.220          0.311
          0.441          0.718          1.339          2.888          6.180         11.721         19.344         27.427         33.917         37.776
         38.467         37.357         35.033         31.221         26.177         20.905         16.376         12.692          9.668          7.178
          5.234          3.826          2.805          2.052          1.490          1.081          0.796          0.600          0.460          0.358
          0.282          0.225          0.181          0.148          0.121          0.100          0.081          0.066          0.053          0.042
          0.033          0.026          0.020          0.015          0.011          0.008          0.005          0.003          0.002          0.001
          0.000          0.000          0.000          0.000          0.000          0.000          0.000          0.000          0.000          0.000
          0.000          0.000          0.000          0.000          0.000          0.000          0.000          0.000          0.000          0.000

          0.000          0.000          0.000          0.000          0.000          0.000          0.000          0.000          0.000          0.001
          0.002          0.004          0.009          0.016          0.026          0.043          0.062          0.090          0.123          0.172
          0.252          0.419          0.845          1.917          4.152          7.505         11.869         16.941         21.767         25.333
         26.798         26.529         24.958         22.303         18.820         15.154         11.969          9.337          7.147          5.330
          3.906          2.877          2.130          1.576          1.160          0.853          0.640          0.492          0.385          0.306
          0.245          0.199          0.164          0.136          0.114          0.095          0.079          0.066          0.054          0.044
          0.035          0.028          0.022          0.017          0.012          0.009          0.006          0.004          0.002          0.001
          0.000          0.000          0.000          0.000          0.000          0.000          0.000          0.000          0.000          0.000
          0.000          0.000          0.000          0.000          0.000          0.000          0.000          0.000          0.000          0.000

          0.000          0.000          0.000          0.000          0.000          0.000          0.000          0.000          0.000          0.000
          0.001          0.002          0.005          0.009          0.015          0.024          0.036          0.051          0.068          0.094
          0.135          0.227          0.478          1.130          2.569          4.783          7.672         11.006         14.252         16.771
         17.959         17.934         16.983         15.308         13.056         10.615          8.465          6.663          5.145          3.870
          2.863          2.129          1.593          1.192          0.889          0.664          0.507          0.396          0.315          0.254
          0.207          0.170          0.142          0.120          0.102          0.087          0.074          0.062          0.052          0.043
          0.035          0.028          0.022          0.017          0.012          0.009          0.006          0.003          0.002          0.001
          0.000          0.000          0.000          0.000          0.000          0.000          0.000          0.000          0.000          0.000
          0.000          0.000          0.000          0.000          0.000          0.000          0.000          0.000          0.000          0.000

          0.000          0.000          0.000          0.000          0.000          0.000          0.000          0.000          0.000          0.000
          0.001          0.001          0.003          0.005          0.009          0.014          0.021          0.029          0.038          0.052
          0.075          0.126          0.265          0.637          1.463          2.837          4.644          6.693          8.671         10.278
         11.145         11.252         10.756          9.795          8.469          6.984          5.642          4.489          3.502          2.662
          1.989          1.494          1.130          0.857          0.648          0.492          0.381          0.302          0.244          0.199
          0.164          0.137          0.115          0.098          0.084          0.073          0.062          0.053          0.045          0.038
          0.031          0.025          0.020          0.015          0.011          0.008          0.005          0.003          0.002          0.001
          0.000          0.000          0.000          0.000          0.000          0.000          0.000          0.000          0.000          0.000
          0.000          0.000          0.000          0.000          0.000          0.000          0.000          0.000          0.000          0.000

          0.000          0.000          0.000          0.000          0.000          0.000          0.000          0.000          0.000          0.000
          0.000          0.001          0.002          0.003          0.005          0.008          0.012          0.016          0.021          0.029
          0.041          0.067          0.141          0.338          0.793          1.587          2.640          3.843          4.998          5.970
          6.535          6.656          6.425          5.917          5.190          4.347          3.558          2.865          2.263          1.745
          1.323          1.009          0.776          0.599          0.461          0.356          0.280          0.226          0.185          0.153
          0.127          0.107          0.091          0.078          0.068          0.059          0.051          0.044          0.037          0.031
          0.026          0.021          0.017          0.013          0.009          0.007          0.004          0.003          0.001          0.001
          0.000          0.000          0.000          0.000          0.000          0.000          0.000          0.000          0.000          0.000
          0.000          0.000          0.000          0.000          0.000          0.000          0.000          0.000          0.000          0.000

          0.000          0.000          0.000          0.000          0.000          0.000          0.000          0.000          0.000          0.000
          0.000          0.000          0.001          0.002          0.003          0.005          0.007          0.009          0.012          0.016
          0.022          0.036          0.073          0.173          0.409          0.836          1.406          2.057          2.681          3.220
          3.560          3.669          3.590          3.356          2.994          2.552          2.122          1.736          1.394          1.094
          0.846          0.658          0.517          0.407          0.320          0.252          0.202          0.165          0.137          0.115
          0.097          0.083          0.071          0.061          0.054          0.047          0.041          0.035          0.030          0.026
          0.022          0.018          0.014          0.011          0.008          0.005          0.003          0.002          0.001          0.000
          0.000          0.000          0.000          0.000          0.000          0.000          0.000          0.000          0.000          0.000
          0.000          0.000          0.000          0.000          0.000          0.000          0.000          0.000          0.000          0.000

          0.000          0.000          0.000          0.000          0.000          0.000          0.000          0.000          0.000          0.000
          0.000          0.000          0.001          0.001          0.002          0.003          0.004          0.005          0.007          0.009
          0.012          0.019          0.037          0.085          0.200          0.413          0.703          1.038          1.363          1.646
          1.834          1.912          1.894          1.796          1.627          1.410          1.192          0.993          0.813          0.651
          0.515          0.409          0.327          0.262          0.210          0.169          0.137          0.114          0.096          0.082
          0.070          0.060          0.052          0.046          0.041          0.036          0.031          0.027          0.023          0.020
          0.017          0.014          0.011          0.008          0.006          0.004          0.002          0.001          0.001          0.000
          0.000          0.000          0.000          0.000          0.000          0.000          0.000          0.000          0.000          0.000
          0.000          0.000          0.000          0.000          0.000          0.000          0.000          0.000          0.000          0.000

          0.000          0.000          0.000          0.000          0.000          0.000          0.000          0.000          0.000          0.000
          0.000          0.000          0.000          0.001          0.001          0.002          0.002          0.003          0.004          0.005
          0.007          0.010          0.018          0.038          0.086          0.180          0.313          0.471          0.629          0.772
          0.877          0.927          0.930          0.895          0.825          0.728          0.625          0.527          0.438          0.357
          0.287          0.231          0.188          0.153          0.125          0.102          0.084          0.071          0.061          0.052
          0.045          0.040          0.035          0.031          0.027          0.024          0.021          0.019          0.016          0.013
          0.011          0.009          0.007          0.005          0.003          0.002          0.001          0.000          0.000          0.000
          0.000          0.000          0.000          0.000          0.000          0.000          0.000          0.000          0.000          0.000
          0.000          0.000          0.000          0.000          0.000          0.000          0.000          0.000          0.000          0.000

          0.000          0.000          0.000          0.000          0.000          0.000          0.000          0.000          0.000          0.000
          0.000          0.000          0.000          0.000          0.001          0.001          0.001          0.002          0.003          0.003
          0.004          0.006          0.009          0.016          0.031          0.065          0.115          0.179          0.246          0.312
          0.367          0.397          0.406          0.396          0.371          0.334          0.291          0.250          0.211          0.175
          0.143          0.118          0.098          0.082          0.068          0.056          0.047          0.041          0.035          0.031
          0.027          0.024          0.021          0.019          0.017          0.015          0.013          0.011          0.010          0.008
          0.007          0.005          0.004          0.002          0.002          0.001          0.000          0.000          0.000          0.000
          0.000          0.000          0.000          0.000          0.000          0.000          0.000          0.000          0.000          0.000
          0.000          0.000          0.000          0.000          0.000          0.000          0.000          0.000          0.000          0.000

          0.000          0.000          0.000          0.000          0.000          0.000          0.000          0.000          0.000          0.000
          0.000          0.000          0.000          0.000          0.000          0.001          0.001          0.001          0.002          0.002
          0.002          0.003          0.004          0.007          0.011          0.021          0.036          0.058          0.082          0.109
          0.133          0.148          0.156          0.155          0.149          0.138          0.124          0.110          0.096          0.082
          0.069          0.059          0.050          0.043          0.037          0.031          0.027          0.023          0.020          0.018
          0.016          0.014          0.012          0.011          0.010          0.009          0.008          0.006          0.005          0.004
          0.003          0.003          0.002          0.001          0.001          0.000          0.000          0.000          0.000          0.000
          0.000          0.000          0.000          0.000          0.000          0.000          0.000          0.000          0.000          0.000
          0.000          0.000          0.000          0.000          0.000          0.000          0.000          0.000          0.000          0.000

          0.000          0.000          0.000          0.000          0.000          0.000          0.000          0.000          0.000          0.000
          0.000          0.000          0.000          0.000          0.000          0.000          0.001          0.001          0.001          0.001
          0.002          0.002          0.003          0.003          0.005          0.007          0.011          0.017          0.023          0.031
          0.040          0.047          0.053          0.057          0.058          0.057          0.054          0.050          0.045          0.040
          0.035          0.031          0.027          0.024          0.021          0.018          0.016          0.014          0.012          0.011
          0.009          0.008          0.007          0.007          0.006          0.005          0.004          0.004          0.003          0.002
          0.002          0.001          0.001          0.000          0.000          0.000          0.000          0.000          0.000          0.000
          0.000          0.000          0.000          0.000          0.000          0.000          0.000          0.000          0.000          0.000
          0.000          0.000          0.000          0.000          0.000          0.000          0.000          0.000          0.000          0.000

          0.000          0.000          0.000          0.000          0.000          0.000          0.000          0.000          0.000          0.000
          0.000          0.000          0.000          0.000          0.000          0.000          0.000          0.001          0.001          0.001
          0.001          0.001          0.002          0.002          0.003          0.004          0.005          0.007          0.010          0.013
          0.016          0.019          0.022          0.025          0.026          0.026          0.026          0.025          0.024          0.022
          0.019          0.017          0.016          0.014          0.012          0.010          0.009          0.008          0.007          0.006
          0.005          0.005          0.004          0.003          0.003          0.002          0.002          0.002          0.001          0.001
          0.001          0.000          0.000          0.000          0.000          0.000          0.000          0.000          0.000          0.000
          0.000          0.000          0.000          0.000          0.000          0.000          0.000          0.000          0.000          0.000
          0.000          0.000          0.000          0.000          0.000          0.000          0.000          0.000          0.000          0.000

          0.000          0.000          0.000          0.000          0.000          0.000          0.000          0.000          0.000          0.000
          0.000          0.000          0.000          0.000          0.000          0.000          0.000          0.000          0.000          0.001
          0.001          0.001          0.001          0.001          0.002          0.002          0.003          0.004          0.006          0.007
          0.009          0.011          0.012          0.013          0.014          0.014          0.014          0.014          0.013          0.012
          0.011          0.010          0.008          0.007          0.006          0.005          0.004          0.004          0.003          0.003
          0.002          0.002          0.001          0.001          0.001          0.001          0.001          0.000          0.000          0.000
          0.000          0.000          0.000          0.000          0.000          0.000          0.000          0.000          0.000          0.000
          0.000          0.000          0.000          0.000          0.000          0.000          0.000          0.000          0.000          0.000
          0.000          0.000          0.000          0.000          0.000          0.000          0.000          0.000          0.000          0.000

          0.000          0.000          0.000          0.000          0.000          0.000          0.000          0.000          0.000          0.000
          0.000          0.000          0.000          0.000          0.000          0.000          0.000          0.000          0.000          0.000
          0.000          0.001          0.001          0.001          0.001          0.002          0.002          0.003          0.004          0.005
          0.006          0.007          0.007          0.008          0.008          0.008          0.008          0.007          0.007          0.006
          0.005          0.004          0.003          0.003          0.002          0.002          0.001          0.001          0.001          0.001
          0.001          0.000          0.000          0.000          0.000          0.000          0.000          0.000          0.000          0.000
          0.000          0.000          0.000          0.000          0.000          0.000          0.000          0.000          0.000          0.000
          0.000          0.000          0.000          0.000          0.000          0.000          0.000          0.000          0.000          0.000
          0.000          0.000          0.000          0.000          0.000          0.000          0.000          0.000          0.000          0.000

          0.000          0.000          0.000          0.000          0.000          0.000          0.000          0.000          0.000          0.000
          0.000          0.000          0.000          0.000          0.000          0.000          0.000          0.000          0.000          0.000
          0.000          0.000          0.001          0.001          0.001          0.001          0.002          0.002          0.002          0.003
          0.003          0.004          0.004          0.004          0.004          0.004          0.003          0.003          0.002          0.002
          0.001          0.001          0.001          0.001          0.000          0.000          0.000          0.000          0.000          0.000
          0.000          0.000          0.000          0.000          0.000          0.000          0.000          0.000          0.000          0.000
          0.000          0.000          0.000          0.000          0.000          0.000          0.000          0.000          0.000          0.000
          0.000          0.000          0.000          0.000          0.000          0.000          0.000          0.000          0.000          0.000
          0.000          0.000          0.000          0.000          0.000          0.000          0.000          0.000          0.000          0.000

          0.000          0.000          0.000          0.000          0.000          0.000          0.000          0.000          0.000          0.000
          0.000          0.000          0.000          0.000          0.000          0.000          0.000          0.000          0.000          0.000
          0.000          0.000          0.000          0.001          0.001          0.001          0.001          0.001          0.001          0.002
          0.002          0.002          0.002          0.001          0.001          0.001          0.001          0.001          0.000          0.000
          0.000          0.000          0.000          0.000          0.000          0.000          0.000          0.000          0.000          0.000
          0.000          0.000          0.000          0.000          0.000          0.000          0.000          0.000          0.000          0.000
          0.000          0.000          0.000          0.000          0.000          0.000          0.000          0.000          0.000          0.000
          0.000          0.000          0.000          0.000          0.000          0.000          0.000          0.000          0.000          0.000
          0.000          0.000          0.000          0.000          0.000          0.000          0.000          0.000          0.000          0.000

          0.000          0.000          0.000          0.000          0.000          0.000          0.000          0.000          0.000          0.000
          0.000          0.000          0.000          0.000          0.000          0.000          0.000          0.000          0.000          0.000
          0.000          0.000          0.000          0.000          0.000          0.000          0.001          0.001          0.001          0.001
          0.001          0.001          0.000          0.000          0.000          0.000          0.000          0.000          0.000          0.000
          0.000          0.000          0.000          0.000          0.000          0.000          0.000          0.000          0.000          0.000
          0.000          0.000          0.000          0.000          0.000          0.000          0.000          0.000          0.000          0.000
          0.000          0.000          0.000          0.000          0.000          0.000          0.000          0.000          0.000          0.000
          0.000          0.000          0.000          0.000          0.000          0.000          0.000          0.000          0.000          0.000
          0.000          0.000          0.000          0.000          0.000          0.000          0.000          0.000          0.000          0.000

