NCOLS    90
NROWS    50
XLLCORNER         225.000
YLLCORNER          32.500
CELLSIZE           0.500          0.500
NODATA_VALUE  0.000
          0.000          0.000          0.000          0.000          0.000          0.000          0.001          0.004          0.009          0.020
          0.037          0.059          0.086          0.117          0.153          0.195          0.241          0.287          0.330          0.375
          0.427          0.484          0.542          0.593          0.640          0.694          0.757          0.824          0.888          0.950
          1.019          1.103          1.193          1.291          1.393          1.507          1.634          1.765          1.893          2.012
          2.126          2.234          2.330          2.408          2.469          2.536          2.622          2.709          2.782          2.821
          2.837          2.827          2.772          2.676          2.548          2.415          2.290          2.164          2.033          1.896
          1.776          1.685          1.600          1.509          1.412          1.322          1.252          1.178          1.090          0.994
          0.906          0.840          0.779          0.717          0.654          0.598          0.558          0.522          0.486          0.449
          0.417          0.394          0.375          0.356          0.336          0.316          0.298          0.269          0.198          0.079

          0.000          0.000          0.000          0.000          0.000          0.001          0.002          0.004          0.009          0.020
          0.038          0.062          0.092          0.126          0.166          0.212          0.264          0.318          0.370          0.422
          0.482          0.549          0.620          0.688          0.751          0.821          0.899          0.981          1.064          1.146
          1.237          1.335          1.438          1.548          1.663          1.789          1.919          2.053          2.189          2.318
          2.442          2.554          2.647          2.717          2.765          2.822          2.897          2.975          3.019          3.032
          3.022          2.996          2.939          2.852          2.740          2.627          2.524          2.418          2.302          2.172
          2.048          1.951          1.858          1.759          1.650          1.547          1.473          1.399          1.314          1.220
          1.132          1.066          1.003          0.933          0.857          0.787          0.737          0.693          0.646          0.598
          0.555          0.525          0.501          0.477          0.451          0.426          0.405          0.378          0.301          0.142

          0.000          0.000          0.000          0.000          0.001          0.001          0.003          0.006          0.013          0.025
          0.044          0.070          0.103          0.141          0.185          0.236          0.293          0.355          0.418          0.478
          0.544          0.619          0.700          0.782          0.860          0.942          1.031          1.127          1.229          1.333
          1.447          1.569          1.700          1.841          1.990          2.152          2.320          2.490          2.659          2.817
          2.960          3.078          3.167          3.223          3.256          3.301          3.368          3.419          3.443          3.432
          3.398          3.352          3.278          3.172          3.041          2.913          2.802          2.690          2.564          2.422
          2.280          2.166          2.058          1.946          1.825          1.709          1.622          1.541          1.452          1.356
          1.267          1.207          1.153          1.092          1.021          0.956          0.909          0.869          0.823          0.774
          0.727          0.693          0.664          0.634          0.601          0.569          0.541          0.506          0.421          0.229

          0.000          0.000          0.001          0.001          0.002          0.003          0.006          0.010          0.018          0.031
          0.051          0.078          0.114          0.157          0.205          0.260          0.322          0.391          0.465          0.537
          0.612          0.695          0.787          0.885          0.981          1.081          1.187          1.303          1.429          1.565
          1.715          1.873          2.043          2.226          2.422          2.635          2.851          3.066          3.272          3.455
          3.604          3.715          3.783          3.810          3.818          3.846          3.890          3.917          3.913          3.866
          3.796          3.715          3.609          3.472          3.312          3.160          3.031          2.902          2.758          2.595
          2.436          2.311          2.196          2.075          1.943          1.814          1.717          1.629          1.534          1.433
          1.339          1.276          1.224          1.164          1.098          1.037          0.997          0.964          0.926          0.883
          0.842          0.813          0.788          0.761          0.731          0.700          0.671          0.634          0.545          0.346

          0.000          0.001          0.001          0.002          0.003          0.005          0.009          0.015          0.024          0.039
          0.060          0.088          0.126          0.174          0.228          0.287          0.354          0.432          0.518          0.605
          0.692          0.788          0.895          1.013          1.137          1.265          1.400          1.548          1.714          1.898
          2.102          2.317          2.546          2.790          3.051          3.330          3.611          3.879          4.117          4.308
          4.446          4.529          4.554          4.538          4.514          4.517          4.526          4.520          4.472          4.376
          4.253          4.122          3.967          3.783          3.584          3.398          3.243          3.087          2.915          2.730
          2.554          2.418          2.296          2.166          2.023          1.882          1.778          1.685          1.589          1.485
          1.391          1.328          1.276          1.216          1.150          1.090          1.051          1.019          0.984          0.945
          0.908          0.881          0.860          0.836          0.810          0.783          0.755          0.718          0.627          0.442

          0.001          0.001          0.002          0.003          0.005          0.008          0.013          0.020          0.030          0.046
          0.068          0.097          0.138          0.189          0.250          0.314          0.387          0.475          0.576          0.684
          0.790          0.904          1.035          1.183          1.349          1.523          1.705          1.907          2.135          2.394
          2.681          2.982          3.295          3.625          3.972          4.340          4.699          5.017          5.270          5.444
          5.546          5.574          5.534          5.464          5.398          5.354          5.322          5.259          5.149          4.985
          4.789          4.586          4.371          4.135          3.893          3.668          3.476          3.286          3.087          2.881
          2.689          2.542          2.411          2.272          2.117          1.968          1.860          1.769          1.675          1.576
          1.489          1.433          1.387          1.333          1.274          1.218          1.180          1.150          1.115          1.075
          1.037          1.006          0.980          0.952          0.924          0.893          0.863          0.822          0.728          0.552

          0.001          0.001          0.002          0.004          0.006          0.010          0.015          0.023          0.035          0.051
          0.074          0.104          0.146          0.201          0.267          0.338          0.418          0.516          0.633          0.765
          0.897          1.037          1.201          1.392          1.616          1.856          2.112          2.398          2.720          3.089
          3.497          3.919          4.349          4.793          5.252          5.725          6.164          6.514          6.752          6.880
          6.911          6.850          6.727          6.592          6.467          6.368          6.265          6.124          5.933          5.680
          5.391          5.106          4.825          4.540          4.253          3.987          3.754          3.533          3.313          3.091
          2.889          2.736          2.602          2.461          2.308          2.165          2.065          1.984          1.900          1.809
          1.727          1.672          1.627          1.573          1.512          1.453          1.409          1.372          1.330          1.284
          1.238          1.197          1.159          1.122          1.084          1.046          1.007          0.962          0.868          0.697

          0.001          0.002          0.003          0.005          0.007          0.011          0.017          0.026          0.038          0.055
          0.078          0.110          0.153          0.210          0.281          0.360          0.448          0.558          0.694          0.852
          1.017          1.192          1.404          1.655          1.963          2.303          2.669          3.076          3.537          4.064
          4.636          5.219          5.805          6.394          6.986          7.569          8.068          8.416          8.600          8.636
          8.546          8.362          8.152          7.936          7.750          7.572          7.371          7.127          6.824          6.452
          6.053          5.679          5.326          4.987          4.657          4.351          4.085          3.847          3.623          3.404
          3.210          3.066          2.942          2.810          2.659          2.517          2.411          2.321          2.227          2.123
          2.027          1.957          1.898          1.833          1.760          1.689          1.632          1.581          1.528          1.472
          1.416          1.365          1.316          1.268          1.222          1.178          1.132          1.081          1.000          0.845

          0.001          0.002          0.003          0.005          0.008          0.011          0.017          0.026          0.039          0.056
          0.080          0.113          0.157          0.215          0.289          0.376          0.475          0.600          0.758          0.949
          1.158          1.385          1.665          2.006          2.437          2.922          3.445          4.031          4.696          5.442
          6.230          7.026          7.810          8.577          9.315          9.993         10.509         10.806         10.883         10.767
         10.501         10.194          9.883          9.596          9.322          9.025          8.697          8.314          7.863          7.352
          6.838          6.369          5.944          5.555          5.190          4.853          4.573          4.341          4.133          3.922
          3.721          3.558          3.407          3.244          3.064          2.892          2.755          2.636          2.514          2.383
          2.261          2.164          2.080          1.994          1.903          1.816          1.741          1.675          1.610          1.546
          1.483          1.425          1.370          1.318          1.270          1.226          1.182          1.133          1.070          0.952

          0.001          0.002          0.003          0.005          0.008          0.011          0.017          0.026          0.038          0.055
          0.079          0.113          0.157          0.216          0.294          0.389          0.500          0.642          0.826          1.058
          1.325          1.626          2.006          2.477          3.075          3.759          4.513          5.361          6.308          7.339
          8.411          9.477         10.508         11.485         12.370         13.100         13.575         13.763         13.679         13.339
         12.894         12.473         12.083         11.724         11.326         10.881         10.390          9.822          9.188          8.523
          7.878          7.305          6.808          6.384          6.008          5.661          5.357          5.084          4.822          4.548
          4.282          4.052          3.837          3.616          3.384          3.163          2.980          2.818          2.661          2.499
          2.347          2.222          2.115          2.011          1.907          1.807          1.721          1.646          1.575          1.507
          1.443          1.385          1.330          1.278          1.231          1.191          1.153          1.113          1.060          0.993

          0.001          0.002          0.003          0.005          0.007          0.011          0.016          0.024          0.036          0.052
          0.077          0.110          0.156          0.216          0.298          0.401          0.527          0.692          0.911          1.196
          1.541          1.944          2.460          3.110          3.942          4.912          5.993          7.198          8.518          9.922
         11.347         12.744         14.070         15.278         16.288         16.999         17.371         17.405         17.088         16.497
         15.911         15.421         15.007         14.565         14.018         13.374         12.634         11.803         10.938         10.091
          9.338          8.709          8.172          7.687          7.212          6.747          6.315          5.921          5.543          5.165
          4.804          4.483          4.185          3.894          3.604          3.329          3.096          2.890          2.695          2.500
          2.318          2.167          2.036          1.915          1.798          1.690          1.598          1.518          1.446          1.380
          1.323          1.272          1.225          1.181          1.142          1.111          1.082          1.051          1.011          0.983

          0.001          0.001          0.002          0.004          0.006          0.009          0.014          0.022          0.033          0.049
          0.073          0.107          0.154          0.218          0.306          0.422          0.568          0.764          1.030          1.384
          1.830          2.371          3.070          3.972          5.125          6.476          7.978          9.645         11.448         13.314
         15.166         16.949         18.606         20.054         21.135         21.765         21.990         21.821         21.221         20.466
         19.826         19.362         18.910         18.288         17.460         16.472         15.391         14.297         13.258         12.302
         11.441         10.651          9.921          9.233          8.560          7.910          7.304          6.749          6.231          5.736
          5.273          4.855          4.471          4.106          3.753          3.422          3.136          2.883          2.649          2.424
          2.217          2.039          1.887          1.750          1.624          1.510          1.418          1.339          1.270          1.210
          1.162          1.122          1.087          1.055          1.027          1.007          0.991          0.971          0.945          0.933

          0.000          0.001          0.002          0.003          0.005          0.008          0.012          0.019          0.030          0.045
          0.069          0.104          0.153          0.221          0.318          0.450          0.621          0.857          1.182          1.624
          2.198          2.913          3.851          5.074          6.623          8.440         10.459         12.689         15.067         17.481
         19.826         22.052         24.079         25.773         26.868         27.361         27.439         27.012         26.251         25.463
         24.849         24.350         23.686         22.714         21.496         20.167         18.855         17.535         16.212         14.952
         13.800         12.731         11.711         10.740          9.815          8.950          8.157          7.432          6.767          6.149
          5.580          5.065          4.594          4.158          3.748          3.367          3.031          2.734          2.465          2.218
          1.992          1.799          1.636          1.493          1.367          1.261          1.176          1.107          1.048          1.000
          0.965          0.941          0.922          0.905          0.890          0.882          0.877          0.871          0.854          0.841

          0.000          0.001          0.001          0.002          0.004          0.006          0.010          0.016          0.026          0.041
          0.065          0.100          0.152          0.226          0.333          0.483          0.683          0.963          1.359          1.910
          2.639          3.568          4.794          6.403          8.419         10.774         13.379         16.247         19.278         22.315
         25.225         27.960         30.407         32.327         33.349         33.735         33.625         33.007         32.226         31.472
         30.878         30.229         29.259         27.963         26.393         24.694         22.899         21.093         19.311         17.618
         16.072         14.633         13.267         11.982         10.783          9.695          8.710          7.816          7.006          6.271
          5.605          5.002          4.452          3.953          3.497          3.081          2.712          2.386          2.099          1.844
          1.619          1.433          1.279          1.149          1.039          0.953          0.888          0.839          0.800          0.769
          0.750          0.741          0.736          0.733          0.732          0.738          0.747          0.754          0.749          0.725

          0.000          0.000          0.001          0.002          0.003          0.005          0.008          0.013          0.023          0.037
          0.061          0.097          0.152          0.232          0.349          0.516          0.745          1.073          1.547          2.221
          3.130          4.314          5.896          7.966         10.512         13.440         16.673         20.219         23.949         27.664
         31.226         34.548         37.457         39.499         40.460         40.740         40.350         39.703         39.027         38.523
         38.020         37.258         36.004         34.122         31.812         29.413         26.974         24.525         22.156         19.955
         17.969         16.127         14.387         12.761         11.284          9.978          8.811          7.759          6.817          5.979
          5.236          4.571          3.970          3.434          2.958          2.533          2.160          1.839          1.567          1.340
          1.153          1.004          0.886          0.792          0.717          0.662          0.624          0.596          0.575          0.560
          0.554          0.558          0.566          0.575          0.586          0.602          0.621          0.638          0.640          0.610

          0.000          0.000          0.000          0.001          0.002          0.003          0.006          0.011          0.020          0.035
          0.059          0.097          0.155          0.240          0.368          0.551          0.811          1.190          1.750          2.564
          3.675          5.161          7.162          9.768         12.912         16.474         20.384         24.662         29.148         33.607
         37.886         41.818         45.079         47.085         48.027         48.026         47.584         47.209         47.207         47.189
         46.814         45.616         43.365         40.434         37.147         33.823         30.583         27.463         24.506         21.770
         19.302         17.027         14.902         12.951         11.209          9.697          8.370          7.194          6.161          5.265
          4.492          3.808          3.203          2.677          2.227          1.841          1.515          1.250          1.040          0.874
          0.745          0.647          0.573          0.517          0.474          0.445          0.426          0.414          0.406          0.402
          0.404          0.415          0.428          0.443          0.460          0.482          0.508          0.530          0.539          0.512

          0.000          0.000          0.000          0.001          0.001          0.002          0.005          0.009          0.018          0.033
          0.058          0.098          0.159          0.249          0.387          0.589          0.884          1.322          1.988          2.965
          4.310          6.137          8.606         11.795         15.589         19.827         24.474         29.542         34.830         40.062
         44.894         49.128         52.367         54.437         55.357         55.351         55.458         56.437         57.525         57.824
         56.679         54.161         50.507         46.166         41.716         37.520         33.576         29.818         26.232         22.926
         19.962         17.246         14.745         12.491         10.527          8.867          7.448          6.223          5.175          4.286
          3.536          2.893          2.349          1.900          1.534          1.231          0.984          0.794          0.652          0.549
          0.476          0.426          0.390          0.364          0.345          0.332          0.324          0.319          0.316          0.314
          0.318          0.327          0.338          0.352          0.368          0.389          0.414          0.437          0.448          0.427

          0.000          0.000          0.000          0.000          0.001          0.002          0.003          0.007          0.015          0.030
          0.056          0.097          0.160          0.254          0.404          0.626          0.958          1.462          2.245          3.403
          5.001          7.186         10.122         13.886         18.321         23.223         28.587         34.382         40.349         46.052
         51.125         55.384         58.607         60.741         61.660         62.555         65.091         68.015         69.689         68.973
         66.100         61.556         56.147         50.513         45.155         40.258         35.658         31.190         26.947         23.064
         19.597         16.483         13.698         11.269          9.216          7.520          6.087          4.879          3.893          3.111
          2.493          1.992          1.585          1.261          1.005          0.801          0.647          0.540          0.469          0.423
          0.392          0.369          0.351          0.336          0.324          0.315          0.308          0.301          0.295          0.290
          0.289          0.290          0.294          0.299          0.308          0.323          0.340          0.358          0.365          0.344

          0.000          0.000          0.000          0.000          0.000          0.001          0.003          0.006          0.013          0.027
          0.053          0.095          0.159          0.258          0.419          0.662          1.037          1.615          2.523          3.865
          5.723          8.251         11.629         15.917         20.920         26.397         32.334         38.669         45.055         51.023
         56.123         60.078         63.048         65.239         67.626         72.465         78.173         81.917         82.047         78.768
         73.108         66.478         59.682         53.134         47.044         41.445         36.096         30.980         26.141         21.766
         17.957         14.633         11.725          9.229          7.182          5.574          4.323          3.354          2.619          2.071
          1.657          1.336          1.084          0.886          0.731          0.615          0.532          0.477          0.439          0.412
          0.392          0.376          0.361          0.348          0.336          0.327          0.319          0.311          0.303          0.298
          0.294          0.292          0.288          0.285          0.284          0.285          0.290          0.296          0.296          0.268

          0.000          0.000          0.000          0.000          0.000          0.001          0.002          0.005          0.012          0.025
          0.050          0.093          0.160          0.266          0.439          0.708          1.133          1.798          2.840          4.374
          6.484          9.338         13.141         17.909         23.388         29.306         35.655         42.317         48.934         54.887
         59.378         62.774         66.016         70.660         78.910         88.265         94.562         95.780         91.934         84.909
         76.653         68.371         60.615         53.400         46.734         40.548         34.632         28.920         23.626         18.928
         14.902         11.489          8.676          6.466          4.807          3.614          2.760          2.160          1.739          1.440
          1.211          1.023          0.866          0.739          0.640          0.567          0.516          0.478          0.449          0.426
          0.408          0.393          0.378          0.364          0.353          0.344          0.336          0.328          0.319          0.312
          0.307          0.301          0.294          0.286          0.278          0.272          0.266          0.259          0.248          0.210

          0.000          0.000          0.000          0.000          0.000          0.001          0.002          0.005          0.011          0.024
          0.050          0.095          0.167          0.283          0.475          0.779          1.268          2.034          3.216          4.946
          7.302         10.460         14.664         19.856         25.702         31.962         38.614         45.526         52.098         57.283
         61.081         65.079         72.015         84.770         99.279        108.418        110.427        105.674         96.560         85.795
         75.826         67.010         59.065         51.539         44.431         37.567         30.924         24.690         19.114         14.415
         10.655          7.715          5.503          3.930          2.894          2.240          1.827          1.547          1.336          1.163
          1.016          0.888          0.781          0.692          0.621          0.567          0.526          0.493          0.466          0.444
          0.425          0.410          0.395          0.381          0.369          0.360          0.352          0.342          0.331          0.321
          0.312          0.303          0.293          0.283          0.273          0.263          0.253          0.242          0.224          0.176

          0.000          0.000          0.000          0.000          0.000          0.000          0.002          0.005          0.011          0.025
          0.052          0.100          0.179          0.308          0.521          0.869          1.428          2.293          3.601          5.502
          8.057         11.432         15.852         21.227         27.310         33.888         40.891         47.855         53.593         57.999
         62.743         71.824         89.484        110.368        123.442        125.883        119.409        106.830         93.428         81.963
         72.547         64.073         55.911         47.901         39.872         32.216         25.165         18.957         13.770          9.675
          6.635          4.541          3.198          2.403          1.938          1.653          1.450          1.289          1.153          1.035
          0.929          0.835          0.753          0.684          0.628          0.581          0.544          0.513          0.486          0.464
          0.445          0.428          0.412          0.397          0.383          0.370          0.357          0.343          0.329          0.316
          0.307          0.297          0.286          0.274          0.262          0.252          0.242          0.229          0.211          0.164

          0.000          0.000          0.000          0.000          0.000          0.000          0.002          0.005          0.012          0.026
          0.055          0.106          0.190          0.330          0.563          0.954          1.573          2.510          3.886          5.854
          8.423         11.792         16.220         21.650         27.973         34.912         42.005         48.153         53.066         58.551
         69.186         91.171        118.239        135.860        139.664        131.381        114.746         98.726         86.331         76.332
         67.572         59.160         50.531         41.601         33.085         25.389         18.686         13.119          8.788          5.739
          3.831          2.749          2.150          1.806          1.579          1.412          1.277          1.163          1.063          0.972
          0.888          0.811          0.745          0.687          0.638          0.596          0.561          0.530          0.504          0.481
          0.460          0.440          0.420          0.399          0.379          0.362          0.347          0.333          0.319          0.307
          0.297          0.287          0.276          0.263          0.250          0.240          0.230          0.217          0.201          0.160

          0.000          0.000          0.000          0.000          0.000          0.000          0.002          0.005          0.012          0.027
          0.057          0.110          0.200          0.345          0.592          1.005          1.640          2.578          3.934          5.861
          8.344         11.626         15.939         21.286         27.753         34.728         41.188         46.651         52.377         63.594
         88.063        120.019        142.882        148.782        138.966        119.269        100.900         87.298         76.762         68.408
         60.610         51.886         42.573         33.538         25.319         18.213         12.387          8.018          5.126          3.444
          2.551          2.063          1.770          1.567          1.411          1.286          1.181          1.089          1.007          0.930
          0.859          0.795          0.737          0.687          0.642          0.602          0.567          0.537          0.509          0.484
          0.458          0.432          0.407          0.384          0.364          0.349          0.336          0.324          0.312          0.300
          0.289          0.278          0.266          0.252          0.239          0.228          0.218          0.207          0.192          0.158

          0.000          0.000          0.000          0.000          0.000          0.001          0.002          0.005          0.012          0.027
          0.058          0.112          0.202          0.347          0.594          1.005          1.631          2.542          3.849          5.694
          8.010         11.059         15.027         20.163         26.618         33.218         39.151         44.717         54.724         78.857
        112.868        141.131        149.723        139.458        118.858         98.924         84.081         74.118         66.857         60.195
         52.037         42.658         33.404         24.891         17.522         11.616          7.420          4.825          3.356          2.536
          2.066          1.770          1.565          1.410          1.284          1.181          1.093          1.015          0.946          0.883
          0.824          0.770          0.721          0.676          0.635          0.598          0.563          0.530          0.499          0.469
          0.440          0.415          0.393          0.375          0.359          0.346          0.335          0.323          0.309          0.295
          0.283          0.271          0.258          0.243          0.229          0.218          0.208          0.197          0.184          0.157

          0.000          0.000          0.000          0.000          0.000          0.000          0.002          0.004          0.011          0.025
          0.054          0.105          0.188          0.323          0.553          0.936          1.521          2.358          3.537          5.181
          7.209          9.907         13.467         18.488         24.788         31.008         36.522         44.120         62.778         95.525
        126.854        138.485        130.434        110.738         91.566         78.140         69.709         63.843         58.192         50.931
         41.906         32.648         24.105         16.714         10.978          7.131          4.820          3.458          2.629          2.109
          1.776          1.551          1.388          1.262          1.159          1.074          1.001          0.939          0.882          0.830
          0.784          0.741          0.701          0.662          0.623          0.585          0.549          0.514          0.482          0.454
          0.430          0.411          0.394          0.377          0.362          0.348          0.334          0.319          0.302          0.286
          0.273          0.259          0.245          0.230          0.217          0.206          0.196          0.186          0.174          0.154

          0.000          0.000          0.000          0.000          0.000          0.000          0.001          0.004          0.009          0.021
          0.047          0.090          0.164          0.281          0.481          0.816          1.327          2.038          3.030          4.392
          6.073          8.369         11.485         16.356         22.184         28.129         33.969         45.003         68.773         99.158
        114.432        110.502         95.746         80.976         71.122         65.264         60.757         55.725         48.888         40.512
         31.537         23.155         16.037         10.721          7.229          5.068          3.698          2.800          2.209          1.821
          1.563          1.380          1.244          1.138          1.053          0.983          0.923          0.870          0.823          0.782
          0.745          0.709          0.672          0.633          0.594          0.557          0.521          0.490          0.463          0.440
          0.421          0.402          0.385          0.367          0.349          0.332          0.315          0.298          0.280          0.264
          0.251          0.238          0.225          0.211          0.198          0.189          0.180          0.171          0.161          0.150

          0.000          0.000          0.000          0.000          0.000          0.000          0.001          0.003          0.007          0.017
          0.038          0.075          0.138          0.236          0.405          0.683          1.100          1.662          2.438          3.492
          4.802          6.644          9.273         13.845         18.743         24.811         32.242         45.205         65.409         81.589
         82.731         76.517         69.154         64.314         61.325         58.057         53.026         46.260         38.509         30.246
         22.269         15.629         10.803          7.575          5.443          4.004          3.026          2.366          1.924          1.627
          1.417          1.261          1.140          1.047          0.972          0.911          0.856          0.808          0.765          0.727
          0.691          0.655          0.618          0.582          0.548          0.516          0.488          0.463          0.442          0.422
          0.402          0.382          0.362          0.341          0.321          0.302          0.285          0.269          0.253          0.239
          0.227          0.216          0.205          0.193          0.182          0.173          0.166          0.158          0.149          0.143

          0.000          0.000          0.000          0.000          0.000          0.000          0.001          0.002          0.006          0.013
          0.031          0.061          0.113          0.193          0.328          0.546          0.862          1.279          1.843          2.601
          3.560          4.938          7.057         11.056         14.843         22.550         31.165         40.848         49.864         55.619
         57.637         57.985         57.693         56.818         54.732         50.060         43.490         36.222         28.713         21.547
         15.512         11.093          8.035          5.898          4.378          3.305          2.566          2.064          1.721          1.481
          1.304          1.167          1.060          0.976          0.908          0.851          0.799          0.751          0.707          0.667
          0.629          0.593          0.560          0.530          0.501          0.476          0.454          0.435          0.417          0.398
          0.379          0.357          0.336          0.315          0.296          0.279          0.263          0.249          0.235          0.222
          0.212          0.202          0.192          0.181          0.170          0.162          0.155          0.148          0.140          0.135

          0.000          0.000          0.000          0.000          0.000          0.000          0.001          0.002          0.004          0.011
          0.024          0.049          0.090          0.152          0.254          0.414          0.635          0.921          1.302          1.808
          2.472          3.450          5.127          8.296         12.091         21.105         26.709         31.857         37.845         43.730
         48.094         50.568         51.141         50.000         46.500         40.726         33.951         27.122         20.901         15.646
         11.537          8.548          6.382          4.796          3.634          2.804          2.226          1.827          1.547          1.345
          1.193          1.075          0.982          0.909          0.849          0.796          0.745          0.697          0.653          0.614
          0.581          0.551          0.524          0.498          0.475          0.456          0.440          0.424          0.407          0.387
          0.364          0.342          0.321          0.301          0.283          0.266          0.252          0.239          0.226          0.213
          0.203          0.194          0.184          0.173          0.163          0.155          0.149          0.142          0.133          0.129

          0.000          0.000          0.000          0.000          0.000          0.000          0.000          0.001          0.003          0.008
          0.018          0.037          0.067          0.112          0.183          0.289          0.429          0.615          0.858          1.197
          1.665          2.379          3.746          6.108         10.305         14.686         20.108         26.338         32.873         38.594
         42.418         44.045         43.828         41.643         37.513         31.725         25.645         20.230         15.729         12.028
          9.073          6.863          5.226          4.003          3.090          2.429          1.965          1.641          1.408          1.236
          1.102          0.996          0.913          0.847          0.793          0.744          0.696          0.651          0.614          0.583
          0.556          0.532          0.510          0.490          0.473          0.458          0.443          0.427          0.407          0.383
          0.359          0.336          0.315          0.294          0.276          0.260          0.246          0.233          0.219          0.207
          0.197          0.187          0.177          0.166          0.156          0.147          0.140          0.132          0.124          0.119

          0.000          0.000          0.000          0.000          0.000          0.000          0.000          0.001          0.002          0.005
          0.012          0.025          0.046          0.077          0.125          0.193          0.284          0.408          0.571          0.807
          1.135          1.688          2.669          4.759          7.996         12.236         17.253         22.789         28.472         33.187
         35.882         36.561         35.628         33.156         29.164         24.165         19.410         15.430         12.158          9.406
          7.175          5.510          4.269          3.333          2.629          2.114          1.748          1.489          1.298          1.152
          1.032          0.936          0.859          0.798          0.748          0.703          0.658          0.617          0.583          0.556
          0.532          0.512          0.494          0.480          0.467          0.453          0.436          0.416          0.392          0.367
          0.342          0.320          0.298          0.279          0.261          0.246          0.231          0.218          0.204          0.191
          0.181          0.170          0.160          0.149          0.138          0.131          0.124          0.117          0.110          0.107

          0.000          0.000          0.000          0.000          0.000          0.000          0.000          0.000          0.001          0.003
          0.008          0.017          0.032          0.053          0.087          0.133          0.196          0.279          0.390          0.545
          0.772          1.152          1.897          3.472          6.155          9.685         13.848         18.399         22.906         26.555
         28.448         28.769         27.775         25.517         22.137         18.219         14.692         11.786          9.364          7.303
          5.636          4.393          3.467          2.767          2.236          1.842          1.558          1.353          1.198          1.075
          0.971          0.885          0.816          0.760          0.712          0.669          0.627          0.589          0.556          0.529
          0.506          0.488          0.474          0.462          0.448          0.430          0.410          0.387          0.363          0.338
          0.314          0.293          0.274          0.256          0.240          0.226          0.212          0.198          0.185          0.172
          0.161          0.151          0.140          0.130          0.120          0.113          0.107          0.101          0.095          0.092

          0.000          0.000          0.000          0.000          0.000          0.000          0.000          0.000          0.001          0.002
          0.005          0.011          0.022          0.038          0.061          0.094          0.137          0.194          0.267          0.370
          0.518          0.788          1.335          2.515          4.574          7.348         10.623         14.226         17.740         20.476
         21.809         21.885         20.947         19.102         16.485         13.613         11.080          8.977          7.199          5.674
          4.440          3.520          2.836          2.318          1.918          1.613          1.390          1.227          1.103          1.000
          0.911          0.836          0.775          0.725          0.681          0.641          0.603          0.567          0.536          0.509
          0.488          0.472          0.460          0.445          0.427          0.405          0.382          0.357          0.332          0.308
          0.288          0.271          0.254          0.238          0.223          0.208          0.194          0.180          0.166          0.153
          0.142          0.132          0.122          0.112          0.103          0.096          0.090          0.085          0.079          0.076

          0.000          0.000          0.000          0.000          0.000          0.000          0.000          0.000          0.001          0.001
          0.004          0.008          0.015          0.027          0.044          0.068          0.100          0.140          0.192          0.262
          0.365          0.549          0.944          1.779          3.266          5.256          7.679         10.365         12.958         14.949
         15.874         15.870         15.153         13.842         12.028         10.033          8.256          6.763          5.487          4.388
          3.493          2.824          2.325          1.942          1.641          1.407          1.235          1.109          1.010          0.927
          0.852          0.789          0.736          0.692          0.655          0.620          0.586          0.554          0.525          0.500
          0.482          0.468          0.454          0.435          0.411          0.386          0.360          0.334          0.311          0.290
          0.273          0.257          0.240          0.224          0.207          0.192          0.177          0.162          0.148          0.135
          0.123          0.113          0.103          0.094          0.085          0.079          0.074          0.069          0.064          0.061

          0.000          0.000          0.000          0.000          0.000          0.000          0.000          0.000          0.000          0.001
          0.002          0.006          0.011          0.020          0.033          0.051          0.075          0.105          0.144          0.195
          0.266          0.388          0.646          1.189          2.144          3.496          5.178          7.042          8.830         10.230
         10.933         10.992         10.556          9.725          8.555          7.225          6.024          5.001          4.123          3.360
          2.730          2.256          1.900          1.626          1.408          1.235          1.105          1.008          0.931          0.864
          0.803          0.751          0.707          0.670          0.639          0.610          0.580          0.552          0.527          0.505
          0.489          0.475          0.456          0.433          0.405          0.376          0.348          0.322          0.300          0.281
          0.263          0.246          0.229          0.211          0.193          0.177          0.161          0.145          0.130          0.116
          0.105          0.095          0.085          0.076          0.069          0.063          0.058          0.054          0.049          0.047

          0.000          0.000          0.000          0.000          0.000          0.000          0.000          0.000          0.000          0.001
          0.002          0.004          0.008          0.015          0.025          0.039          0.058          0.082          0.113          0.152
          0.204          0.286          0.446          0.765          1.342          2.206          3.291          4.485          5.624          6.557
          7.085          7.198          6.980          6.503          5.811          5.000          4.247          3.594          3.028          2.531
          2.114          1.795          1.555          1.368          1.216          1.092          0.996          0.924          0.865          0.813
          0.764          0.720          0.683          0.652          0.625          0.601          0.576          0.550          0.527          0.508
          0.492          0.475          0.451          0.422          0.391          0.359          0.331          0.307          0.286          0.267
          0.249          0.231          0.212          0.193          0.175          0.158          0.141          0.125          0.110          0.097
          0.086          0.077          0.068          0.060          0.053          0.048          0.044          0.040          0.036          0.034

          0.000          0.000          0.000          0.000          0.000          0.000          0.000          0.000          0.000          0.001
          0.001          0.003          0.007          0.012          0.020          0.031          0.046          0.066          0.091          0.122
          0.162          0.220          0.319          0.507          0.846          1.365          2.022          2.755          3.458          4.057
          4.424          4.541          4.459          4.220          3.847          3.389          2.947          2.556          2.214          1.911
          1.650          1.446          1.290          1.166          1.063          0.974          0.903          0.849          0.804          0.764
          0.725          0.688          0.657          0.630          0.608          0.587          0.565          0.542          0.520          0.500
          0.483          0.461          0.433          0.401          0.366          0.333          0.307          0.285          0.264          0.245
          0.228          0.209          0.191          0.172          0.153          0.136          0.120          0.105          0.091          0.079
          0.069          0.061          0.054          0.047          0.041          0.036          0.032          0.028          0.025          0.023

          0.000          0.000          0.000          0.000          0.000          0.000          0.000          0.000          0.000          0.000
          0.001          0.002          0.005          0.009          0.016          0.025          0.038          0.054          0.074          0.100
          0.131          0.175          0.239          0.349          0.539          0.833          1.207          1.630          2.038          2.399
          2.644          2.757          2.763          2.677          2.511          2.283          2.052          1.841          1.651          1.476
          1.319          1.191          1.092          1.010          0.938          0.874          0.820          0.779          0.745          0.714
          0.684          0.654          0.627          0.604          0.584          0.567          0.548          0.527          0.505          0.485
          0.466          0.441          0.410          0.374          0.337          0.306          0.281          0.261          0.241          0.223
          0.205          0.187          0.169          0.150          0.132          0.116          0.101          0.087          0.076          0.066
          0.058          0.051          0.044          0.037          0.031          0.027          0.023          0.020          0.017          0.016

          0.000          0.000          0.000          0.000          0.000          0.000          0.000          0.000          0.000          0.000
          0.001          0.002          0.004          0.008          0.013          0.021          0.031          0.044          0.062          0.084
          0.110          0.144          0.190          0.258          0.365          0.528          0.737          0.975          1.212          1.427
          1.588          1.686          1.728          1.721          1.665          1.568          1.461          1.360          1.264          1.170
          1.077          0.998          0.935          0.880          0.830          0.782          0.742          0.711          0.686          0.662
          0.638          0.614          0.592          0.572          0.555          0.541          0.525          0.506          0.484          0.463
          0.442          0.416          0.382          0.343          0.307          0.279          0.256          0.237          0.218          0.200
          0.183          0.165          0.147          0.129          0.112          0.098          0.087          0.076          0.067          0.058
          0.050          0.042          0.035          0.028          0.023          0.019          0.016          0.014          0.012          0.010

          0.000          0.000          0.000          0.000          0.000          0.000          0.000          0.000          0.000          0.000
          0.001          0.002          0.003          0.006          0.011          0.017          0.026          0.038          0.053          0.072
          0.095          0.123          0.159          0.205          0.268          0.358          0.473          0.606          0.743          0.875
          0.986          1.066          1.120          1.146          1.146          1.119          1.081          1.041          0.998          0.950
          0.897          0.850          0.810          0.774          0.739          0.705          0.676          0.653          0.633          0.615
          0.597          0.577          0.558          0.541          0.526          0.515          0.502          0.484          0.462          0.440
          0.418          0.390          0.353          0.313          0.280          0.255          0.234          0.215          0.197          0.180
          0.162          0.145          0.128          0.112          0.099          0.088          0.078          0.068          0.059          0.049
          0.040          0.033          0.026          0.020          0.016          0.013          0.011          0.009          0.008          0.007

          0.000          0.000          0.000          0.000          0.000          0.000          0.000          0.000          0.000          0.000
          0.001          0.001          0.003          0.005          0.009          0.015          0.023          0.033          0.046          0.063
          0.083          0.108          0.138          0.173          0.216          0.270          0.336          0.413          0.495          0.580
          0.659          0.726          0.780          0.819          0.842          0.849          0.847          0.840          0.827          0.805
          0.776          0.748          0.723          0.699          0.674          0.649          0.626          0.608          0.591          0.577
          0.562          0.546          0.529          0.513          0.500          0.491          0.479          0.462          0.439          0.415
          0.390          0.358          0.320          0.284          0.255          0.232          0.212          0.193          0.176          0.159
          0.144          0.129          0.114          0.101          0.090          0.080          0.070          0.060          0.049          0.039
          0.030          0.023          0.018          0.013          0.010          0.008          0.006          0.005          0.004          0.004

          0.000          0.000          0.000          0.000          0.000          0.000          0.000          0.000          0.000          0.000
          0.000          0.001          0.002          0.004          0.008          0.013          0.019          0.028          0.040          0.055
          0.073          0.095          0.121          0.151          0.185          0.224          0.269          0.320          0.375          0.434
          0.492          0.547          0.595          0.636          0.668          0.689          0.705          0.714          0.716          0.708
          0.692          0.675          0.658          0.641          0.622          0.600          0.581          0.565          0.550          0.537
          0.524          0.510          0.495          0.480          0.467          0.459          0.447          0.428          0.404          0.378
          0.350          0.318          0.284          0.253          0.227          0.205          0.187          0.170          0.154          0.140
          0.127          0.114          0.102          0.090          0.080          0.070          0.060          0.049          0.037          0.028
          0.020          0.015          0.010          0.007          0.005          0.004          0.003          0.003          0.002          0.002

          0.000          0.000          0.000          0.000          0.000          0.000          0.000          0.000          0.000          0.000
          0.000          0.001          0.002          0.004          0.006          0.010          0.016          0.024          0.034          0.048
          0.064          0.084          0.107          0.133          0.163          0.195          0.231          0.270          0.311          0.354
          0.400          0.445          0.489          0.528          0.561          0.587          0.609          0.626          0.634          0.633
          0.623          0.611          0.599          0.587          0.570          0.550          0.532          0.517          0.504          0.492
          0.481          0.469          0.455          0.439          0.426          0.416          0.404          0.384          0.358          0.331
          0.304          0.275          0.246          0.219          0.196          0.178          0.162          0.148          0.135          0.123
          0.112          0.101          0.090          0.079          0.069          0.058          0.046          0.035          0.025          0.017
          0.011          0.007          0.005          0.003          0.002          0.002          0.001          0.001          0.001          0.001

          0.000          0.000          0.000          0.000          0.000          0.000          0.000          0.000          0.000          0.000
          0.000          0.001          0.001          0.003          0.005          0.009          0.014          0.020          0.029          0.042
          0.056          0.074          0.094          0.118          0.144          0.173          0.205          0.238          0.273          0.309
          0.347          0.386          0.424          0.459          0.489          0.514          0.536          0.553          0.563          0.564
          0.556          0.547          0.539          0.528          0.513          0.495          0.478          0.464          0.452          0.441
          0.431          0.420          0.405          0.389          0.374          0.363          0.349          0.329          0.304          0.278
          0.255          0.231          0.208          0.186          0.167          0.152          0.139          0.128          0.117          0.107
          0.097          0.087          0.077          0.066          0.055          0.042          0.031          0.021          0.013          0.008
          0.004          0.003          0.002          0.001          0.001          0.001          0.001          0.000          0.000          0.000

          0.000          0.000          0.000          0.000          0.000          0.000          0.000          0.000          0.000          0.000
          0.000          0.001          0.001          0.002          0.004          0.007          0.011          0.017          0.025          0.036
          0.050          0.065          0.084          0.105          0.129          0.156          0.184          0.214          0.245          0.277
          0.310          0.344          0.376          0.406          0.431          0.453          0.473          0.488          0.497          0.498
          0.491          0.484          0.478          0.469          0.456          0.439          0.424          0.412          0.401          0.391
          0.381          0.369          0.354          0.336          0.321          0.310          0.296          0.277          0.254          0.232
          0.213          0.194          0.175          0.157          0.142          0.131          0.121          0.111          0.102          0.092
          0.083          0.073          0.062          0.049          0.036          0.025          0.016          0.009          0.004          0.002
          0.001          0.001          0.001          0.000          0.000          0.000          0.000          0.000          0.000          0.000

          0.000          0.000          0.000          0.000          0.000          0.000          0.000          0.000          0.000          0.000
          0.000          0.000          0.001          0.002          0.004          0.006          0.010          0.015          0.022          0.032
          0.044          0.059          0.076          0.095          0.117          0.141          0.167          0.194          0.221          0.249
          0.279          0.308          0.336          0.361          0.382          0.400          0.417          0.430          0.438          0.439
          0.434          0.428          0.424          0.417          0.406          0.391          0.378          0.368          0.357          0.347
          0.336          0.323          0.308          0.291          0.278          0.267          0.254          0.236          0.216          0.197
          0.181          0.165          0.150          0.135          0.123          0.114          0.105          0.096          0.087          0.077
          0.067          0.055          0.042          0.029          0.018          0.010          0.005          0.002          0.001          0.001
          0.000          0.000          0.000          0.000          0.000          0.000          0.000          0.000          0.000          0.000

          0.000          0.000          0.000          0.000          0.000          0.000          0.000          0.000          0.000          0.000
          0.000          0.000          0.001          0.002          0.003          0.005          0.008          0.013          0.019          0.028
          0.039          0.052          0.068          0.085          0.105          0.128          0.151          0.175          0.200          0.225
          0.250          0.276          0.299          0.320          0.338          0.353          0.368          0.380          0.388          0.389
          0.385          0.381          0.378          0.373          0.364          0.351          0.339          0.328          0.317          0.304
          0.293          0.280          0.266          0.252          0.239          0.229          0.217          0.200          0.182          0.166
          0.152          0.139          0.127          0.115          0.105          0.096          0.088          0.079          0.069          0.057
          0.045          0.032          0.020          0.011          0.005          0.002          0.001          0.000          0.000          0.000
          0.000          0.000          0.000          0.000          0.000          0.000          0.000          0.000          0.000          0.000

          0.000          0.000          0.000          0.000          0.000          0.000          0.000          0.000          0.000          0.000
          0.000          0.000          0.000          0.001          0.002          0.004          0.007          0.011          0.017          0.024
          0.034          0.046          0.060          0.076          0.094          0.114          0.135          0.156          0.178          0.200
          0.223          0.245          0.266          0.284          0.299          0.313          0.326          0.338          0.345          0.346
          0.343          0.340          0.337          0.333          0.324          0.311          0.298          0.285          0.272          0.259
          0.248          0.236          0.225          0.212          0.200          0.190          0.177          0.161          0.146          0.132
          0.121          0.111          0.101          0.091          0.082          0.073          0.064          0.052          0.040          0.028
          0.018          0.010          0.005          0.002          0.001          0.000          0.000          0.000          0.000          0.000
          0.000          0.000          0.000          0.000          0.000          0.000          0.000          0.000          0.000          0.000

          0.000          0.000          0.000          0.000          0.000          0.000          0.000          0.000          0.000          0.000
          0.000          0.000          0.000          0.001          0.002          0.003          0.006          0.010          0.015          0.022
          0.031          0.042          0.055          0.069          0.085          0.104          0.123          0.143          0.163          0.184
          0.205          0.226          0.245          0.262          0.277          0.289          0.301          0.311          0.317          0.317
          0.313          0.308          0.304          0.296          0.283          0.265          0.248          0.234          0.220          0.208
          0.198          0.188          0.177          0.165          0.153          0.141          0.128          0.114          0.101          0.091
          0.082          0.074          0.065          0.055          0.046          0.037          0.027          0.017          0.010          0.005
          0.003          0.001          0.000          0.000          0.000          0.000          0.000          0.000          0.000          0.000
          0.000          0.000          0.000          0.000          0.000          0.000          0.000          0.000          0.000          0.000

