NCOLS    90
NROWS    50
XLLCORNER         225.000
YLLCORNER          32.500
CELLSIZE           0.500          0.500
NODATA_VALUE  0.000
          0.000          0.000          0.000          0.000          0.000          0.000          0.000          0.000          0.000          0.000
          0.000          0.000          0.001          0.005          0.013          0.027          0.046          0.070          0.096          0.125
          0.159          0.200          0.246          0.294          0.339          0.386          0.441          0.504          0.573          0.640
          0.704          0.776          0.861          0.958          1.059          1.156          1.257          1.370          1.491          1.604
          1.700          1.787          1.870          1.939          1.975          1.976          1.959          1.932          1.891          1.834
          1.768          1.706          1.644          1.575          1.492          1.403          1.318          1.233          1.145          1.053
          0.962          0.883          0.809          0.735          0.661          0.589          0.526          0.464          0.402          0.338
          0.279          0.227          0.182          0.144          0.111          0.085          0.064          0.048          0.035          0.026
          0.019          0.014          0.010          0.007          0.005          0.004          0.003          0.002          0.001          0.001

          0.000          0.000          0.000          0.000          0.000          0.000          0.000          0.000          0.000          0.000
          0.000          0.000          0.001          0.005          0.015          0.033          0.059          0.092          0.128          0.166
          0.209          0.261          0.321          0.386          0.448          0.508          0.578          0.659          0.748          0.839
          0.924          1.018          1.127          1.251          1.384          1.514          1.646          1.790          1.942          2.087
          2.212          2.324          2.422          2.496          2.528          2.515          2.481          2.437          2.382          2.312
          2.233          2.156          2.079          1.989          1.880          1.764          1.655          1.550          1.442          1.330
          1.221          1.127          1.042          0.958          0.875          0.795          0.726          0.665          0.606          0.547
          0.490          0.439          0.391          0.344          0.298          0.254          0.215          0.181          0.150          0.123
          0.099          0.078          0.061          0.047          0.036          0.027          0.020          0.015          0.011          0.009

          0.000          0.000          0.000          0.000          0.000          0.000          0.000          0.000          0.000          0.000
          0.000          0.000          0.001          0.006          0.021          0.046          0.082          0.127          0.178          0.230
          0.288          0.356          0.436          0.524          0.611          0.694          0.786          0.893          1.013          1.139
          1.260          1.389          1.536          1.704          1.886          2.065          2.245          2.434          2.629          2.815
          2.976          3.112          3.218          3.285          3.296          3.255          3.190          3.123          3.051          2.965
          2.864          2.763          2.656          2.529          2.379          2.219          2.071          1.931          1.790          1.646
          1.506          1.386          1.279          1.175          1.072          0.973          0.890          0.817          0.748          0.681
          0.617          0.561          0.511          0.464          0.419          0.375          0.334          0.297          0.262          0.228
          0.197          0.169          0.143          0.120          0.100          0.082          0.067          0.054          0.042          0.035

          0.000          0.000          0.000          0.000          0.000          0.000          0.000          0.000          0.000          0.000
          0.000          0.000          0.002          0.011          0.032          0.066          0.113          0.173          0.243          0.317
          0.393          0.481          0.586          0.705          0.825          0.939          1.061          1.201          1.360          1.529
          1.698          1.875          2.071          2.293          2.533          2.772          3.008          3.248          3.489          3.715
          3.908          4.053          4.150          4.184          4.147          4.064          3.975          3.895          3.809          3.701
          3.568          3.430          3.280          3.103          2.900          2.689          2.497          2.319          2.143          1.965
          1.792          1.646          1.516          1.391          1.268          1.151          1.052          0.966          0.885          0.806
          0.731          0.665          0.608          0.554          0.503          0.454          0.410          0.371          0.334          0.300
          0.268          0.238          0.210          0.184          0.160          0.139          0.119          0.100          0.084          0.074

          0.000          0.000          0.000          0.000          0.000          0.000          0.000          0.000          0.000          0.000
          0.000          0.002          0.006          0.020          0.051          0.096          0.156          0.235          0.329          0.432
          0.534          0.649          0.786          0.942          1.105          1.262          1.424          1.608          1.816          2.043
          2.275          2.514          2.774          3.062          3.371          3.680          3.983          4.279          4.566          4.825
          5.030          5.160          5.213          5.185          5.098          4.987          4.883          4.786          4.675          4.528
          4.344          4.147          3.930          3.686          3.420          3.150          2.910          2.692          2.479          2.265
          2.061          1.888          1.736          1.592          1.451          1.317          1.205          1.108          1.017          0.929
          0.844          0.771          0.707          0.647          0.589          0.534          0.484          0.439          0.398          0.360
          0.324          0.291          0.261          0.232          0.207          0.183          0.161          0.141          0.122          0.111

          0.000          0.000          0.000          0.000          0.000          0.000          0.000          0.000          0.000          0.000
          0.002          0.006          0.015          0.037          0.080          0.140          0.216          0.317          0.442          0.582
          0.720          0.870          1.048          1.253          1.474          1.688          1.905          2.148          2.421          2.723
          3.037          3.359          3.701          4.071          4.462          4.852          5.229          5.587          5.915          6.192
          6.381          6.466          6.453          6.362          6.232          6.098          5.975          5.850          5.697          5.488
          5.230          4.944          4.641          4.322          3.988          3.658          3.364          3.099          2.844          2.592
          2.354          2.151          1.975          1.811          1.653          1.504          1.380          1.274          1.176          1.083
          0.995          0.918          0.850          0.786          0.725          0.664          0.608          0.557          0.508          0.462
          0.419          0.378          0.339          0.303          0.271          0.241          0.214          0.188          0.165          0.151

          0.000          0.000          0.000          0.000          0.000          0.000          0.000          0.000          0.000          0.002
          0.007          0.015          0.031          0.064          0.122          0.202          0.300          0.428          0.590          0.778
          0.965          1.161          1.392          1.659          1.952          2.243          2.534          2.855          3.213          3.613
          4.032          4.459          4.905          5.376          5.860          6.342          6.800          7.220          7.580          7.849
          7.991          8.007          7.919          7.767          7.602          7.446          7.297          7.130          6.910          6.617
          6.252          5.858          5.463          5.069          4.668          4.276          3.927          3.613          3.317          3.028
          2.758          2.531          2.339          2.167          2.008          1.862          1.741          1.638          1.543          1.449
          1.355          1.267          1.187          1.108          1.030          0.952          0.878          0.807          0.739          0.675
          0.614          0.555          0.499          0.446          0.397          0.354          0.313          0.274          0.239          0.218

          0.000          0.000          0.000          0.000          0.000          0.000          0.000          0.001          0.003          0.008
          0.017          0.032          0.058          0.106          0.184          0.290          0.417          0.580          0.787          1.033
          1.282          1.539          1.838          2.183          2.567          2.954          3.343          3.768          4.237          4.759
          5.308          5.867          6.439          7.025          7.613          8.190          8.733          9.208          9.572          9.797
          9.845          9.767          9.602          9.406          9.219          9.037          8.846          8.611          8.296          7.881
          7.384          6.884          6.410          5.951          5.493          5.051          4.660          4.313          3.995          3.696
          3.426          3.204          3.017          2.849          2.686          2.525          2.380          2.248          2.120          1.993
          1.865          1.744          1.630          1.520          1.413          1.309          1.208          1.112          1.021          0.935
          0.855          0.777          0.703          0.633          0.568          0.509          0.453          0.401          0.351          0.320

          0.000          0.000          0.000          0.000          0.000          0.000          0.001          0.004          0.009          0.019
          0.033          0.058          0.096          0.165          0.268          0.408          0.569          0.777          1.041          1.355
          1.682          2.017          2.404          2.848          3.346          3.857          4.374          4.933          5.546          6.222
          6.931          7.649          8.370          9.085          9.783         10.457         11.076         11.575         11.903         11.983
         11.915         11.741         11.528         11.313         11.102         10.878         10.619         10.278          9.829          9.266
          8.652          8.074          7.538          7.031          6.536          6.074          5.673          5.327          5.013          4.712
          4.426          4.163          3.926          3.703          3.485          3.272          3.074          2.890          2.715          2.542
          2.371          2.209          2.056          1.910          1.771          1.637          1.510          1.390          1.276          1.170
          1.072          0.979          0.890          0.806          0.728          0.658          0.591          0.528          0.467          0.428

          0.000          0.000          0.000          0.000          0.000          0.002          0.004          0.010          0.018          0.034
          0.056          0.093          0.149          0.242          0.374          0.554          0.757          1.021          1.350          1.748
          2.169          2.603          3.103          3.673          4.319          4.989          5.672          6.409          7.209          8.080
          8.984          9.893         10.787         11.647         12.462         13.232         13.902         14.374         14.540         14.491
         14.297         14.053         13.826         13.600         13.351         13.059         12.682         12.190         11.572         10.866
         10.166          9.529          8.961          8.445          7.961          7.501          7.076          6.667          6.268          5.872
          5.487          5.134          4.809          4.503          4.205          3.915          3.645          3.395          3.160          2.935
          2.718          2.516          2.328          2.153          1.988          1.833          1.688          1.553          1.427          1.310
          1.203          1.103          1.009          0.919          0.836          0.761          0.691          0.623          0.558          0.515

          0.000          0.000          0.000          0.000          0.002          0.004          0.009          0.018          0.031          0.054
          0.086          0.139          0.214          0.335          0.501          0.727          0.980          1.310          1.719          2.217
          2.756          3.317          3.964          4.700          5.537          6.415          7.320          8.291          9.337         10.453
         11.595         12.728         13.821         14.844         15.781         16.638         17.303         17.626         17.659         17.453
         17.149         16.899         16.691         16.453         16.139         15.709         15.150         14.451         13.664         12.878
         12.169         11.541         10.963         10.398          9.806          9.210          8.628          8.060          7.508          6.966
          6.442          5.952          5.499          5.081          4.691          4.326          3.991          3.685          3.403          3.139
          2.890          2.660          2.450          2.256          2.077          1.911          1.757          1.616          1.484          1.364
          1.255          1.154          1.060          0.971          0.889          0.814          0.745          0.678          0.613          0.571

          0.000          0.000          0.000          0.001          0.003          0.008          0.015          0.028          0.046          0.078
          0.122          0.194          0.290          0.444          0.648          0.930          1.243          1.654          2.158          2.779
          3.463          4.185          5.021          5.974          7.059          8.206          9.397         10.672         12.029         13.445
         14.868         16.257         17.570         18.769         19.826         20.735         21.285         21.462         21.338         20.976
         20.659         20.461         20.269         19.971         19.493         18.860         18.094         17.257         16.421         15.625
         14.874         14.120         13.362         12.583         11.783         10.971         10.163          9.370          8.603          7.871
          7.184          6.555          5.984          5.470          5.004          4.574          4.180          3.819          3.489          3.183
          2.899          2.641          2.408          2.197          2.006          1.834          1.681          1.543          1.418          1.305
          1.206          1.116          1.033          0.953          0.880          0.813          0.751          0.692          0.632          0.595

          0.000          0.000          0.000          0.002          0.005          0.011          0.021          0.039          0.063          0.106
          0.164          0.256          0.377          0.567          0.814          1.161          1.543          2.051          2.664          3.427
          4.282          5.199          6.268          7.492          8.885         10.370         11.919         13.570         15.304         17.075
         18.820         20.494         22.050         23.432         24.608         25.479         25.835         25.848         25.542         25.149
         24.904         24.744         24.510         24.054         23.393         22.600         21.718         20.770         19.785         18.796
         17.828         16.840         15.789         14.687         13.571         12.470         11.397         10.362          9.383          8.476
          7.646          6.893          6.214          5.603          5.048          4.537          4.069          3.645          3.265          2.922
          2.616          2.346          2.110          1.904          1.723          1.567          1.434          1.317          1.214          1.122
          1.043          0.975          0.912          0.853          0.797          0.746          0.700          0.654          0.607          0.579

          0.000          0.000          0.001          0.002          0.006          0.015          0.028          0.051          0.082          0.136
          0.210          0.324          0.472          0.703          0.997          1.413          1.872          2.490          3.222          4.143
          5.185          6.330          7.674          9.226         10.989         12.884         14.868         16.975         19.161         21.348
         23.464         25.462         27.286         28.866         30.135         30.714         30.883         30.700         30.352         30.056
         29.889         29.749         29.428         28.846         27.984         26.953         25.788         24.573         23.300         21.983
         20.647         19.258         17.807         16.332         14.881         13.490         12.160         10.890          9.703          8.615
          7.628          6.734          5.934          5.226          4.596          4.036          3.539          3.102          2.721          2.386
          2.094          1.841          1.626          1.442          1.286          1.156          1.051          0.964          0.891          0.827
          0.777          0.736          0.701          0.667          0.635          0.607          0.582          0.556          0.528          0.511

          0.000          0.000          0.001          0.002          0.007          0.018          0.035          0.064          0.104          0.169
          0.261          0.399          0.578          0.849          1.193          1.680          2.218          2.950          3.809          4.909
          6.153          7.558          9.215         11.146         13.338         15.714         18.218         20.876         23.602         26.288
         28.846         31.224         33.352         35.136         36.155         36.496         36.449         36.202         36.008         35.892
         35.872         35.735         35.236         34.305         32.968         31.524         29.979         28.294         26.519         24.714
         22.903         21.057         19.175         17.302         15.488         13.779         12.161         10.633          9.230          7.974
          6.870          5.905          5.068          4.342          3.709          3.157          2.672          2.254          1.900          1.602
          1.358          1.162          1.005          0.879          0.776          0.696          0.637          0.590          0.552          0.521
          0.498          0.484          0.473          0.462          0.451          0.443          0.437          0.430          0.419          0.413

          0.000          0.000          0.001          0.003          0.009          0.023          0.045          0.079          0.130          0.210
          0.322          0.485          0.697          1.010          1.404          1.960          2.580          3.431          4.424          5.726
          7.203          8.918         10.940         13.312         16.002         18.936         22.053         25.367         28.743         32.040
         35.139         37.975         40.448         42.221         42.877         42.959         42.813         42.823         43.004         43.173
         43.171         42.722         41.636         40.027         38.065         35.968         33.764         31.477         29.127         26.731
         24.358         21.971         19.553         17.189         14.982         12.974         11.131          9.447          7.941          6.624
          5.494          4.522          3.687          2.985          2.406          1.933          1.548          1.237          0.990          0.795
          0.645          0.532          0.447          0.384          0.336          0.301          0.280          0.265          0.256          0.249
          0.247          0.251          0.258          0.264          0.270          0.278          0.288          0.296          0.300          0.307

          0.000          0.000          0.001          0.004          0.011          0.028          0.056          0.099          0.161          0.256
          0.391          0.579          0.826          1.178          1.626          2.252          2.966          3.949          5.099          6.631
          8.365         10.446         12.886         15.764         19.027         22.595         26.408         30.484         34.635         38.665
         42.404         45.758         48.503         49.833         50.236         50.246         50.495         51.154         51.684         51.897
         51.352         50.126         48.102         45.471         42.633         39.764         36.878         33.933         30.827         27.642
         24.530         21.507         18.603         15.905         13.467         11.290          9.311          7.518          5.953          4.653
          3.610          2.771          2.100          1.572          1.160          0.841          0.600          0.425          0.303          0.221
          0.167          0.131          0.106          0.090          0.078          0.071          0.067          0.067          0.067          0.069
          0.074          0.083          0.094          0.106          0.120          0.135          0.152          0.169          0.184          0.202

          0.000          0.000          0.001          0.004          0.013          0.034          0.068          0.118          0.192          0.301
          0.457          0.669          0.948          1.342          1.852          2.555          3.380          4.508          5.839          7.619
          9.623         12.098         14.981         18.402         22.279         26.515         31.076         36.004         41.033         45.877
         50.295         54.062         56.408         57.561         58.028         58.605         59.747         60.998         61.617         61.155
         59.551         56.885         53.521         49.848         46.145         42.495         38.793         34.809         30.694         26.756
         23.123         19.737         16.545         13.576         10.917          8.615          6.643          4.987          3.653          2.627
          1.848          1.255          0.820          0.518          0.322          0.200          0.125          0.080          0.052          0.035
          0.024          0.018          0.014          0.011          0.009          0.008          0.008          0.008          0.008          0.009
          0.011          0.014          0.018          0.023          0.030          0.040          0.054          0.070          0.088          0.110

          0.000          0.000          0.001          0.005          0.016          0.039          0.079          0.136          0.220          0.342
          0.518          0.755          1.072          1.511          2.090          2.877          3.828          5.110          6.646          8.678
         10.971         13.848         17.162         21.140         25.611         30.473         35.792         41.613         47.543         53.185
         58.078         61.710         64.043         65.417         66.578         68.475         70.711         72.185         71.929         69.681
         66.086         61.825         57.306         52.599         47.843         43.139         38.285         33.394         28.698         24.310
         20.264         16.468         13.042         10.072          7.580          5.542          3.895          2.612          1.670          1.018
          0.590          0.329          0.177          0.093          0.048          0.025          0.013          0.007          0.004          0.002
          0.001          0.001          0.001          0.000          0.000          0.000          0.000          0.000          0.000          0.000
          0.000          0.000          0.000          0.001          0.002          0.004          0.008          0.015          0.024          0.043

          0.000          0.000          0.001          0.005          0.017          0.044          0.088          0.152          0.246          0.381
          0.579          0.844          1.204          1.695          2.352          3.233          4.328          5.774          7.540          9.833
         12.451         15.734         19.493         24.042         29.053         34.476         40.559         47.295         54.117         60.542
         65.866         69.684         72.112         74.308         77.781         81.365         83.749         83.427         80.360         75.618
         70.271         64.558         58.605         52.608         46.866         41.216         35.595         30.059         24.736         19.926
         15.747         12.122          9.009          6.417          4.346          2.766          1.644          0.922          0.499          0.264
          0.137          0.070          0.034          0.016          0.007          0.003          0.001          0.000          0.000          0.000
          0.000          0.000          0.000          0.000          0.000          0.000          0.000          0.000          0.000          0.000
          0.000          0.000          0.000          0.000          0.000          0.000          0.000          0.000          0.002          0.008

          0.000          0.000          0.001          0.006          0.019          0.049          0.099          0.169          0.276          0.427
          0.651          0.951          1.360          1.911          2.656          3.646          4.900          6.525          8.540         11.112
         14.093         17.796         22.055         27.156         32.668         38.695         45.709         53.905         63.082         70.969
         76.203         79.646         83.211         88.777         94.313         97.143         96.036         91.707         85.602         78.611
         71.287         64.008         56.991         50.276         43.582         36.931         30.481         24.556         19.287         14.756
         10.952          7.775          5.179          3.181          1.799          0.970          0.529          0.301          0.183          0.116
          0.074          0.047          0.028          0.016          0.008          0.004          0.002          0.001          0.000          0.000
          0.000          0.000          0.000          0.000          0.000          0.000          0.000          0.000          0.000          0.000
          0.000          0.000          0.000          0.000          0.000          0.000          0.000          0.000          0.000          0.000

          0.000          0.000          0.002          0.007          0.021          0.054          0.111          0.190          0.309          0.478
          0.730          1.063          1.519          2.129          2.963          4.062          5.479          7.290          9.572         12.439
         15.821         19.958         24.722         30.307         36.335         43.738         54.098         66.910         78.823         86.852
         92.317         97.438        104.432        111.114        113.279        110.372        104.001         95.723         86.482         77.585
         69.219         61.351         53.500         45.468         37.745         30.668         24.288         18.647         13.800          9.772
          6.541          4.050          2.305          1.240          0.681          0.422          0.292          0.212          0.155          0.112
          0.078          0.053          0.035          0.022          0.013          0.007          0.003          0.002          0.001          0.000
          0.000          0.000          0.000          0.000          0.000          0.000          0.000          0.000          0.000          0.000
          0.000          0.000          0.000          0.000          0.000          0.000          0.000          0.000          0.000          0.000

          0.000          0.000          0.002          0.007          0.023          0.060          0.121          0.207          0.338          0.521
          0.797          1.157          1.653          2.314          3.223          4.420          5.971          7.940         10.452         13.584
         17.305         21.814         27.074         33.300         41.539         54.130         71.260         89.973        105.383        114.386
        121.206        128.490        134.530        133.943        127.560        117.588        105.305         93.421         83.011         73.944
         65.191         56.071         47.098         38.615         30.900         24.061         18.090         12.990          8.801          5.566
          3.293          1.870          1.061          0.664          0.468          0.346          0.262          0.200          0.151          0.113
          0.083          0.060          0.041          0.028          0.018          0.011          0.006          0.003          0.002          0.001
          0.000          0.000          0.000          0.000          0.000          0.000          0.000          0.000          0.000          0.000
          0.000          0.000          0.000          0.000          0.000          0.000          0.000          0.000          0.000          0.000

          0.000          0.000          0.002          0.008          0.025          0.063          0.128          0.220          0.357          0.550
          0.844          1.222          1.744          2.438          3.400          4.664          6.304          8.378         11.035         14.338
         18.297         23.245         29.583         38.578         52.301         73.145         98.685        124.336        142.447        153.177
        165.235        169.533        163.880        150.850        133.751        115.241         99.283         86.873         76.725         67.417
         57.902         48.356         39.315         31.084         23.807         17.529         12.254          8.043          4.953          2.957
          1.778          1.129          0.769          0.555          0.415          0.317          0.246          0.193          0.150          0.116
          0.088          0.066          0.048          0.034          0.023          0.015          0.009          0.006          0.003          0.002
          0.001          0.000          0.000          0.000          0.000          0.000          0.000          0.000          0.000          0.000
          0.000          0.000          0.000          0.000          0.000          0.000          0.000          0.000          0.000          0.000

          0.000          0.000          0.002          0.008          0.025          0.066          0.130          0.225          0.365          0.563
          0.862          1.243          1.771          2.472          3.450          4.734          6.402          8.509         11.241         14.667
         18.940         24.782         33.414         47.864         70.502        101.811        139.497        172.974        194.975        212.240
        218.639        206.811        184.793        156.392        128.378        105.353         88.522         77.027         67.901         58.741
         49.005         39.607         31.039         23.464         16.952         11.617          7.551          4.748          2.989          1.940
          1.306          0.910          0.661          0.497          0.381          0.298          0.237          0.189          0.151          0.120
          0.094          0.073          0.055          0.041          0.029          0.020          0.014          0.009          0.006          0.003
          0.002          0.001          0.000          0.000          0.000          0.000          0.000          0.000          0.000          0.000
          0.000          0.000          0.000          0.000          0.000          0.000          0.000          0.000          0.000          0.000

          0.000          0.000          0.002          0.007          0.023          0.062          0.123          0.215          0.347          0.539
          0.828          1.200          1.717          2.409          3.380          4.658          6.313          8.399         11.129         14.551
         19.065         25.939         38.079         61.308        100.105        154.747        222.213        269.986        296.572        293.968
        266.717        228.340        187.699        147.246        113.651         90.549         75.620         66.796         58.081         48.753
         39.302         30.585         22.872         16.324         11.126          7.363          4.858          3.248          2.214          1.527
          1.071          0.777          0.586          0.453          0.356          0.285          0.230          0.187          0.153          0.124
          0.100          0.080          0.063          0.049          0.037          0.027          0.019          0.013          0.009          0.006
          0.004          0.002          0.001          0.001          0.000          0.000          0.000          0.000          0.000          0.000
          0.000          0.000          0.000          0.000          0.000          0.000          0.000          0.000          0.000          0.000

          0.000          0.000          0.001          0.006          0.019          0.052          0.107          0.191          0.312          0.491
          0.758          1.106          1.590          2.238          3.149          4.350          5.892          7.833         10.363         13.580
         18.071         25.736         42.213         83.550        157.208        265.595        379.006        439.611        431.852        369.139
        288.975        221.198        168.939        125.465         95.591         75.208         64.493         56.231         47.397         38.386
         29.762         22.117         15.758         10.888          7.442          5.111          3.544          2.474          1.735          1.225
          0.889          0.673          0.524          0.415          0.332          0.270          0.221          0.182          0.150          0.124
          0.103          0.085          0.069          0.055          0.043          0.033          0.025          0.018          0.013          0.009
          0.006          0.004          0.003          0.002          0.001          0.001          0.000          0.000          0.000          0.000
          0.000          0.000          0.000          0.000          0.000          0.000          0.000          0.000          0.000          0.000

          0.000          0.000          0.001          0.005          0.015          0.042          0.088          0.162          0.268          0.429
          0.666          0.980          1.411          1.990          2.801          3.863          5.202          6.888          9.084         11.907
         16.035         23.752         43.518        109.850        220.151        423.754        580.130        620.832        535.761        393.019
        269.069        187.257        139.143        104.017         78.511         62.009         53.398         45.019         36.639         28.588
         21.280         15.291         10.799          7.618          5.391          3.826          2.723          1.943          1.395          1.016
          0.765          0.594          0.471          0.379          0.308          0.253          0.210          0.175          0.146          0.122
          0.103          0.086          0.072          0.059          0.048          0.038          0.030          0.023          0.017          0.013
          0.010          0.007          0.005          0.003          0.002          0.001          0.001          0.000          0.000          0.000
          0.000          0.000          0.000          0.000          0.000          0.000          0.000          0.000          0.000          0.000

          0.000          0.000          0.001          0.004          0.011          0.033          0.070          0.133          0.223          0.362
          0.564          0.836          1.202          1.696          2.378          3.263          4.358          5.742          7.530          9.866
         13.360         20.244         39.720        116.098        230.936        550.503        724.711        693.094        522.281        337.263
        212.290        145.067        109.136         81.519         61.034         49.669         41.816         34.088         26.826         20.314
         14.897         10.811          7.856          5.722          4.158          3.012          2.185          1.589          1.165          0.870
          0.669          0.528          0.425          0.347          0.287          0.239          0.200          0.169          0.142          0.121
          0.103          0.087          0.074          0.062          0.052          0.042          0.034          0.028          0.022          0.017
          0.013          0.010          0.007          0.005          0.004          0.003          0.002          0.001          0.001          0.000
          0.000          0.000          0.000          0.000          0.000          0.000          0.000          0.000          0.000          0.000

          0.000          0.000          0.001          0.003          0.008          0.024          0.054          0.105          0.178          0.294
          0.459          0.683          0.978          1.379          1.918          2.614          3.458          4.534          5.898          7.686
         10.204         14.855         27.872         83.895        194.013        548.647        657.921        556.800        373.518        224.229
        143.422        103.057         78.857         59.015         45.933         38.341         31.312         24.851         19.286         14.651
         10.941          8.144          6.064          4.505          3.325          2.440          1.793          1.324          0.989          0.755
          0.590          0.473          0.387          0.321          0.269          0.227          0.193          0.164          0.141          0.120
          0.104          0.089          0.077          0.066          0.056          0.047          0.039          0.032          0.026          0.021
          0.017          0.013          0.010          0.008          0.006          0.004          0.003          0.002          0.001          0.001
          0.000          0.000          0.000          0.000          0.000          0.000          0.000          0.000          0.000          0.000

          0.000          0.000          0.000          0.002          0.006          0.017          0.039          0.078          0.134          0.223
          0.350          0.522          0.745          1.050          1.449          1.967          2.582          3.384          4.385          5.741
          7.522         10.361         16.000         34.899        128.169        198.555        246.590        245.722        188.924        128.526
         93.083         70.400         53.515         42.023         35.040         28.938         23.240         18.421         14.469         11.184
          8.497          6.429          4.857          3.653          2.724          2.019          1.500          1.122          0.852          0.662
          0.525          0.427          0.353          0.296          0.251          0.214          0.184          0.159          0.137          0.119
          0.104          0.091          0.079          0.068          0.059          0.051          0.043          0.036          0.030          0.025
          0.020          0.016          0.012          0.009          0.007          0.005          0.003          0.002          0.001          0.001
          0.000          0.000          0.000          0.000          0.000          0.000          0.000          0.000          0.000          0.000

          0.000          0.000          0.000          0.001          0.004          0.011          0.025          0.053          0.094          0.157
          0.249          0.374          0.536          0.758          1.044          1.422          1.873          2.479          3.244          4.319
          5.664          7.810         10.793         18.007         39.824         87.288        124.303        130.260        106.259         80.949
         62.226         48.244         38.269         31.982         27.066         22.112         17.714         14.098         11.136          8.651
          6.606          5.031          3.832          2.910          2.195          1.647          1.240          0.944          0.731          0.577
          0.463          0.379          0.316          0.267          0.228          0.196          0.170          0.148          0.129          0.113
          0.099          0.087          0.077          0.067          0.058          0.051          0.044          0.037          0.031          0.026
          0.021          0.017          0.013          0.010          0.007          0.005          0.004          0.002          0.001          0.001
          0.000          0.000          0.000          0.000          0.000          0.000          0.000          0.000          0.000          0.000

          0.000          0.000          0.000          0.001          0.002          0.006          0.015          0.033          0.062          0.106
          0.171          0.259          0.376          0.535          0.738          1.015          1.341          1.787          2.369          3.135
          4.240          5.713          7.907         11.477         17.937         30.095         42.705         49.708         49.748         45.530
         39.350         33.469         28.658         24.758         20.807         16.840         13.428         10.685          8.459          6.599
          5.075          3.904          3.009          2.313          1.766          1.340          1.024          0.794          0.624          0.498
          0.403          0.332          0.278          0.236          0.203          0.176          0.153          0.134          0.117          0.103
          0.091          0.081          0.071          0.063          0.055          0.048          0.042          0.036          0.030          0.025
          0.021          0.017          0.013          0.010          0.007          0.005          0.004          0.002          0.001          0.001
          0.000          0.000          0.000          0.000          0.000          0.000          0.000          0.000          0.000          0.000

          0.000          0.000          0.000          0.000          0.001          0.003          0.009          0.020          0.039          0.068
          0.114          0.173          0.256          0.363          0.504          0.693          0.909          1.231          1.600          2.201
          2.947          4.123          5.827          8.353         11.962         16.867         22.119         26.419         28.682         28.829
         27.057         24.539         21.796         18.942         15.864         12.849         10.305          8.262          6.592          5.181
          4.015          3.113          2.420          1.875          1.442          1.102          0.850          0.666          0.530          0.427
          0.348          0.288          0.243          0.207          0.179          0.156          0.137          0.120          0.106          0.093
          0.083          0.073          0.065          0.057          0.050          0.044          0.038          0.033          0.028          0.023
          0.019          0.015          0.012          0.009          0.006          0.004          0.003          0.002          0.001          0.000
          0.000          0.000          0.000          0.000          0.000          0.000          0.000          0.000          0.000          0.000

          0.000          0.000          0.000          0.000          0.001          0.002          0.005          0.011          0.024          0.042
          0.073          0.111          0.170          0.237          0.340          0.454          0.621          0.810          1.101          1.491
          2.068          2.978          4.346          6.215          8.718         11.514         14.510         17.212         19.143         19.911
         19.399         18.084         16.313         14.257         12.015          9.802          7.911          6.370          5.098          4.019
          3.127          2.437          1.905          1.487          1.154          0.892          0.697          0.553          0.445          0.362
          0.298          0.248          0.210          0.180          0.156          0.137          0.120          0.106          0.094          0.083
          0.074          0.066          0.058          0.051          0.044          0.039          0.033          0.028          0.024          0.020
          0.016          0.013          0.009          0.007          0.005          0.003          0.002          0.001          0.001          0.000
          0.000          0.000          0.000          0.000          0.000          0.000          0.000          0.000          0.000          0.000

          0.000          0.000          0.000          0.000          0.000          0.001          0.003          0.006          0.013          0.026
          0.044          0.072          0.107          0.158          0.218          0.303          0.400          0.538          0.721          0.984
          1.396          2.049          3.041          4.395          6.186          8.156         10.171         12.001         13.402         14.100
         13.948         13.182         12.026         10.610          9.031          7.441          6.057          4.910          3.951          3.134
          2.452          1.920          1.507          1.181          0.921          0.716          0.564          0.451          0.365          0.299
          0.247          0.207          0.176          0.151          0.131          0.115          0.101          0.090          0.079          0.070
          0.063          0.055          0.048          0.042          0.037          0.032          0.027          0.023          0.019          0.015
          0.012          0.009          0.007          0.005          0.003          0.002          0.001          0.001          0.000          0.000
          0.000          0.000          0.000          0.000          0.000          0.000          0.000          0.000          0.000          0.000

          0.000          0.000          0.000          0.000          0.000          0.000          0.001          0.003          0.008          0.015
          0.027          0.044          0.069          0.098          0.143          0.193          0.263          0.349          0.472          0.650
          0.933          1.385          2.070          3.003          4.226          5.593          6.980          8.236          9.216          9.755
          9.738          9.286          8.538          7.596          6.533          5.442          4.465          3.635          2.932          2.331
          1.829          1.435          1.130          0.889          0.696          0.545          0.432          0.348          0.283          0.233
          0.194          0.162          0.138          0.118          0.103          0.090          0.079          0.069          0.061          0.054
          0.048          0.042          0.037          0.032          0.027          0.023          0.020          0.016          0.013          0.010
          0.008          0.006          0.004          0.003          0.002          0.001          0.000          0.000          0.000          0.000
          0.000          0.000          0.000          0.000          0.000          0.000          0.000          0.000          0.000          0.000

          0.000          0.000          0.000          0.000          0.000          0.000          0.001          0.002          0.004          0.008
          0.015          0.026          0.041          0.062          0.089          0.123          0.166          0.222          0.301          0.416
          0.600          0.896          1.343          1.955          2.752          3.659          4.577          5.403          6.056          6.442
          6.481          6.230          5.776          5.190          4.515          3.802          3.146          2.577          2.091          1.672
          1.321          1.043          0.826          0.654          0.516          0.407          0.325          0.264          0.216          0.179
          0.149          0.125          0.106          0.090          0.078          0.068          0.059          0.052          0.045          0.040
          0.035          0.030          0.026          0.022          0.019          0.016          0.013          0.011          0.008          0.006
          0.005          0.003          0.002          0.001          0.001          0.000          0.000          0.000          0.000          0.000
          0.000          0.000          0.000          0.000          0.000          0.000          0.000          0.000          0.000          0.000

          0.000          0.000          0.000          0.000          0.000          0.000          0.000          0.001          0.002          0.004
          0.008          0.015          0.024          0.037          0.054          0.075          0.102          0.137          0.186          0.258
          0.372          0.554          0.831          1.211          1.711          2.289          2.873          3.400          3.820          4.085
          4.142          4.016          3.759          3.414          3.005          2.558          2.136          1.763          1.440          1.160
          0.922          0.733          0.584          0.465          0.369          0.293          0.235          0.191          0.157          0.130
          0.108          0.091          0.077          0.065          0.056          0.048          0.042          0.036          0.031          0.027
          0.024          0.020          0.017          0.014          0.012          0.010          0.008          0.006          0.005          0.003
          0.002          0.001          0.001          0.000          0.000          0.000          0.000          0.000          0.000          0.000
          0.000          0.000          0.000          0.000          0.000          0.000          0.000          0.000          0.000          0.000

          0.000          0.000          0.000          0.000          0.000          0.000          0.000          0.000          0.001          0.002
          0.004          0.008          0.013          0.021          0.031          0.045          0.061          0.083          0.113          0.156
          0.223          0.328          0.490          0.714          1.013          1.365          1.722          2.044          2.304          2.478
          2.534          2.480          2.346          2.153          1.916          1.649          1.389          1.155          0.950          0.770
          0.617          0.493          0.395          0.316          0.252          0.200          0.161          0.131          0.108          0.089
          0.074          0.062          0.052          0.044          0.037          0.032          0.027          0.023          0.020          0.017
          0.014          0.012          0.010          0.008          0.007          0.005          0.004          0.003          0.002          0.001
          0.001          0.000          0.000          0.000          0.000          0.000          0.000          0.000          0.000          0.000
          0.000          0.000          0.000          0.000          0.000          0.000          0.000          0.000          0.000          0.000

          0.000          0.000          0.000          0.000          0.000          0.000          0.000          0.000          0.000          0.001
          0.002          0.004          0.007          0.012          0.018          0.026          0.037          0.050          0.068          0.094
          0.132          0.187          0.274          0.394          0.557          0.755          0.958          1.145          1.299          1.412
          1.462          1.445          1.379          1.275          1.143          0.990          0.837          0.697          0.572          0.464
          0.371          0.296          0.237          0.188          0.149          0.118          0.095          0.076          0.062          0.051
          0.042          0.035          0.029          0.024          0.020          0.017          0.014          0.011          0.009          0.008
          0.007          0.005          0.004          0.003          0.003          0.002          0.001          0.001          0.001          0.000
          0.000          0.000          0.000          0.000          0.000          0.000          0.000          0.000          0.000          0.000
          0.000          0.000          0.000          0.000          0.000          0.000          0.000          0.000          0.000          0.000

          0.000          0.000          0.000          0.000          0.000          0.000          0.000          0.000          0.000          0.000
          0.001          0.002          0.004          0.006          0.010          0.015          0.022          0.030          0.041          0.055
          0.075          0.102          0.141          0.195          0.269          0.364          0.464          0.559          0.640          0.707
          0.744          0.744          0.715          0.664          0.598          0.520          0.440          0.364          0.298          0.240
          0.191          0.151          0.120          0.094          0.074          0.057          0.045          0.036          0.028          0.023
          0.018          0.015          0.012          0.010          0.008          0.006          0.005          0.004          0.003          0.003
          0.002          0.002          0.001          0.001          0.001          0.001          0.000          0.000          0.000          0.000
          0.000          0.000          0.000          0.000          0.000          0.000          0.000          0.000          0.000          0.000
          0.000          0.000          0.000          0.000          0.000          0.000          0.000          0.000          0.000          0.000

          0.000          0.000          0.000          0.000          0.000          0.000          0.000          0.000          0.000          0.000
          0.000          0.001          0.002          0.003          0.005          0.008          0.012          0.017          0.023          0.031
          0.041          0.053          0.068          0.088          0.113          0.147          0.184          0.222          0.257          0.289
          0.312          0.317          0.307          0.287          0.260          0.228          0.193          0.159          0.129          0.103
          0.082          0.064          0.050          0.039          0.030          0.023          0.018          0.014          0.011          0.008
          0.007          0.005          0.004          0.003          0.003          0.002          0.002          0.001          0.001          0.001
          0.001          0.000          0.000          0.000          0.000          0.000          0.000          0.000          0.000          0.000
          0.000          0.000          0.000          0.000          0.000          0.000          0.000          0.000          0.000          0.000
          0.000          0.000          0.000          0.000          0.000          0.000          0.000          0.000          0.000          0.000

          0.000          0.000          0.000          0.000          0.000          0.000          0.000          0.000          0.000          0.000
          0.000          0.000          0.001          0.001          0.002          0.004          0.006          0.009          0.012          0.017
          0.021          0.027          0.033          0.040          0.047          0.055          0.061          0.068          0.075          0.082
          0.089          0.092          0.091          0.087          0.081          0.072          0.061          0.051          0.042          0.033
          0.026          0.020          0.016          0.012          0.009          0.007          0.005          0.004          0.003          0.002
          0.002          0.001          0.001          0.001          0.001          0.000          0.000          0.000          0.000          0.000
          0.000          0.000          0.000          0.000          0.000          0.000          0.000          0.000          0.000          0.000
          0.000          0.000          0.000          0.000          0.000          0.000          0.000          0.000          0.000          0.000
          0.000          0.000          0.000          0.000          0.000          0.000          0.000          0.000          0.000          0.000

          0.000          0.000          0.000          0.000          0.000          0.000          0.000          0.000          0.000          0.000
          0.000          0.000          0.000          0.000          0.001          0.002          0.003          0.004          0.006          0.008
          0.010          0.013          0.016          0.018          0.020          0.021          0.022          0.022          0.021          0.020
          0.019          0.017          0.016          0.014          0.013          0.012          0.010          0.009          0.007          0.006
          0.005          0.004          0.003          0.002          0.002          0.001          0.001          0.001          0.001          0.000
          0.000          0.000          0.000          0.000          0.000          0.000          0.000          0.000          0.000          0.000
          0.000          0.000          0.000          0.000          0.000          0.000          0.000          0.000          0.000          0.000
          0.000          0.000          0.000          0.000          0.000          0.000          0.000          0.000          0.000          0.000
          0.000          0.000          0.000          0.000          0.000          0.000          0.000          0.000          0.000          0.000

          0.000          0.000          0.000          0.000          0.000          0.000          0.000          0.000          0.000          0.000
          0.000          0.000          0.000          0.000          0.000          0.001          0.001          0.002          0.003          0.004
          0.005          0.006          0.007          0.008          0.008          0.008          0.008          0.008          0.007          0.006
          0.005          0.004          0.003          0.002          0.002          0.001          0.001          0.001          0.001          0.001
          0.000          0.000          0.000          0.000          0.000          0.000          0.000          0.000          0.000          0.000
          0.000          0.000          0.000          0.000          0.000          0.000          0.000          0.000          0.000          0.000
          0.000          0.000          0.000          0.000          0.000          0.000          0.000          0.000          0.000          0.000
          0.000          0.000          0.000          0.000          0.000          0.000          0.000          0.000          0.000          0.000
          0.000          0.000          0.000          0.000          0.000          0.000          0.000          0.000          0.000          0.000

          0.000          0.000          0.000          0.000          0.000          0.000          0.000          0.000          0.000          0.000
          0.000          0.000          0.000          0.000          0.000          0.000          0.000          0.001          0.001          0.001
          0.002          0.002          0.003          0.003          0.003          0.003          0.003          0.003          0.002          0.002
          0.001          0.001          0.001          0.000          0.000          0.000          0.000          0.000          0.000          0.000
          0.000          0.000          0.000          0.000          0.000          0.000          0.000          0.000          0.000          0.000
          0.000          0.000          0.000          0.000          0.000          0.000          0.000          0.000          0.000          0.000
          0.000          0.000          0.000          0.000          0.000          0.000          0.000          0.000          0.000          0.000
          0.000          0.000          0.000          0.000          0.000          0.000          0.000          0.000          0.000          0.000
          0.000          0.000          0.000          0.000          0.000          0.000          0.000          0.000          0.000          0.000

          0.000          0.000          0.000          0.000          0.000          0.000          0.000          0.000          0.000          0.000
          0.000          0.000          0.000          0.000          0.000          0.000          0.000          0.000          0.000          0.000
          0.001          0.001          0.001          0.001          0.001          0.001          0.001          0.001          0.001          0.001
          0.000          0.000          0.000          0.000          0.000          0.000          0.000          0.000          0.000          0.000
          0.000          0.000          0.000          0.000          0.000          0.000          0.000          0.000          0.000          0.000
          0.000          0.000          0.000          0.000          0.000          0.000          0.000          0.000          0.000          0.000
          0.000          0.000          0.000          0.000          0.000          0.000          0.000          0.000          0.000          0.000
          0.000          0.000          0.000          0.000          0.000          0.000          0.000          0.000          0.000          0.000
          0.000          0.000          0.000          0.000          0.000          0.000          0.000          0.000          0.000          0.000

          0.000          0.000          0.000          0.000          0.000          0.000          0.000          0.000          0.000          0.000
          0.000          0.000          0.000          0.000          0.000          0.000          0.000          0.000          0.000          0.000
          0.000          0.000          0.000          0.000          0.000          0.000          0.000          0.000          0.000          0.000
          0.000          0.000          0.000          0.000          0.000          0.000          0.000          0.000          0.000          0.000
          0.000          0.000          0.000          0.000          0.000          0.000          0.000          0.000          0.000          0.000
          0.000          0.000          0.000          0.000          0.000          0.000          0.000          0.000          0.000          0.000
          0.000          0.000          0.000          0.000          0.000          0.000          0.000          0.000          0.000          0.000
          0.000          0.000          0.000          0.000          0.000          0.000          0.000          0.000          0.000          0.000
          0.000          0.000          0.000          0.000          0.000          0.000          0.000          0.000          0.000          0.000

          0.000          0.000          0.000          0.000          0.000          0.000          0.000          0.000          0.000          0.000
          0.000          0.000          0.000          0.000          0.000          0.000          0.000          0.000          0.000          0.000
          0.000          0.000          0.000          0.000          0.000          0.000          0.000          0.000          0.000          0.000
          0.000          0.000          0.000          0.000          0.000          0.000          0.000          0.000          0.000          0.000
          0.000          0.000          0.000          0.000          0.000          0.000          0.000          0.000          0.000          0.000
          0.000          0.000          0.000          0.000          0.000          0.000          0.000          0.000          0.000          0.000
          0.000          0.000          0.000          0.000          0.000          0.000          0.000          0.000          0.000          0.000
          0.000          0.000          0.000          0.000          0.000          0.000          0.000          0.000          0.000          0.000
          0.000          0.000          0.000          0.000          0.000          0.000          0.000          0.000          0.000          0.000

