NCOLS    90
NROWS    50
XLLCORNER         225.000
YLLCORNER          32.500
CELLSIZE           0.500          0.500
NODATA_VALUE  0.000
          0.000          0.000          0.000          0.000          0.000          0.000          0.001          0.003          0.007          0.016
          0.030          0.047          0.069          0.094          0.124          0.158          0.195          0.233          0.268          0.304
          0.347          0.395          0.443          0.486          0.525          0.571          0.625          0.682          0.739          0.793
          0.854          0.928          1.009          1.098          1.191          1.295          1.410          1.530          1.650          1.761
          1.866          1.965          2.050          2.116          2.164          2.211          2.272          2.335          2.383          2.404
          2.406          2.388          2.334          2.248          2.135          2.018          1.910          1.801          1.688          1.571
          1.468          1.390          1.316          1.239          1.157          1.081          1.022          0.959          0.886          0.807
          0.734          0.679          0.629          0.578          0.526          0.481          0.448          0.419          0.390          0.360
          0.334          0.315          0.300          0.285          0.269          0.253          0.238          0.215          0.158          0.064

          0.000          0.000          0.000          0.000          0.000          0.001          0.001          0.003          0.007          0.016
          0.031          0.050          0.074          0.102          0.134          0.172          0.214          0.259          0.302          0.345
          0.395          0.451          0.511          0.569          0.623          0.683          0.750          0.822          0.897          0.972
          1.053          1.143          1.240          1.345          1.456          1.575          1.701          1.831          1.964          2.091
          2.210          2.313          2.395          2.453          2.485          2.519          2.567          2.617          2.638          2.634
          2.609          2.574          2.515          2.431          2.326          2.221          2.126          2.030          1.927          1.813
          1.704          1.619          1.539          1.453          1.360          1.273          1.210          1.147          1.076          0.997
          0.924          0.869          0.816          0.758          0.696          0.638          0.597          0.560          0.522          0.482
          0.447          0.423          0.403          0.383          0.362          0.342          0.324          0.303          0.241          0.114

          0.000          0.000          0.000          0.000          0.001          0.001          0.003          0.005          0.010          0.020
          0.035          0.056          0.083          0.113          0.149          0.191          0.239          0.291          0.343          0.394
          0.450          0.514          0.584          0.656          0.724          0.797          0.877          0.964          1.059          1.158
          1.266          1.383          1.510          1.650          1.801          1.962          2.128          2.300          2.472          2.631
          2.769          2.877          2.953          2.993          3.005          3.021          3.053          3.075          3.075          3.043
          2.993          2.934          2.853          2.747          2.620          2.496          2.389          2.283          2.168          2.039
          1.913          1.811          1.716          1.618          1.513          1.413          1.339          1.269          1.194          1.114
          1.039          0.988          0.943          0.891          0.833          0.778          0.739          0.705          0.668          0.627
          0.588          0.560          0.536          0.511          0.484          0.458          0.435          0.407          0.338          0.184

          0.000          0.000          0.000          0.001          0.001          0.002          0.004          0.008          0.014          0.025
          0.041          0.063          0.092          0.127          0.166          0.212          0.263          0.323          0.386          0.447
          0.512          0.585          0.667          0.755          0.844          0.936          1.035          1.145          1.268          1.403
          1.551          1.709          1.882          2.072          2.276          2.494          2.717          2.940          3.154          3.341
          3.484          3.582          3.632          3.636          3.615          3.606          3.612          3.605          3.573          3.504
          3.412          3.315          3.199          3.058          2.898          2.745          2.617          2.491          2.355          2.206
          2.061          1.947          1.844          1.736          1.621          1.509          1.424          1.348          1.267          1.181
          1.102          1.048          1.003          0.953          0.897          0.847          0.812          0.784          0.753          0.717
          0.683          0.658          0.638          0.615          0.591          0.565          0.541          0.511          0.439          0.280

          0.000          0.001          0.001          0.002          0.002          0.004          0.007          0.012          0.019          0.031
          0.048          0.071          0.102          0.141          0.185          0.235          0.292          0.359          0.435          0.511
          0.588          0.674          0.773          0.885          1.003          1.126          1.258          1.405          1.573          1.764
          1.974          2.197          2.438          2.698          2.977          3.272          3.569          3.852          4.102          4.297
          4.427          4.491          4.488          4.439          4.378          4.335          4.301          4.256          4.175          4.049
          3.900          3.745          3.576          3.384          3.180          2.990          2.831          2.677          2.513          2.341
          2.178          2.052          1.940          1.823          1.696          1.573          1.482          1.401          1.317          1.229
          1.149          1.094          1.049          0.998          0.942          0.892          0.858          0.831          0.801          0.768
          0.737          0.715          0.696          0.677          0.655          0.632          0.610          0.579          0.506          0.357

          0.001          0.001          0.002          0.002          0.004          0.006          0.010          0.016          0.024          0.037
          0.054          0.078          0.111          0.154          0.204          0.259          0.322          0.399          0.490          0.588
          0.685          0.791          0.916          1.061          1.226          1.400          1.585          1.794          2.035          2.310
          2.615          2.938          3.275          3.634          4.013          4.410          4.797          5.137          5.404          5.580
          5.666          5.664          5.583          5.469          5.355          5.258          5.174          5.064          4.912          4.709
          4.476          4.242          4.005          3.754          3.501          3.267          3.069          2.878          2.686          2.490
          2.309          2.171          2.048          1.921          1.784          1.652          1.556          1.475          1.394          1.309
          1.234          1.185          1.144          1.098          1.047          1.000          0.967          0.940          0.910          0.876
          0.844          0.818          0.795          0.772          0.748          0.722          0.697          0.664          0.587          0.446

          0.001          0.001          0.002          0.003          0.005          0.008          0.012          0.019          0.028          0.041
          0.059          0.084          0.118          0.164          0.220          0.282          0.352          0.440          0.548          0.672
          0.798          0.932          1.095          1.288          1.520          1.771          2.040          2.346          2.696          3.099
          3.544          4.006          4.480          4.972          5.480          5.999          6.477          6.854          7.105          7.225
          7.228          7.119          6.940          6.747          6.563          6.399          6.233          6.033          5.787          5.481
          5.141          4.815          4.501          4.190          3.883          3.601          3.357          3.132          2.915          2.700
          2.506          2.358          2.231          2.102          1.965          1.838          1.748          1.675          1.600          1.519
          1.447          1.397          1.355          1.307          1.253          1.202          1.162          1.129          1.092          1.051
          1.012          0.976          0.944          0.911          0.880          0.847          0.815          0.778          0.701          0.564

          0.001          0.001          0.002          0.004          0.006          0.009          0.014          0.021          0.030          0.044
          0.063          0.089          0.124          0.173          0.234          0.304          0.384          0.485          0.614          0.768
          0.932          1.108          1.326          1.589          1.918          2.286          2.684          3.132          3.643          4.232
          4.868          5.519          6.174          6.836          7.499          8.147          8.696          9.071          9.258          9.271
          9.131          8.875          8.589          8.301          8.039          7.780          7.500          7.181          6.804          6.359
          5.894          5.464          5.066          4.689          4.330          4.001          3.719          3.473          3.247          3.030
          2.840          2.698          2.576          2.450          2.311          2.180          2.080          1.994          1.906          1.811
          1.723          1.657          1.600          1.539          1.473          1.409          1.356          1.310          1.262          1.212
          1.163          1.118          1.076          1.034          0.995          0.957          0.918          0.876          0.809          0.684

          0.001          0.001          0.003          0.004          0.006          0.009          0.014          0.021          0.031          0.045
          0.064          0.091          0.129          0.179          0.245          0.324          0.416          0.536          0.690          0.883
          1.098          1.335          1.633          2.002          2.475          3.013          3.596          4.254          5.004          5.848
          6.740          7.640          8.528          9.398         10.233         10.992         11.561         11.876         11.938         11.772
         11.421         11.018         10.612         10.234          9.864          9.466          9.038          8.555          8.005          7.403
          6.806          6.267          5.784          5.347          4.942          4.576          4.274          4.025          3.803          3.585
          3.380          3.211          3.055          2.893          2.720          2.555          2.422          2.304          2.187          2.064
          1.950          1.857          1.776          1.694          1.610          1.530          1.460          1.399          1.340          1.282
          1.226          1.174          1.126          1.080          1.038          0.999          0.961          0.920          0.868          0.771

          0.001          0.001          0.003          0.004          0.006          0.009          0.014          0.021          0.031          0.044
          0.065          0.092          0.131          0.183          0.254          0.343          0.450          0.591          0.777          1.018
          1.303          1.627          2.044          2.564          3.234          4.007          4.862          5.828          6.910          8.089
          9.314         10.531         11.710         12.825         13.832         14.652         15.173         15.359         15.230         14.797
         14.231         13.689         13.185         12.713         12.197         11.626         11.006         10.310          9.553          8.773
          8.026          7.365          6.794          6.307          5.877          5.487          5.147          4.841          4.551          4.257
          3.977          3.734          3.510          3.286          3.058          2.843          2.662          2.502          2.348          2.194
          2.050          1.930          1.826          1.727          1.629          1.537          1.457          1.386          1.320          1.259
          1.201          1.148          1.098          1.052          1.010          0.975          0.941          0.906          0.862          0.807

          0.001          0.001          0.002          0.004          0.006          0.008          0.013          0.020          0.029          0.043
          0.063          0.092          0.132          0.187          0.263          0.364          0.489          0.657          0.886          1.190
          1.568          2.013          2.589          3.322          4.267          5.377          6.618          8.003          9.524         11.141
         12.782         14.388         15.913         17.300         18.452         19.251         19.650         19.654         19.247         18.514
         17.775         17.144         16.601         16.028         15.336         14.531         13.620         12.622         11.599         10.609
          9.729          8.989          8.354          7.778          7.224          6.691          6.201          5.753          5.332          4.922
          4.538          4.197          3.886          3.589          3.299          3.029          2.798          2.594          2.403          2.217
          2.045          1.900          1.775          1.659          1.550          1.449          1.363          1.288          1.221          1.160
          1.107          1.060          1.017          0.976          0.941          0.912          0.886          0.858          0.824          0.800

          0.000          0.001          0.002          0.003          0.005          0.007          0.011          0.018          0.027          0.041
          0.061          0.091          0.133          0.193          0.278          0.394          0.543          0.748          1.032          1.420
          1.917          2.524          3.316          4.344          5.668          7.227          8.964         10.893         12.981         15.143
         17.286         19.349         21.264         22.935         24.173         24.877         25.104         24.868         24.124         23.192
         22.383         21.776         21.181         20.395         19.372         18.163         16.855         15.551         14.318         13.186
         12.159         11.214         10.341          9.521          8.732          7.983          7.291          6.661          6.082          5.541
          5.044          4.602          4.200          3.826          3.473          3.146          2.863          2.614          2.386          2.171
          1.973          1.805          1.660          1.530          1.412          1.306          1.219          1.145          1.080          1.024
          0.978          0.940          0.907          0.876          0.850          0.830          0.813          0.795          0.771          0.760

          0.000          0.001          0.001          0.002          0.004          0.006          0.010          0.016          0.025          0.038
          0.059          0.090          0.135          0.201          0.297          0.432          0.611          0.863          1.218          1.710
          2.358          3.171          4.243          5.650          7.440          9.549         11.895         14.487         17.253         20.060
         22.788         25.375         27.727         29.690         30.948         31.493         31.547         31.005         30.067         29.094
         28.312         27.655         26.811         25.612         24.129         22.517         20.933         19.348         17.770         16.268
         14.891         13.610         12.390         11.236         10.153          9.155          8.248          7.426          6.685          6.010
          5.400          4.856          4.365          3.918          3.505          3.126          2.794          2.502          2.241          2.002
          1.786          1.603          1.448          1.314          1.196          1.096          1.017          0.951          0.896          0.850
          0.816          0.792          0.772          0.754          0.739          0.729          0.722          0.714          0.699          0.687

          0.000          0.000          0.001          0.002          0.003          0.005          0.008          0.013          0.022          0.035
          0.056          0.088          0.137          0.210          0.319          0.476          0.690          0.995          1.434          2.055
          2.887          3.952          5.366          7.227          9.569         12.312         15.350         18.694         22.230         25.771
         29.167         32.357         35.207         37.440         38.614         39.032         38.865         38.095         37.133         36.196
         35.428         34.594         33.387         31.800         29.889         27.834         25.673         23.512         21.389         19.377
         17.534         15.813         14.187         12.670         11.275         10.024          8.903          7.896          6.998          6.195
          5.481          4.844          4.270          3.756          3.293          2.878          2.512          2.192          1.913          1.667
          1.454          1.278          1.133          1.011          0.909          0.828          0.768          0.721          0.684          0.654
          0.635          0.624          0.618          0.612          0.609          0.611          0.616          0.620          0.613          0.593

          0.000          0.000          0.001          0.001          0.002          0.004          0.007          0.011          0.019          0.032
          0.054          0.088          0.142          0.222          0.343          0.521          0.770          1.133          1.665          2.433
          3.478          4.846          6.680          9.086         12.055         15.476         19.254         23.399         27.760         32.103
         36.269         40.153         43.550         45.930         47.031         47.324         46.825         46.020         45.178         44.522
         43.850         42.874         41.315         39.021         36.237         33.359         30.442         27.527         24.718         22.111
         19.751         17.563         15.509         13.610         11.904         10.411          9.087          7.907          6.862          5.947
          5.148          4.444          3.819          3.268          2.787          2.365          1.998          1.686          1.424          1.207
          1.030          0.890          0.780          0.692          0.623          0.571          0.535          0.508          0.488          0.473
          0.466          0.468          0.473          0.479          0.486          0.498          0.512          0.524          0.525          0.499

          0.000          0.000          0.000          0.001          0.002          0.003          0.005          0.009          0.017          0.031
          0.054          0.090          0.148          0.235          0.369          0.568          0.855          1.279          1.915          2.847
          4.132          5.858          8.188         11.228         14.903         19.073         23.651         28.661         33.915         39.137
         44.150         48.756         52.569         54.905         55.983         55.947         55.384         54.895         54.829         54.722
         54.183         52.671         49.925         46.401         42.475         38.519         34.672         30.979         27.484         24.255
         21.340         18.657         16.167         13.901         11.897         10.170          8.668          7.352          6.211          5.237
          4.410          3.692          3.065          2.528          2.076          1.694          1.377          1.123          0.925          0.770
          0.651          0.561          0.493          0.442          0.404          0.376          0.359          0.348          0.340          0.335
          0.336          0.344          0.355          0.366          0.379          0.397          0.417          0.435          0.441          0.419

          0.000          0.000          0.000          0.000          0.001          0.002          0.004          0.008          0.016          0.030
          0.055          0.093          0.155          0.248          0.396          0.617          0.946          1.441          2.201          3.327
          4.888          7.017          9.899         13.628         18.069         23.037         28.487         34.431         40.631         46.764
         52.432         57.394         61.183         63.593         64.646         64.601         64.682         65.764         66.955         67.199
         65.735         62.663         58.277         53.110         47.838         42.874         38.216         33.783         29.560         25.669
         22.178         18.985         16.062         13.452         11.200          9.310          7.711          6.346          5.192          4.226
          3.423          2.749          2.190          1.739          1.379          1.090          0.860          0.685          0.556          0.463
          0.398          0.354          0.322          0.300          0.283          0.272          0.265          0.261          0.258          0.257
          0.260          0.267          0.277          0.288          0.301          0.318          0.338          0.356          0.365          0.348

          0.000          0.000          0.000          0.000          0.001          0.001          0.003          0.007          0.014          0.028
          0.054          0.094          0.159          0.258          0.419          0.663          1.037          1.610          2.509          3.848
          5.708          8.258         11.691         16.098         21.297         27.048         33.344         40.145         47.147         53.840
         59.794         64.788         68.557         71.038         72.087         73.100         76.023         79.368         81.229         80.262
         76.766         71.332         64.908         58.250         51.936         46.168         40.747         35.484         30.489         25.922
         21.848         18.199         14.957         12.151          9.800          7.868          6.250          4.901          3.815          2.971
          2.320          1.807          1.403          1.091          0.853          0.670          0.535          0.442          0.382          0.343
          0.316          0.297          0.283          0.270          0.260          0.253          0.247          0.242          0.237          0.233
          0.232          0.234          0.237          0.242          0.250          0.261          0.276          0.290          0.296          0.279

          0.000          0.000          0.000          0.000          0.000          0.001          0.002          0.006          0.013          0.026
          0.052          0.094          0.161          0.266          0.440          0.710          1.133          1.794          2.841          4.398
          6.564          9.520         13.474         18.501         24.369         30.800         37.773         45.212         52.709         59.717
         65.705         70.340         73.807         76.351         79.130         84.772         91.401         95.694         95.722         91.749
         85.005         77.152         69.137         61.433         54.268         47.676         41.375         35.356         29.671         24.535
         20.064         16.171         12.782          9.892          7.539          5.705          4.296          3.224          2.430          1.856
          1.438          1.129          0.899          0.725          0.593          0.496          0.428          0.383          0.352          0.330
          0.314          0.301          0.289          0.278          0.269          0.261          0.255          0.249          0.243          0.238
          0.235          0.233          0.231          0.229          0.227          0.229          0.233          0.238          0.239          0.217

          0.000          0.000          0.000          0.000          0.000          0.001          0.002          0.005          0.011          0.025
          0.050          0.094          0.164          0.278          0.468          0.768          1.251          2.015          3.220          5.004
          7.468         10.808         15.266         20.860         27.291         34.243         41.704         49.531         57.304         64.296
         69.564         73.539         77.328         82.762         92.427        103.352        110.654        111.965        107.339         98.998
         89.244         79.487         70.362         61.873         54.038         46.767         39.811         33.089         26.861         21.335
         16.603         12.599          9.316          6.756          4.853          3.503          2.557          1.913          1.484          1.196
          0.989          0.828          0.697          0.594          0.513          0.454          0.413          0.383          0.360          0.341
          0.327          0.314          0.303          0.292          0.282          0.275          0.268          0.262          0.256          0.250
          0.245          0.241          0.235          0.229          0.222          0.218          0.213          0.208          0.199          0.169

          0.000          0.000          0.000          0.000          0.000          0.000          0.002          0.005          0.011          0.025
          0.051          0.098          0.174          0.301          0.513          0.855          1.414          2.297          3.668          5.683
          8.438         12.140         17.071         23.165         30.031         37.389         45.210         53.334         61.056         67.141
         71.592         76.278         84.417         99.385        116.383        127.044        129.300        123.619        112.832        100.130
         88.392         78.020         68.682         59.843         51.487         43.405         35.574         28.224         21.653         16.122
         11.699          8.252          5.674          3.860          2.690          1.974          1.546          1.275          1.085          0.938
          0.816          0.713          0.626          0.554          0.498          0.454          0.421          0.395          0.373          0.355
          0.340          0.328          0.316          0.305          0.296          0.288          0.281          0.274          0.265          0.257
          0.250          0.243          0.235          0.226          0.218          0.211          0.203          0.193          0.179          0.141

          0.000          0.000          0.000          0.000          0.000          0.000          0.002          0.005          0.012          0.026
          0.054          0.105          0.189          0.331          0.568          0.963          1.604          2.606          4.126          6.345
          9.334         13.291         18.479         24.790         31.936         39.671         47.907         56.094         62.831         67.998
         73.565         84.236        104.989        129.508        144.821        147.599        139.907        125.048        109.244         95.747
         84.672         74.712         65.112         55.681         46.218         37.184         28.862         21.537         15.422         10.603
          7.031          4.581          3.031          2.140          1.646          1.366          1.182          1.044          0.930          0.832
          0.746          0.670          0.604          0.548          0.503          0.465          0.435          0.410          0.389          0.371
          0.356          0.343          0.330          0.317          0.306          0.296          0.285          0.274          0.263          0.253
          0.245          0.238          0.229          0.219          0.209          0.202          0.193          0.183          0.169          0.131

          0.000          0.000          0.000          0.000          0.000          0.000          0.002          0.005          0.012          0.027
          0.057          0.112          0.204          0.359          0.620          1.067          1.779          2.865          4.466          6.764
          9.771         13.721         18.918         25.295         32.726         40.885         49.228         56.453         62.219         68.658
         81.160        107.020        138.842        159.535        163.930        154.123        134.496        115.620        101.028         89.257
         78.940         69.031         58.859         48.324         38.270         29.183         21.269         14.702          9.601          6.019
          3.786          2.539          1.876          1.520          1.304          1.155          1.038          0.941          0.857          0.782
          0.713          0.651          0.597          0.551          0.511          0.477          0.449          0.425          0.403          0.385
          0.368          0.352          0.336          0.319          0.303          0.290          0.278          0.266          0.256          0.246
          0.238          0.230          0.221          0.210          0.200          0.192          0.184          0.174          0.161          0.128

          0.000          0.000          0.000          0.000          0.000          0.001          0.002          0.005          0.012          0.028
          0.060          0.118          0.215          0.377          0.656          1.129          1.862          2.949          4.528          6.779
          9.685         13.533         18.595         24.875         32.474         40.676         48.272         54.691         61.415         74.602
        103.396        141.001        167.885        174.779        163.173        139.943        118.306        102.280         89.860         80.010
         70.814         60.524         49.529         38.858         29.152         20.761         13.888          8.739          5.339          3.374
          2.350          1.812          1.507          1.308          1.163          1.052          0.960          0.882          0.812          0.749
          0.691          0.638          0.591          0.550          0.514          0.482          0.454          0.430          0.408          0.387
          0.367          0.346          0.326          0.307          0.291          0.279          0.269          0.259          0.249          0.240
          0.231          0.223          0.213          0.202          0.191          0.183          0.175          0.165          0.154          0.127

          0.000          0.000          0.000          0.000          0.000          0.001          0.002          0.005          0.013          0.028
          0.061          0.120          0.218          0.380          0.660          1.132          1.855          2.912          4.434          6.589
          9.298         12.870         17.525         23.557         31.143         38.903         45.879         52.417         64.176         92.570
        132.616        165.885        175.980        163.861        139.558        116.062         98.563         86.812         78.241         70.373
         60.745         49.676         38.752         28.703         20.006         13.041          8.093          5.040          3.326          2.385
          1.858          1.538          1.327          1.176          1.059          0.966          0.889          0.823          0.764          0.711
          0.663          0.619          0.579          0.542          0.509          0.479          0.451          0.425          0.400          0.375
          0.353          0.332          0.315          0.300          0.287          0.277          0.268          0.258          0.247          0.236
          0.227          0.217          0.206          0.194          0.183          0.175          0.167          0.158          0.147          0.125

          0.000          0.000          0.000          0.000          0.000          0.000          0.002          0.005          0.012          0.026
          0.057          0.112          0.203          0.354          0.614          1.054          1.729          2.699          4.071          5.989
          8.359         11.518         15.694         21.590         28.993         36.306         42.785         51.705         73.643        112.199
        149.102        162.795        153.298        130.062        107.447         91.609         81.657         74.725         68.045         59.471
         48.823         37.897         27.819         19.102         12.339          7.807          5.091          3.501          2.544          1.954
          1.585          1.344          1.178          1.054          0.958          0.880          0.817          0.762          0.713          0.670
          0.632          0.596          0.563          0.531          0.500          0.469          0.440          0.412          0.386          0.363
          0.345          0.329          0.315          0.302          0.290          0.279          0.267          0.255          0.242          0.229
          0.218          0.208          0.196          0.184          0.173          0.165          0.157          0.149          0.140          0.123

          0.000          0.000          0.000          0.000          0.000          0.000          0.001          0.004          0.010          0.022
          0.049          0.095          0.176          0.305          0.531          0.915          1.504          2.327          3.479          5.065
          7.027          9.714         13.366         19.085         25.933         32.920         39.771         52.722         80.697        116.489
        134.492        129.863        112.456         95.021         83.379         76.453         71.122         65.171         57.094         47.208
         36.618         26.732         18.338         12.071          7.958          5.419          3.818          2.778          2.102          1.667
          1.385          1.194          1.056          0.953          0.872          0.807          0.754          0.708          0.667          0.632
          0.601          0.571          0.540          0.509          0.477          0.446          0.418          0.393          0.371          0.353
          0.337          0.322          0.308          0.294          0.279          0.266          0.252          0.238          0.224          0.211
          0.201          0.191          0.180          0.169          0.159          0.151          0.144          0.137          0.129          0.120

          0.000          0.000          0.000          0.000          0.000          0.000          0.001          0.003          0.007          0.018
          0.040          0.078          0.147          0.254          0.444          0.761          1.240          1.888          2.787          4.012
          5.536          7.688         10.767         16.134         21.885         29.010         37.719         52.959         76.745         95.820
         97.170         89.832         81.130         75.396         71.845         67.972         62.024         54.030         44.879         35.129
         25.719         17.889         12.199          8.396          5.889          4.204          3.066          2.305          1.805          1.476
          1.251          1.089          0.968          0.878          0.806          0.750          0.701          0.659          0.621          0.589
          0.558          0.528          0.498          0.468          0.440          0.414          0.391          0.371          0.354          0.338
          0.322          0.306          0.290          0.273          0.257          0.242          0.228          0.215          0.203          0.191
          0.182          0.173          0.164          0.154          0.145          0.139          0.133          0.126          0.119          0.114

          0.000          0.000          0.000          0.000          0.000          0.000          0.001          0.002          0.006          0.014
          0.032          0.063          0.119          0.206          0.356          0.603          0.964          1.442          2.092          2.968
          4.080          5.685          8.162         12.854         17.297         26.331         36.450         47.848         58.477         65.248
         67.610         67.997         67.628         66.569         64.085         58.558         50.796         42.216         33.354         24.899
         17.781         12.570          8.967          6.452          4.669          3.417          2.561          1.986          1.600          1.335
          1.147          1.007          0.901          0.819          0.754          0.702          0.655          0.613          0.575          0.541
          0.509          0.479          0.452          0.426          0.403          0.382          0.364          0.349          0.335          0.320
          0.303          0.286          0.269          0.253          0.237          0.223          0.211          0.199          0.188          0.178
          0.169          0.162          0.153          0.144          0.136          0.130          0.124          0.118          0.112          0.108

          0.000          0.000          0.000          0.000          0.000          0.000          0.001          0.002          0.004          0.011
          0.025          0.050          0.093          0.161          0.273          0.451          0.701          1.025          1.460          2.040
          2.804          3.938          5.895          9.609         14.061         24.615         31.230         37.294         44.333         51.246
         56.367         59.260         59.910         58.539         54.390         47.566         39.568         31.508         24.166         17.965
         13.121          9.599          7.049          5.187          3.828          2.863          2.197          1.742          1.429          1.209
          1.048          0.927          0.836          0.765          0.707          0.658          0.613          0.570          0.532          0.500
          0.471          0.446          0.423          0.402          0.383          0.367          0.353          0.341          0.327          0.310
          0.292          0.275          0.258          0.242          0.227          0.213          0.202          0.191          0.181          0.171
          0.163          0.155          0.147          0.138          0.130          0.124          0.119          0.113          0.107          0.103

          0.000          0.000          0.000          0.000          0.000          0.000          0.000          0.001          0.003          0.008
          0.018          0.037          0.068          0.115          0.191          0.307          0.461          0.669          0.942          1.325
          1.860          2.683          4.274          7.038         11.964         17.109         23.479         30.800         38.480         45.198
         49.682         51.575         51.294         48.692         43.801         36.964         29.787         23.396         18.084         13.718
         10.236          7.636          5.713          4.280          3.216          2.450          1.917          1.550          1.293          1.107
          0.967          0.860          0.778          0.714          0.662          0.617          0.574          0.534          0.502          0.475
          0.452          0.431          0.412          0.396          0.381          0.369          0.357          0.343          0.327          0.307
          0.288          0.270          0.252          0.236          0.221          0.209          0.197          0.186          0.176          0.166
          0.158          0.150          0.142          0.133          0.125          0.118          0.112          0.106          0.099          0.096

          0.000          0.000          0.000          0.000          0.000          0.000          0.000          0.001          0.002          0.005
          0.012          0.025          0.046          0.077          0.126          0.198          0.295          0.429          0.609          0.872
          1.242          1.876          3.013          5.457          9.252         14.229         20.122         26.625         33.299         38.831
         41.983         42.759         41.633         38.693         33.966         28.061         22.447         17.749         13.887         10.642
          8.017          6.060          4.605          3.511          2.693          2.098          1.682          1.391          1.182          1.025
          0.902          0.805          0.731          0.672          0.625          0.583          0.543          0.507          0.478          0.453
          0.433          0.415          0.401          0.388          0.377          0.365          0.351          0.335          0.315          0.295
          0.275          0.257          0.239          0.224          0.210          0.197          0.185          0.174          0.163          0.153
          0.145          0.136          0.128          0.119          0.111          0.105          0.099          0.094          0.088          0.085

          0.000          0.000          0.000          0.000          0.000          0.000          0.000          0.000          0.001          0.003
          0.008          0.016          0.030          0.051          0.084          0.131          0.197          0.283          0.402          0.570
          0.822          1.253          2.112          3.949          7.092         11.233         16.119         21.461         26.748         31.023
         33.229         33.583         32.386         29.699         25.693         21.063         16.898         13.467         10.610          8.181
          6.220          4.763          3.679          2.863          2.248          1.796          1.476          1.247          1.079          0.950
          0.844          0.759          0.692          0.639          0.594          0.555          0.517          0.484          0.455          0.431
          0.412          0.396          0.384          0.374          0.362          0.347          0.331          0.312          0.292          0.271
          0.252          0.235          0.220          0.206          0.193          0.181          0.170          0.159          0.148          0.137
          0.129          0.120          0.112          0.104          0.096          0.091          0.086          0.081          0.076          0.073

          0.000          0.000          0.000          0.000          0.000          0.000          0.000          0.000          0.001          0.002
          0.005          0.010          0.020          0.035          0.057          0.089          0.132          0.189          0.264          0.372
          0.531          0.833          1.460          2.832          5.240          8.490         12.330         16.553         20.671         23.869
         25.416         25.480         24.349         22.150         19.045         15.649         12.656         10.174          8.074          6.278
          4.829          3.754          2.956          2.353          1.893          1.546          1.297          1.118          0.983          0.876
          0.787          0.714          0.655          0.608          0.568          0.531          0.497          0.466          0.439          0.416
          0.397          0.383          0.372          0.360          0.345          0.327          0.308          0.288          0.267          0.248
          0.231          0.217          0.204          0.191          0.179          0.167          0.155          0.144          0.133          0.122
          0.113          0.105          0.097          0.089          0.082          0.077          0.072          0.068          0.063          0.061

          0.000          0.000          0.000          0.000          0.000          0.000          0.000          0.000          0.000          0.001
          0.003          0.007          0.014          0.024          0.040          0.062          0.092          0.131          0.181          0.252
          0.359          0.560          1.009          1.975          3.709          6.036          8.871         12.014         15.047         17.368
         18.434         18.404         17.534         15.965         13.807         11.445          9.346          7.582          6.076          4.783
          3.735          2.955          2.375          1.932          1.587          1.323          1.133          0.996          0.891          0.804
          0.731          0.669          0.619          0.578          0.544          0.512          0.482          0.454          0.429          0.408
          0.392          0.380          0.368          0.352          0.332          0.311          0.290          0.269          0.250          0.233
          0.219          0.206          0.193          0.179          0.166          0.154          0.142          0.130          0.119          0.108
          0.099          0.090          0.083          0.075          0.068          0.063          0.059          0.055          0.051          0.049

          0.000          0.000          0.000          0.000          0.000          0.000          0.000          0.000          0.000          0.001
          0.002          0.005          0.010          0.017          0.029          0.045          0.066          0.094          0.130          0.179
          0.249          0.379          0.666          1.289          2.397          3.972          5.934          8.109         10.193         11.819
         12.623         12.669         12.131         11.127          9.729          8.151          6.732          5.522          4.485          3.587
          2.853          2.302          1.890          1.575          1.327          1.134          0.993          0.890          0.809          0.741
          0.682          0.632          0.591          0.557          0.528          0.502          0.476          0.451          0.429          0.411
          0.397          0.385          0.369          0.349          0.327          0.303          0.280          0.259          0.241          0.225
          0.211          0.198          0.183          0.169          0.155          0.141          0.129          0.116          0.104          0.093
          0.084          0.076          0.068          0.061          0.055          0.050          0.047          0.043          0.039          0.038

          0.000          0.000          0.000          0.000          0.000          0.000          0.000          0.000          0.000          0.001
          0.002          0.003          0.007          0.013          0.022          0.034          0.050          0.071          0.098          0.134
          0.183          0.266          0.439          0.798          1.461          2.461          3.721          5.106          6.426          7.501
          8.100          8.208          7.927          7.343          6.508          5.542          4.649          3.876          3.206          2.623
          2.138          1.771          1.495          1.282          1.112          0.976          0.874          0.798          0.738          0.687
          0.640          0.599          0.565          0.537          0.513          0.491          0.470          0.448          0.428          0.411
          0.398          0.383          0.364          0.340          0.315          0.289          0.266          0.246          0.229          0.214
          0.200          0.185          0.170          0.155          0.140          0.126          0.113          0.100          0.088          0.078
          0.069          0.061          0.054          0.048          0.043          0.038          0.035          0.032          0.029          0.027

          0.000          0.000          0.000          0.000          0.000          0.000          0.000          0.000          0.000          0.000
          0.001          0.003          0.005          0.010          0.017          0.026          0.039          0.055          0.077          0.104
          0.140          0.195          0.298          0.503          0.886          1.481          2.236          3.079          3.884          4.567
          4.976          5.090          4.970          4.666          4.208          3.657          3.130          2.665          2.259          1.903
          1.602          1.371          1.195          1.056          0.942          0.848          0.775          0.720          0.675          0.637
          0.600          0.567          0.539          0.515          0.495          0.477          0.458          0.439          0.420          0.404
          0.389          0.372          0.349          0.322          0.294          0.268          0.246          0.228          0.212          0.197
          0.182          0.168          0.153          0.137          0.123          0.109          0.096          0.084          0.073          0.063
          0.055          0.049          0.043          0.037          0.032          0.029          0.025          0.023          0.020          0.019

          0.000          0.000          0.000          0.000          0.000          0.000          0.000          0.000          0.000          0.000
          0.001          0.002          0.004          0.008          0.013          0.021          0.031          0.044          0.061          0.083
          0.110          0.149          0.212          0.326          0.534          0.865          1.288          1.766          2.225          2.627
          2.894          3.003          2.987          2.865          2.650          2.370          2.090          1.837          1.610          1.406
          1.227          1.085          0.975          0.886          0.810          0.744          0.691          0.650          0.618          0.589
          0.561          0.534          0.511          0.491          0.474          0.459          0.442          0.425          0.407          0.390
          0.375          0.355          0.329          0.300          0.270          0.245          0.226          0.209          0.193          0.178
          0.164          0.150          0.135          0.120          0.106          0.093          0.081          0.070          0.061          0.053
          0.047          0.041          0.035          0.030          0.025          0.021          0.018          0.016          0.014          0.013

          0.000          0.000          0.000          0.000          0.000          0.000          0.000          0.000          0.000          0.000
          0.001          0.002          0.003          0.006          0.011          0.017          0.025          0.036          0.051          0.068
          0.091          0.120          0.161          0.227          0.339          0.516          0.744          1.006          1.264          1.496
          1.665          1.758          1.786          1.756          1.673          1.548          1.414          1.289          1.173          1.063
          0.960          0.875          0.807          0.750          0.699          0.653          0.615          0.586          0.562          0.540
          0.519          0.498          0.479          0.463          0.448          0.436          0.423          0.407          0.389          0.372
          0.355          0.334          0.307          0.275          0.246          0.223          0.205          0.189          0.174          0.160
          0.146          0.132          0.118          0.103          0.090          0.079          0.069          0.061          0.053          0.046
          0.040          0.034          0.028          0.023          0.018          0.015          0.013          0.011          0.009          0.008

          0.000          0.000          0.000          0.000          0.000          0.000          0.000          0.000          0.000          0.000
          0.001          0.001          0.003          0.005          0.009          0.014          0.021          0.031          0.043          0.058
          0.077          0.101          0.131          0.172          0.233          0.324          0.444          0.582          0.725          0.860
          0.970          1.044          1.087          1.099          1.083          1.039          0.987          0.933          0.880          0.825
          0.768          0.719          0.679          0.643          0.610          0.578          0.552          0.531          0.514          0.498
          0.482          0.465          0.450          0.435          0.423          0.414          0.403          0.388          0.371          0.353
          0.335          0.312          0.283          0.251          0.224          0.204          0.188          0.172          0.158          0.144
          0.130          0.116          0.103          0.090          0.079          0.071          0.063          0.055          0.047          0.039
          0.032          0.026          0.021          0.016          0.013          0.010          0.009          0.007          0.006          0.005

          0.000          0.000          0.000          0.000          0.000          0.000          0.000          0.000          0.000          0.000
          0.000          0.001          0.002          0.004          0.007          0.012          0.018          0.026          0.037          0.051
          0.067          0.087          0.112          0.141          0.178          0.228          0.291          0.365          0.444          0.525
          0.599          0.659          0.703          0.732          0.744          0.741          0.730          0.715          0.697          0.672
          0.642          0.615          0.592          0.569          0.547          0.525          0.505          0.490          0.476          0.463
          0.451          0.438          0.424          0.411          0.401          0.393          0.384          0.370          0.351          0.332
          0.312          0.287          0.256          0.228          0.204          0.185          0.169          0.155          0.141          0.128
          0.115          0.103          0.092          0.081          0.072          0.064          0.056          0.048          0.039          0.031
          0.024          0.019          0.014          0.011          0.008          0.006          0.005          0.004          0.004          0.003

          0.000          0.000          0.000          0.000          0.000          0.000          0.000          0.000          0.000          0.000
          0.000          0.001          0.002          0.004          0.006          0.010          0.015          0.023          0.032          0.044
          0.059          0.077          0.098          0.122          0.150          0.183          0.221          0.266          0.315          0.366
          0.418          0.464          0.504          0.536          0.560          0.574          0.583          0.587          0.586          0.577
          0.562          0.546          0.531          0.517          0.500          0.482          0.466          0.453          0.441          0.430
          0.420          0.409          0.397          0.384          0.374          0.367          0.358          0.343          0.323          0.302
          0.280          0.254          0.227          0.202          0.181          0.164          0.149          0.136          0.123          0.112
          0.101          0.091          0.081          0.072          0.064          0.056          0.048          0.039          0.030          0.022
          0.016          0.012          0.008          0.006          0.004          0.003          0.003          0.002          0.002          0.002

          0.000          0.000          0.000          0.000          0.000          0.000          0.000          0.000          0.000          0.000
          0.000          0.001          0.001          0.003          0.005          0.008          0.013          0.019          0.028          0.038
          0.052          0.067          0.086          0.107          0.131          0.157          0.186          0.218          0.252          0.287
          0.325          0.362          0.398          0.429          0.456          0.476          0.493          0.505          0.511          0.509
          0.501          0.491          0.481          0.470          0.457          0.441          0.426          0.414          0.403          0.394
          0.385          0.375          0.364          0.351          0.341          0.333          0.323          0.307          0.287          0.265
          0.243          0.220          0.197          0.175          0.157          0.142          0.129          0.118          0.108          0.098
          0.089          0.080          0.072          0.063          0.055          0.047          0.037          0.028          0.020          0.013
          0.009          0.006          0.004          0.003          0.002          0.002          0.001          0.001          0.001          0.001

          0.000          0.000          0.000          0.000          0.000          0.000          0.000          0.000          0.000          0.000
          0.000          0.001          0.001          0.002          0.004          0.007          0.011          0.016          0.024          0.033
          0.045          0.059          0.075          0.094          0.116          0.139          0.164          0.191          0.219          0.248
          0.279          0.310          0.340          0.368          0.392          0.412          0.430          0.443          0.451          0.452
          0.445          0.438          0.431          0.423          0.411          0.396          0.383          0.372          0.362          0.353
          0.345          0.336          0.324          0.311          0.299          0.290          0.279          0.263          0.243          0.222
          0.204          0.185          0.166          0.148          0.133          0.121          0.111          0.102          0.094          0.086
          0.078          0.070          0.062          0.053          0.044          0.034          0.025          0.017          0.010          0.006
          0.003          0.002          0.001          0.001          0.001          0.001          0.000          0.000          0.000          0.000

          0.000          0.000          0.000          0.000          0.000          0.000          0.000          0.000          0.000          0.000
          0.000          0.000          0.001          0.002          0.003          0.006          0.009          0.014          0.020          0.029
          0.040          0.052          0.067          0.084          0.104          0.125          0.147          0.171          0.196          0.221
          0.248          0.275          0.301          0.325          0.345          0.362          0.378          0.391          0.398          0.398
          0.393          0.387          0.382          0.375          0.365          0.351          0.339          0.329          0.321          0.312
          0.305          0.295          0.283          0.269          0.257          0.248          0.237          0.222          0.203          0.186
          0.171          0.155          0.140          0.126          0.114          0.105          0.097          0.089          0.081          0.074
          0.066          0.058          0.050          0.040          0.029          0.020          0.013          0.007          0.003          0.002
          0.001          0.001          0.000          0.000          0.000          0.000          0.000          0.000          0.000          0.000

          0.000          0.000          0.000          0.000          0.000          0.000          0.000          0.000          0.000          0.000
          0.000          0.000          0.001          0.002          0.003          0.005          0.008          0.012          0.018          0.026
          0.035          0.047          0.061          0.076          0.094          0.113          0.134          0.155          0.177          0.199
          0.223          0.246          0.269          0.289          0.305          0.320          0.333          0.344          0.351          0.351
          0.347          0.343          0.339          0.334          0.325          0.313          0.303          0.294          0.286          0.277
          0.269          0.258          0.246          0.233          0.222          0.214          0.203          0.189          0.173          0.158
          0.145          0.132          0.120          0.108          0.099          0.091          0.084          0.077          0.070          0.062
          0.054          0.044          0.034          0.023          0.015          0.008          0.004          0.002          0.001          0.000
          0.000          0.000          0.000          0.000          0.000          0.000          0.000          0.000          0.000          0.000

          0.000          0.000          0.000          0.000          0.000          0.000          0.000          0.000          0.000          0.000
          0.000          0.000          0.001          0.001          0.002          0.004          0.006          0.010          0.016          0.023
          0.031          0.042          0.054          0.068          0.084          0.102          0.121          0.140          0.160          0.180
          0.200          0.221          0.240          0.256          0.270          0.283          0.294          0.304          0.310          0.311
          0.308          0.305          0.302          0.298          0.291          0.281          0.271          0.263          0.253          0.244
          0.234          0.224          0.213          0.201          0.191          0.183          0.173          0.160          0.146          0.133
          0.121          0.111          0.101          0.092          0.084          0.077          0.070          0.063          0.055          0.046
          0.036          0.026          0.016          0.009          0.004          0.002          0.001          0.000          0.000          0.000
          0.000          0.000          0.000          0.000          0.000          0.000          0.000          0.000          0.000          0.000

          0.000          0.000          0.000          0.000          0.000          0.000          0.000          0.000          0.000          0.000
          0.000          0.000          0.000          0.001          0.002          0.003          0.005          0.009          0.013          0.020
          0.027          0.037          0.048          0.061          0.075          0.091          0.108          0.125          0.142          0.160
          0.178          0.196          0.213          0.227          0.239          0.250          0.261          0.270          0.276          0.277
          0.274          0.272          0.270          0.266          0.260          0.249          0.238          0.228          0.218          0.207
          0.198          0.189          0.180          0.169          0.160          0.152          0.142          0.129          0.116          0.105
          0.097          0.089          0.081          0.073          0.065          0.059          0.051          0.042          0.032          0.023
          0.014          0.008          0.004          0.002          0.001          0.000          0.000          0.000          0.000          0.000
          0.000          0.000          0.000          0.000          0.000          0.000          0.000          0.000          0.000          0.000

          0.000          0.000          0.000          0.000          0.000          0.000          0.000          0.000          0.000          0.000
          0.000          0.000          0.000          0.001          0.001          0.003          0.005          0.008          0.012          0.018
          0.025          0.034          0.044          0.055          0.068          0.083          0.099          0.115          0.131          0.147
          0.164          0.181          0.196          0.210          0.221          0.231          0.241          0.249          0.253          0.254
          0.250          0.247          0.243          0.237          0.226          0.212          0.199          0.187          0.176          0.166
          0.158          0.151          0.142          0.132          0.122          0.113          0.102          0.091          0.081          0.072
          0.066          0.059          0.052          0.044          0.037          0.029          0.021          0.014          0.008          0.004
          0.002          0.001          0.000          0.000          0.000          0.000          0.000          0.000          0.000          0.000
          0.000          0.000          0.000          0.000          0.000          0.000          0.000          0.000          0.000          0.000

