NCOLS    90
NROWS    50
XLLCORNER         225.000
YLLCORNER          32.500
CELLSIZE           0.500          0.500
NODATA_VALUE  0.000
          0.000          0.000          0.000          0.000          0.000          0.000          0.000          0.000          0.000          0.000
          0.000          0.000          0.000          0.000          0.000          0.000          0.000          0.000          0.000          0.000
          0.000          0.000          0.000          0.000          0.000          0.000          0.000          0.000          0.000          0.000
          0.000          0.000          0.000          0.000          0.000          0.000          0.000          0.000          0.000          0.000
          0.000          0.000          0.000          0.000          0.000          0.000          0.000          0.000          0.000          0.000
          0.000          0.000          0.000          0.000          0.000          0.000          0.000          0.000          0.000          0.000
          0.000          0.000          0.000          0.000          0.000          0.000          0.000          0.000          0.000          0.000
          0.000          0.000          0.000          0.000          0.000          0.000          0.000          0.000          0.000          0.000
          0.000          0.000          0.000          0.000          0.000          0.000          0.000          0.000          0.000          0.000

          0.000          0.000          0.000          0.000          0.000          0.000          0.000          0.000          0.000          0.000
          0.000          0.000          0.000          0.000          0.000          0.000          0.000          0.000          0.000          0.000
          0.000          0.000          0.000          0.000          0.000          0.000          0.000          0.000          0.000          0.000
          0.000          0.000          0.000          0.000          0.000          0.000          0.000          0.000          0.000          0.000
          0.000          0.000          0.000          0.000          0.000          0.000          0.000          0.000          0.000          0.000
          0.000          0.000          0.000          0.000          0.000          0.000          0.000          0.000          0.000          0.000
          0.000          0.000          0.000          0.000          0.000          0.000          0.000          0.000          0.000          0.000
          0.000          0.000          0.000          0.000          0.000          0.000          0.000          0.000          0.000          0.000
          0.000          0.000          0.000          0.000          0.000          0.000          0.000          0.000          0.000          0.000

          0.000          0.000          0.000          0.000          0.000          0.000          0.000          0.000          0.000          0.000
          0.000          0.000          0.000          0.000          0.000          0.000          0.000          0.000          0.000          0.000
          0.000          0.000          0.000          0.000          0.000          0.000          0.000          0.000          0.000          0.000
          0.000          0.000          0.000          0.000          0.000          0.000          0.000          0.000          0.000          0.000
          0.000          0.000          0.000          0.000          0.000          0.000          0.001          0.001          0.001          0.001
          0.000          0.000          0.000          0.000          0.000          0.000          0.000          0.000          0.000          0.000
          0.000          0.000          0.000          0.000          0.000          0.000          0.000          0.000          0.000          0.000
          0.000          0.000          0.000          0.000          0.000          0.000          0.000          0.000          0.000          0.000
          0.000          0.000          0.000          0.000          0.000          0.000          0.000          0.000          0.000          0.000

          0.000          0.000          0.000          0.000          0.000          0.000          0.000          0.000          0.000          0.000
          0.000          0.000          0.000          0.000          0.000          0.000          0.000          0.000          0.000          0.000
          0.000          0.000          0.000          0.000          0.000          0.000          0.000          0.000          0.000          0.000
          0.000          0.000          0.000          0.000          0.000          0.000          0.000          0.001          0.004          0.008
          0.010          0.010          0.009          0.009          0.008          0.008          0.007          0.006          0.005          0.004
          0.003          0.002          0.001          0.001          0.001          0.000          0.000          0.000          0.000          0.000
          0.000          0.000          0.000          0.000          0.000          0.000          0.000          0.000          0.000          0.000
          0.000          0.000          0.000          0.000          0.000          0.000          0.000          0.000          0.000          0.000
          0.000          0.000          0.000          0.000          0.000          0.000          0.000          0.000          0.000          0.000

          0.000          0.000          0.000          0.000          0.000          0.000          0.000          0.000          0.000          0.000
          0.000          0.000          0.000          0.000          0.000          0.000          0.000          0.000          0.000          0.000
          0.000          0.000          0.000          0.000          0.000          0.000          0.000          0.000          0.000          0.000
          0.000          0.000          0.000          0.002          0.010          0.024          0.042          0.055          0.067          0.075
          0.077          0.071          0.063          0.053          0.045          0.036          0.028          0.021          0.015          0.011
          0.007          0.005          0.004          0.002          0.002          0.001          0.001          0.000          0.000          0.000
          0.000          0.000          0.000          0.000          0.000          0.000          0.000          0.000          0.000          0.000
          0.000          0.000          0.000          0.000          0.000          0.000          0.000          0.000          0.000          0.000
          0.000          0.000          0.000          0.000          0.000          0.000          0.000          0.000          0.000          0.000

          0.000          0.000          0.000          0.000          0.000          0.000          0.000          0.000          0.000          0.000
          0.000          0.000          0.000          0.000          0.000          0.000          0.000          0.000          0.000          0.000
          0.000          0.000          0.000          0.000          0.002          0.004          0.008          0.012          0.019          0.030
          0.043          0.058          0.081          0.114          0.157          0.195          0.229          0.267          0.304          0.324
          0.309          0.271          0.225          0.181          0.140          0.104          0.075          0.053          0.037          0.025
          0.017          0.011          0.007          0.005          0.003          0.002          0.001          0.001          0.000          0.000
          0.000          0.000          0.000          0.000          0.000          0.000          0.000          0.000          0.000          0.000
          0.000          0.000          0.000          0.000          0.000          0.000          0.000          0.000          0.000          0.000
          0.000          0.000          0.000          0.000          0.000          0.000          0.000          0.000          0.000          0.000

          0.000          0.000          0.000          0.000          0.000          0.000          0.000          0.000          0.000          0.000
          0.000          0.000          0.000          0.000          0.000          0.000          0.000          0.001          0.001          0.001
          0.001          0.000          0.001          0.007          0.023          0.047          0.075          0.106          0.145          0.193
          0.249          0.315          0.399          0.488          0.605          0.746          0.877          0.962          0.993          0.962
          0.862          0.733          0.592          0.458          0.340          0.242          0.168          0.114          0.076          0.050
          0.032          0.021          0.013          0.008          0.005          0.003          0.002          0.001          0.001          0.001
          0.000          0.000          0.000          0.000          0.000          0.000          0.000          0.000          0.000          0.000
          0.000          0.000          0.000          0.000          0.000          0.000          0.000          0.000          0.000          0.000
          0.000          0.000          0.000          0.000          0.000          0.000          0.000          0.000          0.000          0.000

          0.000          0.000          0.000          0.000          0.000          0.000          0.000          0.000          0.000          0.000
          0.000          0.000          0.000          0.000          0.000          0.000          0.001          0.001          0.002          0.002
          0.002          0.001          0.006          0.028          0.073          0.136          0.228          0.353          0.515          0.713
          0.944          1.218          1.508          1.810          2.066          2.256          2.425          2.526          2.488          2.303
          1.991          1.633          1.289          0.974          0.705          0.489          0.331          0.219          0.142          0.090
          0.056          0.035          0.022          0.014          0.009          0.006          0.004          0.003          0.002          0.001
          0.001          0.000          0.000          0.000          0.000          0.000          0.000          0.000          0.000          0.000
          0.000          0.000          0.000          0.000          0.000          0.000          0.000          0.000          0.000          0.000
          0.000          0.000          0.000          0.000          0.000          0.000          0.000          0.000          0.000          0.000

          0.000          0.000          0.000          0.000          0.000          0.000          0.000          0.000          0.000          0.000
          0.000          0.000          0.000          0.000          0.000          0.000          0.001          0.002          0.003          0.004
          0.004          0.006          0.019          0.061          0.153          0.351          0.648          1.026          1.471          2.001
          2.642          3.369          4.040          4.639          5.135          5.541          5.758          5.698          5.327          4.708
          3.934          3.163          2.453          1.825          1.295          0.884          0.586          0.380          0.242          0.149
          0.092          0.060          0.039          0.026          0.017          0.011          0.007          0.004          0.002          0.001
          0.001          0.000          0.000          0.000          0.000          0.000          0.000          0.000          0.000          0.000
          0.000          0.000          0.000          0.000          0.000          0.000          0.000          0.000          0.000          0.000
          0.000          0.000          0.000          0.000          0.000          0.000          0.000          0.000          0.000          0.000

          0.000          0.000          0.000          0.000          0.000          0.000          0.000          0.000          0.000          0.000
          0.000          0.000          0.000          0.000          0.000          0.000          0.001          0.003          0.004          0.006
          0.007          0.014          0.039          0.111          0.328          0.746          1.341          2.172          3.251          4.614
          6.162          7.746          9.212         10.343         11.046         11.465         11.488         10.983          9.949          8.516
          6.980          5.541          4.257          3.140          2.200          1.487          0.981          0.635          0.409          0.268
          0.173          0.111          0.070          0.042          0.025          0.015          0.008          0.005          0.003          0.001
          0.001          0.000          0.000          0.000          0.000          0.000          0.000          0.000          0.000          0.000
          0.000          0.000          0.000          0.000          0.000          0.000          0.000          0.000          0.000          0.000
          0.000          0.000          0.000          0.000          0.000          0.000          0.000          0.000          0.000          0.000

          0.000          0.000          0.000          0.000          0.000          0.000          0.000          0.000          0.000          0.000
          0.000          0.000          0.000          0.000          0.000          0.000          0.001          0.003          0.005          0.008
          0.013          0.027          0.074          0.231          0.620          1.362          2.639          4.418          6.643          9.344
         12.266         15.166         17.802         19.724         20.625         20.749         20.132         18.846         16.719         14.099
         11.499          9.135          7.025          5.185          3.665          2.532          1.749          1.194          0.790          0.511
          0.318          0.188          0.106          0.058          0.031          0.016          0.008          0.004          0.002          0.001
          0.001          0.001          0.002          0.002          0.002          0.001          0.001          0.001          0.001          0.000
          0.000          0.000          0.000          0.000          0.000          0.000          0.000          0.000          0.000          0.000
          0.000          0.000          0.000          0.000          0.000          0.000          0.000          0.000          0.000          0.000

          0.000          0.000          0.000          0.000          0.000          0.000          0.000          0.000          0.000          0.000
          0.000          0.000          0.000          0.000          0.000          0.000          0.001          0.003          0.006          0.012
          0.022          0.052          0.154          0.433          1.119          2.522          4.822          8.093         12.170         16.749
         21.509         26.065         30.088         32.583         33.297         32.818         31.540         29.239         25.891         22.027
         18.153         14.634         11.457          8.609          6.303          4.513          3.167          2.166          1.431          0.894
          0.526          0.296          0.158          0.080          0.037          0.018          0.009          0.006          0.007          0.009
          0.010          0.009          0.007          0.005          0.004          0.003          0.002          0.001          0.001          0.001
          0.000          0.000          0.000          0.000          0.000          0.000          0.000          0.000          0.000          0.000
          0.000          0.000          0.000          0.000          0.000          0.000          0.000          0.000          0.000          0.000

          0.000          0.000          0.000          0.000          0.000          0.000          0.000          0.000          0.000          0.000
          0.000          0.000          0.000          0.000          0.000          0.000          0.001          0.003          0.007          0.016
          0.034          0.088          0.258          0.771          2.000          4.433          8.366         13.651         19.839         26.357
         32.847         38.911         44.237         47.348         47.923         47.279         45.681         42.706         38.380         33.203
         27.817         22.701         17.959         13.785         10.228          7.380          5.195          3.536          2.325          1.435
          0.833          0.462          0.242          0.124          0.068          0.052          0.049          0.048          0.042          0.035
          0.027          0.020          0.014          0.010          0.006          0.004          0.003          0.002          0.001          0.001
          0.000          0.000          0.000          0.000          0.000          0.000          0.000          0.000          0.000          0.000
          0.000          0.000          0.000          0.000          0.000          0.000          0.000          0.000          0.000          0.000

          0.000          0.000          0.000          0.000          0.000          0.000          0.000          0.000          0.000          0.000
          0.000          0.000          0.000          0.000          0.000          0.001          0.001          0.003          0.009          0.019
          0.043          0.120          0.394          1.264          3.422          7.468         13.418         20.706         28.784         37.053
         45.019         52.315         58.593         62.506         63.999         64.057         62.864         59.686         54.155         47.290
         40.090         33.043         26.325         20.281         15.093         10.979          7.759          5.288          3.463          2.145
          1.268          0.746          0.451          0.323          0.255          0.206          0.162          0.125          0.092          0.065
          0.044          0.028          0.017          0.010          0.006          0.003          0.002          0.001          0.001          0.000
          0.000          0.000          0.000          0.000          0.000          0.000          0.000          0.000          0.000          0.000
          0.000          0.000          0.000          0.000          0.000          0.000          0.000          0.000          0.000          0.000

          0.000          0.000          0.000          0.000          0.000          0.000          0.000          0.000          0.000          0.000
          0.000          0.000          0.000          0.000          0.000          0.001          0.001          0.003          0.009          0.022
          0.057          0.163          0.558          1.975          5.480         11.530         19.493         28.585         38.272         47.935
         56.979         65.264         72.257         77.366         80.641         82.020         81.248         77.503         70.877         62.627
         53.667         44.585         35.764         27.722         20.761         15.187         10.835          7.448          4.958          3.238
          2.172          1.498          1.068          0.790          0.583          0.425          0.294          0.197          0.126          0.077
          0.045          0.025          0.013          0.007          0.003          0.002          0.001          0.000          0.000          0.000
          0.000          0.000          0.000          0.000          0.000          0.000          0.000          0.000          0.000          0.000
          0.000          0.000          0.000          0.000          0.000          0.000          0.000          0.000          0.000          0.000

          0.000          0.000          0.000          0.000          0.000          0.000          0.000          0.000          0.000          0.000
          0.000          0.000          0.000          0.000          0.000          0.001          0.001          0.003          0.009          0.023
          0.066          0.212          0.779          2.949          8.306         16.543         26.152         36.707         47.871         58.741
         68.363         76.954         84.412         90.620         94.918         97.036         96.403         92.927         86.496         77.708
         67.453         56.557         45.546         35.508         27.066         20.116         14.760         10.615          7.515          5.366
          3.867          2.773          1.945          1.345          0.908          0.585          0.362          0.211          0.115          0.060
          0.029          0.013          0.006          0.002          0.001          0.001          0.000          0.000          0.000          0.000
          0.000          0.000          0.000          0.000          0.000          0.000          0.000          0.000          0.000          0.000
          0.000          0.000          0.000          0.000          0.000          0.000          0.000          0.000          0.000          0.000

          0.000          0.000          0.000          0.000          0.000          0.000          0.000          0.000          0.000          0.000
          0.000          0.000          0.000          0.000          0.000          0.000          0.001          0.003          0.010          0.028
          0.086          0.291          1.139          4.409         11.824         21.578         32.728         44.819         57.141         68.482
         77.957         86.295         93.785         99.865        104.319        106.763        107.797        107.172        102.536         93.768
         81.719         68.491         55.651         44.153         34.923         27.324         21.044         15.814         11.687          8.424
          5.969          4.102          2.700          1.712          1.032          0.590          0.315          0.157          0.075          0.031
          0.011          0.004          0.002          0.001          0.000          0.000          0.000          0.000          0.000          0.000
          0.000          0.000          0.000          0.000          0.000          0.000          0.000          0.000          0.000          0.000
          0.000          0.000          0.000          0.000          0.000          0.000          0.000          0.000          0.000          0.000

          0.000          0.000          0.000          0.000          0.000          0.000          0.000          0.000          0.000          0.000
          0.000          0.000          0.000          0.000          0.000          0.000          0.002          0.005          0.017          0.052
          0.161          0.527          1.878          6.423         15.031         25.933         38.583         52.193         65.136         76.212
         84.886         92.404         98.719        104.425        109.237        114.519        121.595        124.947        121.265        110.180
         94.991         79.548         66.416         55.505         46.147         37.530         29.696         22.364         16.244         11.297
          7.640          4.884          2.933          1.677          0.900          0.438          0.205          0.088          0.030          0.009
          0.004          0.001          0.001          0.000          0.000          0.000          0.000          0.000          0.000          0.000
          0.000          0.000          0.000          0.000          0.000          0.000          0.000          0.000          0.000          0.000
          0.000          0.000          0.000          0.000          0.000          0.000          0.000          0.000          0.000          0.000

          0.000          0.000          0.000          0.000          0.000          0.000          0.000          0.000          0.000          0.000
          0.000          0.000          0.000          0.000          0.000          0.001          0.003          0.012          0.041          0.125
          0.366          1.090          3.248          8.775         17.841         29.517         43.618         58.368         71.525         81.777
         89.612         95.622        101.208        107.307        116.720        132.563        145.882        149.586        140.720        123.890
        105.913         90.880         79.295         68.757         58.720         48.423         38.155         27.996         19.560         12.773
          7.998          4.618          2.530          1.271          0.549          0.237          0.090          0.025          0.008          0.003
          0.001          0.001          0.000          0.000          0.000          0.000          0.000          0.000          0.000          0.000
          0.000          0.000          0.000          0.000          0.000          0.000          0.000          0.000          0.000          0.000
          0.000          0.000          0.000          0.000          0.000          0.000          0.000          0.000          0.000          0.000

          0.000          0.000          0.000          0.000          0.000          0.000          0.000          0.000          0.000          0.000
          0.000          0.000          0.000          0.000          0.000          0.002          0.008          0.028          0.090          0.268
          0.768          2.106          5.196         11.361         20.646         32.782         48.043         63.642         76.730         86.816
         93.513         98.328        104.518        118.134        143.539        168.931        180.510        175.167        157.120        134.880
        116.221        102.104         91.456         81.162         69.531         56.654         43.095         30.212         19.625         11.845
          6.622          3.379          1.592          0.617          0.239          0.078          0.019          0.006          0.002          0.001
          0.000          0.000          0.000          0.000          0.000          0.000          0.000          0.000          0.000          0.000
          0.000          0.000          0.000          0.000          0.000          0.000          0.000          0.000          0.000          0.000
          0.000          0.000          0.000          0.000          0.000          0.000          0.000          0.000          0.000          0.000

          0.000          0.000          0.000          0.000          0.000          0.000          0.000          0.000          0.000          0.000
          0.000          0.000          0.000          0.000          0.001          0.004          0.015          0.054          0.172          0.513
          1.446          3.606          7.635         14.171         23.418         35.447         51.119         69.586         86.050         96.245
        101.060        105.156        119.471        154.342        194.793        216.550        217.327        198.145        167.438        140.377
        122.038        110.245        100.849         89.816         75.392         58.633         41.796         27.051         15.798          8.398
          3.882          1.688          0.594          0.198          0.054          0.012          0.004          0.001          0.001          0.000
          0.000          0.000          0.000          0.000          0.000          0.000          0.000          0.000          0.000          0.000
          0.000          0.000          0.000          0.000          0.000          0.000          0.000          0.000          0.000          0.000
          0.000          0.000          0.000          0.000          0.000          0.000          0.000          0.000          0.000          0.000

          0.000          0.000          0.000          0.000          0.000          0.000          0.000          0.000          0.000          0.000
          0.000          0.000          0.000          0.000          0.001          0.007          0.027          0.093          0.291          0.875
          2.384          5.243          9.703         16.122         24.734         36.804         56.870         84.880        107.670        117.510
        121.020        127.712        159.091        213.373        253.434        264.850        245.806        203.082        162.196        136.543
        122.860        114.204        105.366         92.106         73.850         53.811         34.796         19.539          9.763          4.094
          1.508          0.450          0.121          0.023          0.006          0.002          0.001          0.000          0.000          0.000
          0.000          0.000          0.000          0.000          0.000          0.000          0.000          0.000          0.000          0.000
          0.000          0.000          0.000          0.000          0.000          0.000          0.000          0.000          0.000          0.000
          0.000          0.000          0.000          0.000          0.000          0.000          0.000          0.000          0.000          0.000

          0.000          0.000          0.000          0.000          0.000          0.000          0.000          0.000          0.000          0.000
          0.000          0.000          0.000          0.000          0.002          0.011          0.042          0.138          0.422          1.239
          3.108          6.106         10.445         16.574         26.306         42.510         71.001        109.828        138.069        148.669
        155.158        171.408        216.829        269.744        298.622        284.558        233.967        179.735        143.807        126.128
        118.651        112.551        102.837         86.474         64.658         41.462         22.502         10.530          4.126          1.227
          0.287          0.053          0.008          0.002          0.001          0.000          0.000          0.000          0.000          0.000
          0.000          0.000          0.000          0.000          0.000          0.000          0.000          0.000          0.000          0.000
          0.000          0.000          0.000          0.000          0.000          0.000          0.000          0.000          0.000          0.000
          0.000          0.000          0.000          0.000          0.000          0.000          0.000          0.000          0.000          0.000

          0.000          0.000          0.000          0.000          0.000          0.000          0.000          0.000          0.000          0.000
          0.000          0.000          0.000          0.001          0.003          0.014          0.051          0.162          0.484          1.390
          3.323          6.302         10.931         19.147         33.803         56.913         93.551        137.054        164.854        173.563
        187.479        220.193        269.549        300.256        293.605        247.744        187.116        141.737        118.868        112.118
        109.856        104.095         91.215         69.536         44.882         23.921         10.343          3.684          1.017          0.186
          0.016          0.000          0.000          0.000          0.000          0.000          0.000          0.000          0.000          0.000
          0.000          0.000          0.000          0.000          0.000          0.000          0.000          0.000          0.000          0.000
          0.000          0.000          0.000          0.000          0.000          0.000          0.000          0.000          0.000          0.000
          0.000          0.000          0.000          0.000          0.000          0.000          0.000          0.000          0.000          0.000

          0.000          0.000          0.000          0.000          0.000          0.000          0.000          0.000          0.000          0.000
          0.000          0.000          0.000          0.001          0.004          0.015          0.054          0.167          0.489          1.357
          3.076          5.803         11.117         23.797         48.980         83.895        134.899        181.985        202.325        200.734
        209.883        253.584        288.101        283.199        239.088        179.392        131.746        106.779         99.356         98.834
         95.213         84.360         65.657         43.048         22.725          9.787          3.556          1.067          0.252          0.037
          0.001          0.000          0.000          0.000          0.000          0.000          0.000          0.000          0.000          0.000
          0.000          0.000          0.000          0.000          0.000          0.000          0.000          0.000          0.000          0.000
          0.000          0.000          0.000          0.000          0.000          0.000          0.000          0.000          0.000          0.000
          0.000          0.000          0.000          0.000          0.000          0.000          0.000          0.000          0.000          0.000

          0.000          0.000          0.000          0.000          0.000          0.000          0.000          0.000          0.000          0.000
          0.000          0.000          0.000          0.001          0.003          0.011          0.040          0.120          0.346          0.965
          2.218          4.443         10.390         31.483         76.757        134.780        207.967        265.843        278.781        256.493
        235.507        253.051        263.234        231.943        172.214        119.442         95.821         87.733         85.681         81.809
         72.198         56.788         37.501         20.248          9.240          3.833          1.427          0.452          0.105          0.013
          0.000          0.000          0.000          0.000          0.000          0.000          0.000          0.000          0.000          0.000
          0.000          0.000          0.000          0.000          0.000          0.000          0.000          0.000          0.000          0.000
          0.000          0.000          0.000          0.000          0.000          0.000          0.000          0.000          0.000          0.000
          0.000          0.000          0.000          0.000          0.000          0.000          0.000          0.000          0.000          0.000

          0.000          0.000          0.000          0.000          0.000          0.000          0.000          0.000          0.000          0.000
          0.000          0.000          0.000          0.000          0.002          0.007          0.023          0.069          0.196          0.549
          1.301          2.845          9.133         41.914        109.618        196.810        299.576        379.980        384.184        329.607
        261.673        235.896        214.151        180.370        129.254         92.706         81.940         76.904         71.342         62.321
         48.645         32.604         18.713          9.586          4.524          1.930          0.722          0.223          0.049          0.005
          0.000          0.000          0.000          0.000          0.000          0.000          0.000          0.000          0.000          0.000
          0.000          0.000          0.000          0.000          0.000          0.000          0.000          0.000          0.000          0.000
          0.000          0.000          0.000          0.000          0.000          0.000          0.000          0.000          0.000          0.000
          0.000          0.000          0.000          0.000          0.000          0.000          0.000          0.000          0.000          0.000

          0.000          0.000          0.000          0.000          0.000          0.000          0.000          0.000          0.000          0.000
          0.000          0.000          0.000          0.000          0.001          0.003          0.011          0.033          0.088          0.234
          0.569          1.448          6.934         46.687        124.300        244.910        383.849        470.866        449.247        360.487
        263.508        209.088        180.971        151.995        110.114         83.207         73.775         65.529         55.636         43.217
         29.550         18.110         10.357          5.459          2.572          1.083          0.405          0.121          0.026          0.002
          0.000          0.000          0.000          0.000          0.000          0.000          0.000          0.000          0.000          0.000
          0.000          0.000          0.000          0.000          0.000          0.000          0.000          0.000          0.000          0.000
          0.000          0.000          0.000          0.000          0.000          0.000          0.000          0.000          0.000          0.000
          0.000          0.000          0.000          0.000          0.000          0.000          0.000          0.000          0.000          0.000

          0.000          0.000          0.000          0.000          0.000          0.000          0.000          0.000          0.000          0.000
          0.000          0.000          0.000          0.000          0.000          0.001          0.004          0.013          0.028          0.063
          0.154          0.466          3.499         36.468        110.983        252.796        414.339        475.661        423.881        326.736
        232.090        179.447        152.392        124.768         93.190         75.454         63.818         52.270         40.192         28.423
         18.547         11.439          6.603          3.449          1.612          0.674          0.247          0.072          0.015          0.001
          0.000          0.000          0.000          0.000          0.000          0.000          0.000          0.000          0.000          0.000
          0.000          0.000          0.000          0.000          0.000          0.000          0.000          0.000          0.000          0.000
          0.000          0.000          0.000          0.000          0.000          0.000          0.000          0.000          0.000          0.000
          0.000          0.000          0.000          0.000          0.000          0.000          0.000          0.000          0.000          0.000

          0.000          0.000          0.000          0.000          0.000          0.000          0.000          0.000          0.000          0.000
          0.000          0.000          0.000          0.000          0.000          0.000          0.001          0.003          0.007          0.014
          0.029          0.088          0.833         12.776         65.605        202.578        311.252        327.573        286.746        220.213
        165.168        132.741        114.281         94.609         77.807         64.518         51.178         39.048         28.485         19.660
         12.781          7.915          4.526          2.311          1.049          0.424          0.151          0.044          0.010          0.001
          0.000          0.000          0.000          0.000          0.000          0.000          0.000          0.000          0.000          0.000
          0.000          0.000          0.000          0.000          0.000          0.000          0.000          0.000          0.000          0.000
          0.000          0.000          0.000          0.000          0.000          0.000          0.000          0.000          0.000          0.000
          0.000          0.000          0.000          0.000          0.000          0.000          0.000          0.000          0.000          0.000

          0.000          0.000          0.000          0.000          0.000          0.000          0.000          0.000          0.000          0.000
          0.000          0.000          0.000          0.000          0.000          0.000          0.000          0.001          0.001          0.002
          0.005          0.012          0.090          1.719         22.881         74.864        125.525        150.590        151.998        132.895
        110.522         95.621         83.771         73.687         63.521         50.819         38.871         29.025         21.060         14.393
          9.268          5.607          3.077          1.519          0.671          0.272          0.097          0.029          0.007          0.001
          0.000          0.000          0.000          0.000          0.000          0.000          0.000          0.000          0.000          0.000
          0.000          0.000          0.000          0.000          0.000          0.000          0.000          0.000          0.000          0.000
          0.000          0.000          0.000          0.000          0.000          0.000          0.000          0.000          0.000          0.000
          0.000          0.000          0.000          0.000          0.000          0.000          0.000          0.000          0.000          0.000

          0.000          0.000          0.000          0.000          0.000          0.000          0.000          0.000          0.000          0.000
          0.000          0.000          0.000          0.000          0.000          0.000          0.000          0.000          0.000          0.000
          0.001          0.001          0.009          0.219          3.196         22.960         62.586         89.605         95.948         85.502
         75.053         67.649         61.883         56.993         48.841         38.296         29.179         21.845         15.620         10.437
          6.492          3.742          1.972          0.948          0.414          0.163          0.056          0.016          0.003          0.000
          0.000          0.000          0.000          0.000          0.000          0.000          0.000          0.000          0.000          0.000
          0.000          0.000          0.000          0.000          0.000          0.000          0.000          0.000          0.000          0.000
          0.000          0.000          0.000          0.000          0.000          0.000          0.000          0.000          0.000          0.000
          0.000          0.000          0.000          0.000          0.000          0.000          0.000          0.000          0.000          0.000

          0.000          0.000          0.000          0.000          0.000          0.000          0.000          0.000          0.000          0.000
          0.000          0.000          0.000          0.000          0.000          0.000          0.000          0.000          0.000          0.000
          0.000          0.000          0.001          0.012          0.318          3.212         11.961         24.289         35.132         41.334
         44.297         44.772         44.058         41.274         35.117         27.664         21.170         15.639         10.905          7.050
          4.207          2.337          1.208          0.583          0.256          0.101          0.035          0.010          0.002          0.000
          0.000          0.000          0.000          0.000          0.000          0.000          0.000          0.000          0.000          0.000
          0.000          0.000          0.000          0.000          0.000          0.000          0.000          0.000          0.000          0.000
          0.000          0.000          0.000          0.000          0.000          0.000          0.000          0.000          0.000          0.000
          0.000          0.000          0.000          0.000          0.000          0.000          0.000          0.000          0.000          0.000

          0.000          0.000          0.000          0.000          0.000          0.000          0.000          0.000          0.000          0.000
          0.000          0.000          0.000          0.000          0.000          0.000          0.000          0.000          0.000          0.000
          0.000          0.000          0.000          0.001          0.025          0.316          2.172          7.391         14.663         21.506
         26.543         29.355         29.862         27.580         23.431         18.651         14.240         10.296          6.971          4.354
          2.513          1.372          0.710          0.344          0.155          0.064          0.024          0.008          0.002          0.000
          0.000          0.000          0.000          0.000          0.000          0.000          0.000          0.000          0.000          0.000
          0.000          0.000          0.000          0.000          0.000          0.000          0.000          0.000          0.000          0.000
          0.000          0.000          0.000          0.000          0.000          0.000          0.000          0.000          0.000          0.000
          0.000          0.000          0.000          0.000          0.000          0.000          0.000          0.000          0.000          0.000

          0.000          0.000          0.000          0.000          0.000          0.000          0.000          0.000          0.000          0.000
          0.000          0.000          0.000          0.000          0.000          0.000          0.000          0.000          0.000          0.000
          0.000          0.000          0.000          0.000          0.001          0.013          0.489          2.904          7.044         11.599
         15.342         17.754         18.373         17.026         14.380         11.464          8.640          6.067          3.953          2.370
          1.332          0.718          0.371          0.183          0.085          0.037          0.015          0.005          0.002          0.000
          0.000          0.000          0.000          0.000          0.000          0.000          0.000          0.000          0.000          0.000
          0.000          0.000          0.000          0.000          0.000          0.000          0.000          0.000          0.000          0.000
          0.000          0.000          0.000          0.000          0.000          0.000          0.000          0.000          0.000          0.000
          0.000          0.000          0.000          0.000          0.000          0.000          0.000          0.000          0.000          0.000

          0.000          0.000          0.000          0.000          0.000          0.000          0.000          0.000          0.000          0.000
          0.000          0.000          0.000          0.000          0.000          0.000          0.000          0.000          0.000          0.000
          0.000          0.000          0.000          0.000          0.000          0.000          0.078          0.949          2.933          5.348
          7.597          9.214          9.850          9.345          7.898          6.266          4.659          3.186          2.021          1.179
          0.646          0.347          0.180          0.089          0.042          0.019          0.008          0.003          0.001          0.000
          0.000          0.000          0.000          0.000          0.000          0.000          0.000          0.000          0.000          0.000
          0.000          0.000          0.000          0.000          0.000          0.000          0.000          0.000          0.000          0.000
          0.000          0.000          0.000          0.000          0.000          0.000          0.000          0.000          0.000          0.000
          0.000          0.000          0.000          0.000          0.000          0.000          0.000          0.000          0.000          0.000

          0.000          0.000          0.000          0.000          0.000          0.000          0.000          0.000          0.000          0.000
          0.000          0.000          0.000          0.000          0.000          0.000          0.000          0.000          0.000          0.000
          0.000          0.000          0.000          0.000          0.000          0.000          0.008          0.165          0.774          1.769
          2.806          3.762          4.283          4.204          3.616          2.863          2.140          1.476          0.932          0.538
          0.292          0.155          0.081          0.041          0.020          0.010          0.004          0.002          0.001          0.000
          0.000          0.000          0.000          0.000          0.000          0.000          0.000          0.000          0.000          0.000
          0.000          0.000          0.000          0.000          0.000          0.000          0.000          0.000          0.000          0.000
          0.000          0.000          0.000          0.000          0.000          0.000          0.000          0.000          0.000          0.000
          0.000          0.000          0.000          0.000          0.000          0.000          0.000          0.000          0.000          0.000

          0.000          0.000          0.000          0.000          0.000          0.000          0.000          0.000          0.000          0.000
          0.000          0.000          0.000          0.000          0.000          0.000          0.000          0.000          0.000          0.000
          0.000          0.000          0.000          0.000          0.000          0.000          0.001          0.019          0.126          0.382
          0.706          1.052          1.322          1.393          1.247          1.012          0.776          0.550          0.357          0.213
          0.119          0.065          0.034          0.018          0.009          0.004          0.002          0.001          0.000          0.000
          0.000          0.000          0.000          0.000          0.000          0.000          0.000          0.000          0.000          0.000
          0.000          0.000          0.000          0.000          0.000          0.000          0.000          0.000          0.000          0.000
          0.000          0.000          0.000          0.000          0.000          0.000          0.000          0.000          0.000          0.000
          0.000          0.000          0.000          0.000          0.000          0.000          0.000          0.000          0.000          0.000

          0.000          0.000          0.000          0.000          0.000          0.000          0.000          0.000          0.000          0.000
          0.000          0.000          0.000          0.000          0.000          0.000          0.000          0.000          0.000          0.000
          0.000          0.000          0.000          0.000          0.000          0.000          0.000          0.001          0.010          0.044
          0.105          0.182          0.261          0.313          0.315          0.274          0.218          0.163          0.111          0.068
          0.039          0.022          0.012          0.006          0.003          0.002          0.001          0.000          0.000          0.000
          0.000          0.000          0.000          0.000          0.000          0.000          0.000          0.000          0.000          0.000
          0.000          0.000          0.000          0.000          0.000          0.000          0.000          0.000          0.000          0.000
          0.000          0.000          0.000          0.000          0.000          0.000          0.000          0.000          0.000          0.000
          0.000          0.000          0.000          0.000          0.000          0.000          0.000          0.000          0.000          0.000

          0.000          0.000          0.000          0.000          0.000          0.000          0.000          0.000          0.000          0.000
          0.000          0.000          0.000          0.000          0.000          0.000          0.000          0.000          0.000          0.000
          0.000          0.000          0.000          0.000          0.000          0.000          0.000          0.000          0.000          0.002
          0.007          0.014          0.025          0.037          0.045          0.045          0.039          0.031          0.023          0.015
          0.009          0.005          0.003          0.002          0.001          0.000          0.000          0.000          0.000          0.000
          0.000          0.000          0.000          0.000          0.000          0.000          0.000          0.000          0.000          0.000
          0.000          0.000          0.000          0.000          0.000          0.000          0.000          0.000          0.000          0.000
          0.000          0.000          0.000          0.000          0.000          0.000          0.000          0.000          0.000          0.000
          0.000          0.000          0.000          0.000          0.000          0.000          0.000          0.000          0.000          0.000

          0.000          0.000          0.000          0.000          0.000          0.000          0.000          0.000          0.000          0.000
          0.000          0.000          0.000          0.000          0.000          0.000          0.000          0.000          0.000          0.000
          0.000          0.000          0.000          0.000          0.000          0.000          0.000          0.000          0.000          0.000
          0.000          0.000          0.001          0.002          0.003          0.004          0.004          0.003          0.002          0.002
          0.001          0.001          0.000          0.000          0.000          0.000          0.000          0.000          0.000          0.000
          0.000          0.000          0.000          0.000          0.000          0.000          0.000          0.000          0.000          0.000
          0.000          0.000          0.000          0.000          0.000          0.000          0.000          0.000          0.000          0.000
          0.000          0.000          0.000          0.000          0.000          0.000          0.000          0.000          0.000          0.000
          0.000          0.000          0.000          0.000          0.000          0.000          0.000          0.000          0.000          0.000

          0.000          0.000          0.000          0.000          0.000          0.000          0.000          0.000          0.000          0.000
          0.000          0.000          0.000          0.000          0.000          0.000          0.000          0.000          0.000          0.000
          0.000          0.000          0.000          0.000          0.000          0.000          0.000          0.000          0.000          0.000
          0.000          0.000          0.000          0.000          0.000          0.000          0.000          0.000          0.000          0.000
          0.000          0.000          0.000          0.000          0.000          0.000          0.000          0.000          0.000          0.000
          0.000          0.000          0.000          0.000          0.000          0.000          0.000          0.000          0.000          0.000
          0.000          0.000          0.000          0.000          0.000          0.000          0.000          0.000          0.000          0.000
          0.000          0.000          0.000          0.000          0.000          0.000          0.000          0.000          0.000          0.000
          0.000          0.000          0.000          0.000          0.000          0.000          0.000          0.000          0.000          0.000

          0.000          0.000          0.000          0.000          0.000          0.000          0.000          0.000          0.000          0.000
          0.000          0.000          0.000          0.000          0.000          0.000          0.000          0.000          0.000          0.000
          0.000          0.000          0.000          0.000          0.000          0.000          0.000          0.000          0.000          0.000
          0.000          0.000          0.000          0.000          0.000          0.000          0.000          0.000          0.000          0.000
          0.000          0.000          0.000          0.000          0.000          0.000          0.000          0.000          0.000          0.000
          0.000          0.000          0.000          0.000          0.000          0.000          0.000          0.000          0.000          0.000
          0.000          0.000          0.000          0.000          0.000          0.000          0.000          0.000          0.000          0.000
          0.000          0.000          0.000          0.000          0.000          0.000          0.000          0.000          0.000          0.000
          0.000          0.000          0.000          0.000          0.000          0.000          0.000          0.000          0.000          0.000

          0.000          0.000          0.000          0.000          0.000          0.000          0.000          0.000          0.000          0.000
          0.000          0.000          0.000          0.000          0.000          0.000          0.000          0.000          0.000          0.000
          0.000          0.000          0.000          0.000          0.000          0.000          0.000          0.000          0.000          0.000
          0.000          0.000          0.000          0.000          0.000          0.000          0.000          0.000          0.000          0.000
          0.000          0.000          0.000          0.000          0.000          0.000          0.000          0.000          0.000          0.000
          0.000          0.000          0.000          0.000          0.000          0.000          0.000          0.000          0.000          0.000
          0.000          0.000          0.000          0.000          0.000          0.000          0.000          0.000          0.000          0.000
          0.000          0.000          0.000          0.000          0.000          0.000          0.000          0.000          0.000          0.000
          0.000          0.000          0.000          0.000          0.000          0.000          0.000          0.000          0.000          0.000

          0.000          0.000          0.000          0.000          0.000          0.000          0.000          0.000          0.000          0.000
          0.000          0.000          0.000          0.000          0.000          0.000          0.000          0.000          0.000          0.000
          0.000          0.000          0.000          0.000          0.000          0.000          0.000          0.000          0.000          0.000
          0.000          0.000          0.000          0.000          0.000          0.000          0.000          0.000          0.000          0.000
          0.000          0.000          0.000          0.000          0.000          0.000          0.000          0.000          0.000          0.000
          0.000          0.000          0.000          0.000          0.000          0.000          0.000          0.000          0.000          0.000
          0.000          0.000          0.000          0.000          0.000          0.000          0.000          0.000          0.000          0.000
          0.000          0.000          0.000          0.000          0.000          0.000          0.000          0.000          0.000          0.000
          0.000          0.000          0.000          0.000          0.000          0.000          0.000          0.000          0.000          0.000

          0.000          0.000          0.000          0.000          0.000          0.000          0.000          0.000          0.000          0.000
          0.000          0.000          0.000          0.000          0.000          0.000          0.000          0.000          0.000          0.000
          0.000          0.000          0.000          0.000          0.000          0.000          0.000          0.000          0.000          0.000
          0.000          0.000          0.000          0.000          0.000          0.000          0.000          0.000          0.000          0.000
          0.000          0.000          0.000          0.000          0.000          0.000          0.000          0.000          0.000          0.000
          0.000          0.000          0.000          0.000          0.000          0.000          0.000          0.000          0.000          0.000
          0.000          0.000          0.000          0.000          0.000          0.000          0.000          0.000          0.000          0.000
          0.000          0.000          0.000          0.000          0.000          0.000          0.000          0.000          0.000          0.000
          0.000          0.000          0.000          0.000          0.000          0.000          0.000          0.000          0.000          0.000

          0.000          0.000          0.000          0.000          0.000          0.000          0.000          0.000          0.000          0.000
          0.000          0.000          0.000          0.000          0.000          0.000          0.000          0.000          0.000          0.000
          0.000          0.000          0.000          0.000          0.000          0.000          0.000          0.000          0.000          0.000
          0.000          0.000          0.000          0.000          0.000          0.000          0.000          0.000          0.000          0.000
          0.000          0.000          0.000          0.000          0.000          0.000          0.000          0.000          0.000          0.000
          0.000          0.000          0.000          0.000          0.000          0.000          0.000          0.000          0.000          0.000
          0.000          0.000          0.000          0.000          0.000          0.000          0.000          0.000          0.000          0.000
          0.000          0.000          0.000          0.000          0.000          0.000          0.000          0.000          0.000          0.000
          0.000          0.000          0.000          0.000          0.000          0.000          0.000          0.000          0.000          0.000

          0.000          0.000          0.000          0.000          0.000          0.000          0.000          0.000          0.000          0.000
          0.000          0.000          0.000          0.000          0.000          0.000          0.000          0.000          0.000          0.000
          0.000          0.000          0.000          0.000          0.000          0.000          0.000          0.000          0.000          0.000
          0.000          0.000          0.000          0.000          0.000          0.000          0.000          0.000          0.000          0.000
          0.000          0.000          0.000          0.000          0.000          0.000          0.000          0.000          0.000          0.000
          0.000          0.000          0.000          0.000          0.000          0.000          0.000          0.000          0.000          0.000
          0.000          0.000          0.000          0.000          0.000          0.000          0.000          0.000          0.000          0.000
          0.000          0.000          0.000          0.000          0.000          0.000          0.000          0.000          0.000          0.000
          0.000          0.000          0.000          0.000          0.000          0.000          0.000          0.000          0.000          0.000

          0.000          0.000          0.000          0.000          0.000          0.000          0.000          0.000          0.000          0.000
          0.000          0.000          0.000          0.000          0.000          0.000          0.000          0.000          0.000          0.000
          0.000          0.000          0.000          0.000          0.000          0.000          0.000          0.000          0.000          0.000
          0.000          0.000          0.000          0.000          0.000          0.000          0.000          0.000          0.000          0.000
          0.000          0.000          0.000          0.000          0.000          0.000          0.000          0.000          0.000          0.000
          0.000          0.000          0.000          0.000          0.000          0.000          0.000          0.000          0.000          0.000
          0.000          0.000          0.000          0.000          0.000          0.000          0.000          0.000          0.000          0.000
          0.000          0.000          0.000          0.000          0.000          0.000          0.000          0.000          0.000          0.000
          0.000          0.000          0.000          0.000          0.000          0.000          0.000          0.000          0.000          0.000

          0.000          0.000          0.000          0.000          0.000          0.000          0.000          0.000          0.000          0.000
          0.000          0.000          0.000          0.000          0.000          0.000          0.000          0.000          0.000          0.000
          0.000          0.000          0.000          0.000          0.000          0.000          0.000          0.000          0.000          0.000
          0.000          0.000          0.000          0.000          0.000          0.000          0.000          0.000          0.000          0.000
          0.000          0.000          0.000          0.000          0.000          0.000          0.000          0.000          0.000          0.000
          0.000          0.000          0.000          0.000          0.000          0.000          0.000          0.000          0.000          0.000
          0.000          0.000          0.000          0.000          0.000          0.000          0.000          0.000          0.000          0.000
          0.000          0.000          0.000          0.000          0.000          0.000          0.000          0.000          0.000          0.000
          0.000          0.000          0.000          0.000          0.000          0.000          0.000          0.000          0.000          0.000

