NCOLS    90
NROWS    50
XLLCORNER         225.000
YLLCORNER          32.500
CELLSIZE           0.500          0.500
NODATA_VALUE  0.000
          0.000          0.000          0.000          0.000          0.000          0.000          0.000          0.000          0.000          0.000
          0.000          0.000          0.000          0.000          0.000          0.000          0.001          0.005          0.023          0.065
          0.134          0.219          0.320          0.435          0.559          0.689          0.829          0.980          1.144          1.312
          1.478          1.655          1.848          2.063          2.289          2.515          2.747          2.994          3.260          3.520
          3.760          3.983          4.201          4.407          4.587          4.723          4.824          4.899          4.944          4.945
          4.899          4.815          4.704          4.564          4.391          4.194          3.990          3.785          3.574          3.356
          3.139          2.938          2.749          2.564          2.379          2.199          2.038          1.888          1.740          1.588
          1.441          1.307          1.184          1.066          0.951          0.844          0.750          0.666          0.589          0.516
          0.449          0.392          0.341          0.295          0.253          0.215          0.181          0.151          0.125          0.101

          0.000          0.000          0.000          0.000          0.000          0.000          0.000          0.000          0.000          0.000
          0.000          0.000          0.000          0.000          0.000          0.000          0.002          0.010          0.045          0.116
          0.208          0.318          0.448          0.595          0.755          0.920          1.094          1.281          1.485          1.696
          1.903          2.119          2.352          2.612          2.886          3.156          3.427          3.714          4.017          4.316
          4.590          4.842          5.079          5.297          5.483          5.620          5.714          5.771          5.788          5.760
          5.681          5.558          5.399          5.206          4.979          4.730          4.480          4.232          3.980          3.723
          3.470          3.239          3.025          2.818          2.613          2.417          2.245          2.092          1.948          1.806
          1.671          1.551          1.446          1.344          1.242          1.143          1.053          0.971          0.893          0.816
          0.742          0.673          0.611          0.552          0.496          0.443          0.394          0.348          0.306          0.262

          0.000          0.000          0.000          0.000          0.000          0.000          0.000          0.000          0.000          0.000
          0.000          0.000          0.000          0.000          0.001          0.002          0.007          0.031          0.100          0.205
          0.331          0.479          0.650          0.844          1.053          1.264          1.485          1.722          1.980          2.248
          2.515          2.789          3.084          3.409          3.752          4.091          4.426          4.771          5.126          5.472
          5.789          6.072          6.327          6.552          6.737          6.864          6.935          6.952          6.924          6.844
          6.702          6.507          6.276          6.010          5.711          5.394          5.083          4.778          4.473          4.165
          3.864          3.590          3.340          3.099          2.862          2.637          2.440          2.267          2.105          1.948
          1.799          1.671          1.560          1.457          1.356          1.258          1.170          1.092          1.018          0.946
          0.874          0.807          0.746          0.688          0.633          0.580          0.529          0.481          0.436          0.381

          0.000          0.000          0.000          0.000          0.000          0.000          0.000          0.000          0.000          0.000
          0.000          0.000          0.000          0.001          0.002          0.006          0.022          0.079          0.189          0.334
          0.504          0.697          0.918          1.168          1.435          1.704          1.980          2.277          2.599          2.937
          3.275          3.621          3.987          4.388          4.807          5.221          5.624          6.028          6.431          6.819
          7.172          7.479          7.740          7.955          8.115          8.209          8.233          8.199          8.109          7.953
          7.731          7.457          7.145          6.799          6.423          6.034          5.659          5.296          4.937          4.575
          4.225          3.908          3.620          3.346          3.079          2.826          2.606          2.414          2.237          2.066
          1.904          1.766          1.647          1.538          1.431          1.328          1.236          1.155          1.080          1.007
          0.935          0.869          0.808          0.752          0.698          0.646          0.596          0.550          0.505          0.445

          0.000          0.000          0.000          0.000          0.000          0.000          0.000          0.000          0.000          0.000
          0.000          0.000          0.001          0.003          0.007          0.021          0.066          0.166          0.320          0.516
          0.738          0.984          1.264          1.579          1.917          2.254          2.598          2.965          3.364          3.786
          4.211          4.641          5.090          5.575          6.077          6.571          7.046          7.506          7.952          8.373
          8.751          9.063          9.305          9.482          9.593          9.635          9.602          9.499          9.325          9.076
          8.755          8.389          7.987          7.557          7.101          6.639          6.200          5.779          5.364          4.951
          4.552          4.193          3.869          3.565          3.270          2.992          2.751          2.543          2.354          2.175
          2.007          1.863          1.739          1.625          1.513          1.404          1.306          1.219          1.139          1.062
          0.987          0.917          0.854          0.795          0.740          0.687          0.636          0.590          0.545          0.481

          0.000          0.000          0.000          0.000          0.000          0.000          0.000          0.000          0.000          0.000
          0.001          0.001          0.003          0.008          0.023          0.064          0.152          0.299          0.503          0.760
          1.045          1.355          1.705          2.098          2.520          2.942          3.368          3.821          4.312          4.836
          5.366          5.894          6.439          7.018          7.609          8.189          8.736          9.251          9.733         10.177
         10.563         10.856         11.059         11.179         11.223         11.197         11.089         10.900         10.624         10.264
          9.837          9.370          8.877          8.363          7.827          7.289          6.781          6.298          5.826          5.359
          4.911          4.509          4.149          3.814          3.492          3.191          2.932          2.711          2.514          2.329
          2.157          2.006          1.876          1.757          1.641          1.525          1.419          1.325          1.238          1.155
          1.073          0.996          0.926          0.862          0.802          0.744          0.690          0.640          0.591          0.526

          0.000          0.000          0.000          0.000          0.000          0.000          0.000          0.000          0.000          0.001
          0.001          0.003          0.009          0.026          0.069          0.151          0.287          0.486          0.750          1.080
          1.440          1.827          2.258          2.743          3.265          3.788          4.314          4.868          5.471          6.114
          6.763          7.406          8.061          8.741          9.426         10.093         10.712         11.279         11.790         12.241
         12.613         12.871         13.021         13.067         13.028         12.923         12.733         12.446         12.060         11.581
         11.042         10.475          9.894          9.295          8.676          8.062          7.483          6.934          6.404          5.883
          5.386          4.941          4.544          4.180          3.838          3.522          3.254          3.031          2.837          2.655
          2.479          2.322          2.183          2.052          1.924          1.794          1.670          1.557          1.451          1.349
          1.250          1.155          1.069          0.988          0.913          0.844          0.778          0.718          0.659          0.595

          0.000          0.000          0.000          0.000          0.000          0.000          0.000          0.000          0.001          0.002
          0.004          0.011          0.031          0.076          0.158          0.290          0.480          0.740          1.075          1.489
          1.938          2.413          2.940          3.530          4.168          4.808          5.450          6.124          6.853          7.630
          8.413          9.183          9.958         10.743         11.522         12.272         12.960         13.570         14.095         14.532
         14.870         15.072         15.150         15.105         14.980         14.792         14.511         14.118         13.610         13.005
         12.352         11.693         11.026         10.342          9.640          8.949          8.300          7.691          7.113          6.555
          6.033          5.575          5.176          4.819          4.487          4.176          3.903          3.668          3.452          3.243
          3.037          2.843          2.665          2.499          2.337          2.175          2.021          1.878          1.743          1.616
          1.493          1.376          1.267          1.164          1.069          0.981          0.899          0.823          0.749          0.684

          0.000          0.000          0.000          0.000          0.000          0.000          0.000          0.001          0.002          0.004
          0.014          0.038          0.087          0.169          0.298          0.484          0.737          1.069          1.487          1.999
          2.550          3.125          3.762          4.472          5.243          6.018          6.794          7.606          8.480          9.406
         10.337         11.246         12.146         13.035         13.902         14.727         15.468         16.102         16.614         17.002
         17.252         17.382         17.373         17.245         17.031         16.746         16.357         15.842         15.198         14.468
         13.724         12.990         12.253         11.505         10.747         10.012          9.328          8.701          8.111          7.547
          7.011          6.522          6.075          5.667          5.285          4.927          4.603          4.315          4.050          3.797
          3.546          3.309          3.090          2.884          2.688          2.496          2.314          2.144          1.985          1.836
          1.696          1.563          1.438          1.321          1.212          1.112          1.020          0.932          0.846          0.784

          0.000          0.000          0.000          0.000          0.000          0.000          0.001          0.002          0.006          0.018
          0.047          0.099          0.182          0.306          0.487          0.737          1.063          1.477          1.990          2.612
          3.276          3.967          4.729          5.576          6.498          7.430          8.363          9.335         10.376         11.470
         12.562         13.623         14.654         15.646         16.592         17.474         18.249         18.878         19.334         19.612
         19.781         19.830         19.745         19.533         19.213         18.805         18.288         17.636         16.861         16.045
         15.236         14.450         13.670         12.887         12.111         11.351         10.633          9.952          9.275          8.616
          7.979          7.388          6.851          6.367          5.923          5.504          5.117          4.764          4.439          4.132
          3.835          3.555          3.298          3.062          2.841          2.631          2.435          2.253          2.084          1.927
          1.782          1.646          1.517          1.396          1.283          1.181          1.086          0.995          0.905          0.851

          0.000          0.000          0.000          0.000          0.000          0.001          0.002          0.008          0.023          0.056
          0.112          0.196          0.315          0.485          0.729          1.057          1.466          1.975          2.596          3.343
          4.139          4.965          5.875          6.883          7.986          9.104         10.223         11.388         12.624         13.908
         15.179         16.403         17.569         18.661         19.675         20.596         21.390         21.981         22.342         22.522
         22.598         22.572         22.415         22.100         21.653         21.101         20.446         19.651         18.792         17.918
         17.061         16.237         15.407         14.562         13.703         12.815         11.948         11.097         10.272          9.472
          8.697          7.971          7.318          6.732          6.196          5.692          5.228          4.810          4.433          4.087
          3.764          3.466          3.197          2.952          2.727          2.519          2.328          2.153          1.990          1.842
          1.708          1.585          1.470          1.359          1.256          1.164          1.079          0.998          0.914          0.870

          0.000          0.000          0.000          0.000          0.001          0.004          0.011          0.029          0.063          0.121
          0.205          0.322          0.484          0.714          1.036          1.456          1.960          2.580          3.329          4.224
          5.177          6.165          7.255          8.459          9.779         11.119         12.461         13.853         15.315         16.809
         18.272         19.659         20.952         22.137         23.212         24.165         24.968         25.485         25.739         25.813
         25.812         25.727         25.493         25.058         24.462         23.764         22.963         22.082         21.182         20.265
         19.344         18.400         17.373         16.304         15.207         14.114         13.030         11.949         10.892          9.875
          8.911          8.037          7.267          6.586          5.975          5.417          4.913          4.462          4.060          3.698
          3.366          3.066          2.797          2.556          2.340          2.147          1.975          1.822          1.682          1.557
          1.448          1.352          1.263          1.178          1.100          1.031          0.969          0.910          0.846          0.819

          0.000          0.000          0.000          0.002          0.005          0.015          0.033          0.068          0.122          0.205
          0.320          0.478          0.694          0.997          1.409          1.933          2.548          3.299          4.198          5.264
          6.402          7.584          8.888         10.325         11.896         13.493         15.089         16.740         18.446         20.157
         21.807         23.349         24.768         26.050         27.193         28.187         28.961         29.343         29.496         29.484
         29.433         29.296         28.954         28.374         27.624         26.784         25.905         24.973         23.972         22.846
         21.664         20.410         19.074         17.680         16.245         14.800         13.384         12.025         10.746          9.559
          8.490          7.548          6.716          5.983          5.332          4.744          4.212          3.735          3.309          2.932
          2.601          2.313          2.067          1.856          1.675          1.523          1.396          1.287          1.191          1.107
          1.038          0.981          0.930          0.881          0.835          0.798          0.765          0.732          0.693          0.684

          0.000          0.000          0.002          0.006          0.015          0.035          0.066          0.117          0.193          0.305
          0.458          0.666          0.946          1.331          1.842          2.482          3.223          4.124          5.192          6.452
          7.800          9.206         10.757         12.460         14.315         16.198         18.077         20.008         21.969         23.904
         25.743         27.445         29.000         30.404         31.629         32.621         33.202         33.486         33.577         33.537
         33.450         33.228         32.730         32.036         31.131         30.191         29.132         27.949         26.610         25.119
         23.515         21.796         19.984         18.138         16.313         14.565         12.903         11.351          9.925          8.643
          7.519          6.524          5.639          4.856          4.169          3.567          3.046          2.603          2.230          1.916
          1.652          1.433          1.252          1.102          0.977          0.876          0.797          0.733          0.679          0.635
          0.602          0.580          0.562          0.546          0.531          0.523          0.518          0.513          0.503          0.512

          0.000          0.001          0.005          0.014          0.031          0.062          0.107          0.176          0.275          0.422
          0.618          0.881          1.231          1.705          2.321          3.088          3.966          5.031          6.281          7.751
          9.331         10.991         12.825         14.837         17.016         19.222         21.425         23.669         25.908         28.082
         30.127         32.026         33.792         35.333         36.562         37.349         37.817         38.075         38.169         38.119
         37.978         37.620         37.018         36.097         34.879         33.598         32.190         30.539         28.604         26.501
         24.332         22.098         19.828         17.600         15.495         13.535         11.679          9.932          8.344          6.977
          5.813          4.813          3.969          3.266          2.682          2.196          1.792          1.461          1.192          0.975
          0.801          0.664          0.557          0.474          0.409          0.360          0.325          0.300          0.280          0.266
          0.258          0.257          0.259          0.262          0.266          0.274          0.285          0.296          0.305          0.325

          0.000          0.002          0.009          0.024          0.050          0.093          0.153          0.243          0.370          0.555
          0.800          1.125          1.549          2.118          2.847          3.748          4.771          6.009          7.456          9.161
         11.006         12.969         15.140         17.523         20.087         22.682         25.274         27.882         30.447         32.918
         35.273         37.524         39.512         41.112         42.162         42.792         43.242         43.543         43.683         43.659
         43.330         42.743         41.652         40.198         38.527         36.642         34.518         32.090         29.458         26.723
         23.989         21.297         18.664         16.134         13.728         11.459          9.358          7.490          5.945          4.726
          3.743          2.939          2.285          1.760          1.340          1.008          0.750          0.555          0.412          0.308
          0.236          0.185          0.149          0.123          0.103          0.090          0.080          0.074          0.070          0.068
          0.068          0.071          0.076          0.083          0.091          0.103          0.118          0.134          0.149          0.174

          0.001          0.004          0.013          0.035          0.072          0.127          0.205          0.319          0.477          0.704
          1.001          1.391          1.893          2.559          3.402          4.438          5.611          7.038          8.706         10.689
         12.851         15.186         17.766         20.602         23.634         26.705         29.766         32.815         35.812         38.786
         41.698         44.275         46.413         47.918         48.752         49.398         49.973         50.458         50.544         50.186
         49.306         48.012         46.219         43.979         41.434         38.692         35.709         32.455         29.093         25.759
         22.541         19.388         16.287         13.346         10.688          8.364          6.378          4.779          3.566          2.636
          1.918          1.361          0.940          0.636          0.428          0.290          0.199          0.138          0.097          0.069
          0.050          0.036          0.026          0.019          0.014          0.011          0.009          0.007          0.006          0.006
          0.006          0.007          0.008          0.010          0.014          0.019          0.026          0.036          0.048          0.069

          0.001          0.005          0.018          0.047          0.093          0.163          0.259          0.396          0.585          0.851
          1.199          1.648          2.223          2.977          3.927          5.097          6.434          8.075          9.993         12.288
         14.803         17.563         20.612         23.977         27.552         31.184         34.814         38.503         42.285         46.034
         49.413         52.271         54.448         55.726         56.692         57.615         58.259         58.560         58.028         56.881
         55.104         52.695         49.762         46.495         43.042         39.333         35.409         31.340         27.283         23.361
         19.539         15.884         12.581          9.677          7.190          5.157          3.595          2.458          1.632          1.055
          0.672          0.428          0.276          0.183          0.125          0.088          0.065          0.048          0.036          0.028
          0.021          0.015          0.011          0.008          0.005          0.003          0.002          0.001          0.001          0.000
          0.000          0.000          0.000          0.000          0.000          0.001          0.001          0.002          0.004          0.013

          0.001          0.006          0.022          0.058          0.114          0.197          0.310          0.468          0.683          0.984
          1.376          1.876          2.516          3.352          4.410          5.718          7.227          9.084         11.256         13.866
         16.749         19.964         23.521         27.486         31.697         36.087         40.653         45.460         50.178         54.647
         58.526         61.621         63.656         65.235         66.433         67.216         67.515         66.912         65.442         62.813
         59.471         55.727         51.714         47.447         42.841         38.022         33.185         28.356         23.558         19.105
         15.138         11.621          8.554          5.966          3.920          2.461          1.507          0.905          0.550          0.348
          0.233          0.165          0.123          0.095          0.075          0.060          0.049          0.040          0.032          0.026
          0.021          0.016          0.012          0.009          0.006          0.004          0.003          0.001          0.001          0.000
          0.000          0.000          0.000          0.000          0.000          0.000          0.000          0.000          0.000          0.000

          0.001          0.007          0.026          0.067          0.132          0.225          0.352          0.526          0.764          1.093
          1.523          2.073          2.779          3.700          4.866          6.312          7.995         10.063         12.494         15.427
         18.690         22.402         26.559         31.338         36.488         42.061         47.969         54.038         59.947         65.369
         69.867         72.915         75.277         76.869         77.876         77.976         77.161         74.930         71.243         66.733
         62.033         57.056         51.715         45.965         40.227         34.489         28.724         23.355         18.508         14.239
         10.549          7.401          4.771          2.795          1.570          0.919          0.569          0.378          0.271          0.205
          0.162          0.131          0.106          0.087          0.071          0.059          0.049          0.040          0.033          0.027
          0.022          0.018          0.015          0.011          0.008          0.006          0.004          0.002          0.001          0.001
          0.000          0.000          0.000          0.000          0.000          0.000          0.000          0.000          0.000          0.000

          0.001          0.008          0.029          0.074          0.145          0.247          0.385          0.575          0.835          1.194
          1.668          2.272          3.052          4.063          5.346          6.937          8.803         11.095         13.809         17.100
         20.825         25.169         30.116         35.969         42.313         49.625         57.552         65.607         73.279         79.927
         84.502         87.815         90.128         91.264         91.304         89.727         86.137         80.957         75.024         69.009
         62.498         55.703         48.925         42.049         35.121         28.772         23.013         17.846         13.320          9.461
          6.239          3.690          2.003          1.110          0.706          0.503          0.383          0.298          0.235          0.187
          0.152          0.125          0.103          0.085          0.070          0.059          0.049          0.041          0.034          0.029
          0.024          0.020          0.016          0.013          0.010          0.008          0.006          0.004          0.002          0.001
          0.001          0.000          0.000          0.000          0.000          0.000          0.000          0.000          0.000          0.000

          0.001          0.008          0.030          0.078          0.154          0.262          0.411          0.617          0.901          1.293
          1.814          2.476          3.332          4.436          5.843          7.585          9.651         12.190         15.235         18.940
         23.225         28.264         34.248         41.452         49.610         59.710         70.687         81.565         91.512         99.206
        104.113        107.501        109.080        108.998        106.043        100.271         92.797         84.948         76.742         68.437
         60.080         52.047         43.629         35.868         28.904         22.735         17.282         12.538          8.520          5.261
          2.978          1.615          1.013          0.733          0.555          0.431          0.341          0.271          0.216          0.174
          0.142          0.117          0.097          0.081          0.067          0.057          0.048          0.040          0.034          0.029
          0.024          0.021          0.017          0.014          0.011          0.009          0.007          0.005          0.003          0.002
          0.001          0.001          0.000          0.000          0.000          0.000          0.000          0.000          0.000          0.000

          0.001          0.008          0.030          0.079          0.158          0.272          0.430          0.648          0.953          1.374
          1.936          2.647          3.574          4.766          6.295          8.188         10.460         13.260         16.655         20.796
         25.730         31.620         38.940         47.777         58.492         72.513         87.575        102.438        115.991        124.667
        130.325        133.380        132.381        127.068        118.095        107.495         96.463         85.390         74.746         65.036
         55.208         45.531         36.862         29.282         22.675         16.935         11.986          7.855          4.717          2.662
          1.593          1.112          0.825          0.629          0.487          0.384          0.307          0.246          0.198          0.161
          0.132          0.109          0.091          0.076          0.064          0.054          0.045          0.039          0.033          0.028
          0.024          0.020          0.017          0.015          0.012          0.010          0.008          0.006          0.005          0.003
          0.002          0.001          0.001          0.000          0.000          0.000          0.000          0.000          0.000          0.000

          0.001          0.008          0.029          0.077          0.157          0.273          0.434          0.660          0.975          1.410
          1.995          2.739          3.719          4.983          6.624          8.660         11.143         14.211         17.984         22.657
         28.397         35.417         44.329         55.147         69.342         88.726        110.725        132.931        151.325        162.343
        166.952        164.369        154.571        140.621        125.357        109.757         94.974         81.727         69.902         58.220
         47.447         37.938         29.810         22.856         16.799         11.662          7.528          4.568          2.736          1.776
          1.255          0.935          0.715          0.553          0.433          0.345          0.277          0.225          0.182          0.149
          0.122          0.102          0.085          0.071          0.060          0.051          0.043          0.037          0.032          0.027
          0.023          0.020          0.017          0.015          0.013          0.011          0.009          0.007          0.006          0.004
          0.003          0.002          0.001          0.001          0.000          0.000          0.000          0.000          0.000          0.000

          0.001          0.007          0.027          0.072          0.149          0.262          0.422          0.646          0.962          1.403
          2.000          2.761          3.769          5.072          6.782          8.926         11.600         14.937         19.148         24.462
         31.142         39.643         50.618         64.688         85.276        114.659        149.302        183.035        206.356        214.855
        210.001        192.981        170.371        147.368        125.580        105.976         89.280         74.513         61.168         49.409
         39.040         30.453         23.185         16.884         11.628          7.569          4.764          3.054          2.041          1.435
          1.061          0.811          0.628          0.491          0.389          0.312          0.253          0.206          0.169          0.138
          0.114          0.095          0.080          0.067          0.057          0.049          0.042          0.036          0.031          0.026
          0.023          0.020          0.017          0.015          0.013          0.011          0.009          0.008          0.006          0.005
          0.004          0.003          0.002          0.001          0.001          0.000          0.000          0.000          0.000          0.000

          0.001          0.006          0.023          0.061          0.129          0.232          0.381          0.592          0.893          1.316
          1.896          2.643          3.653          4.980          6.748          8.973         11.778         15.333         19.941         25.918
         33.672         44.220         58.772         80.221        113.740        156.907        208.502        255.197        280.176        276.162
        248.708        212.305        176.017        144.287        118.376         97.176         79.301         63.997         51.065         40.097
         31.096         23.554         17.119         11.893          7.949          5.236          3.489          2.366          1.656          1.207
          0.913          0.707          0.555          0.438          0.349          0.282          0.230          0.188          0.155          0.128
          0.106          0.089          0.075          0.063          0.054          0.046          0.039          0.034          0.029          0.025
          0.022          0.019          0.017          0.015          0.013          0.011          0.010          0.008          0.007          0.006
          0.004          0.003          0.002          0.002          0.001          0.001          0.000          0.000          0.000          0.000

          0.001          0.004          0.017          0.046          0.102          0.189          0.318          0.506          0.779          1.168
          1.710          2.420          3.392          4.679          6.417          8.639         11.500         15.186         20.039         26.513
         35.254         48.205         68.127        102.472        148.773        207.831        289.176        347.261        358.850        326.110
        271.198        215.239        167.987        132.286        105.420         84.568         66.950         52.500         40.895         31.647
         23.927         17.468         12.335          8.510          5.802          3.950          2.698          1.883          1.361          1.018
          0.783          0.614          0.486          0.386          0.309          0.250          0.205          0.168          0.139          0.115
          0.096          0.081          0.068          0.058          0.049          0.042          0.036          0.031          0.027          0.023
          0.020          0.018          0.015          0.013          0.012          0.010          0.009          0.008          0.007          0.006
          0.005          0.004          0.003          0.002          0.001          0.001          0.000          0.000          0.000          0.000

          0.000          0.003          0.011          0.033          0.076          0.146          0.253          0.413          0.648          0.991
          1.474          2.120          3.010          4.203          5.816          7.885         10.570         14.076         18.788         25.262
         34.381         48.893         73.375        119.419        167.304        263.944        384.268        425.861        402.830        339.769
        262.191        196.089        147.209        112.629         88.751         69.559         53.721         41.348         31.894         24.234
         17.839         12.800          9.057          6.359          4.421          3.052          2.126          1.525          1.130          0.859
          0.667          0.527          0.420          0.336          0.270          0.219          0.179          0.148          0.122          0.102
          0.085          0.072          0.060          0.051          0.044          0.037          0.032          0.028          0.024          0.021
          0.018          0.016          0.014          0.012          0.010          0.009          0.008          0.007          0.006          0.005
          0.004          0.004          0.003          0.002          0.001          0.001          0.001          0.000          0.000          0.000

          0.000          0.002          0.007          0.021          0.052          0.106          0.190          0.320          0.514          0.802
          1.213          1.770          2.545          3.590          5.004          6.813          9.172         12.273         16.502         22.411
         31.021         45.222         70.168        118.962        166.258        312.399        443.684        448.223        386.133        296.820
        216.200        156.458        115.379         88.686         70.058         54.038         41.203         31.566         24.111         18.053
         13.204          9.567          6.898          4.924          3.466          2.417          1.714          1.251          0.940          0.721
          0.564          0.448          0.359          0.289          0.234          0.190          0.156          0.129          0.107          0.089
          0.075          0.063          0.053          0.045          0.038          0.033          0.028          0.024          0.021          0.018
          0.016          0.014          0.012          0.010          0.009          0.008          0.007          0.006          0.005          0.005
          0.004          0.003          0.003          0.002          0.002          0.001          0.001          0.000          0.000          0.000

          0.000          0.001          0.004          0.013          0.033          0.071          0.134          0.233          0.385          0.615
          0.946          1.403          2.041          2.906          4.072          5.557          7.491         10.028         13.470         18.218
         25.214         36.416         56.618         94.854        140.039        310.594        381.128        345.223        270.727        203.018
        149.555        110.380         83.683         66.336         52.124         40.006         30.613         23.485         17.941         13.518
         10.037          7.404          5.414          3.897          2.753          1.932          1.387          1.025          0.776          0.599
          0.471          0.377          0.304          0.246          0.200          0.164          0.134          0.111          0.092          0.077
          0.065          0.055          0.046          0.039          0.033          0.029          0.024          0.021          0.018          0.016
          0.014          0.012          0.010          0.009          0.008          0.007          0.006          0.005          0.004          0.004
          0.003          0.003          0.002          0.002          0.001          0.001          0.001          0.000          0.000          0.000

          0.000          0.000          0.002          0.007          0.018          0.043          0.086          0.157          0.268          0.439
          0.689          1.039          1.528          2.197          3.093          4.238          5.725          7.673         10.281         13.794
         18.836         26.119         37.750         57.815        100.350        136.989        164.652        173.040        158.656        129.293
         98.206         74.396         58.843         47.232         37.340         29.067         22.586         17.587         13.662         10.478
          7.900          5.889          4.326          3.117          2.200          1.554          1.124          0.834          0.634          0.491
          0.387          0.310          0.251          0.204          0.167          0.137          0.113          0.093          0.077          0.065
          0.054          0.046          0.039          0.033          0.028          0.024          0.020          0.017          0.015          0.013
          0.011          0.010          0.008          0.007          0.006          0.005          0.004          0.004          0.003          0.003
          0.002          0.002          0.002          0.001          0.001          0.001          0.001          0.000          0.000          0.000

          0.000          0.000          0.001          0.003          0.009          0.022          0.049          0.096          0.172          0.291
          0.468          0.720          1.073          1.558          2.211          3.050          4.145          5.586          7.489         10.048
         13.543         18.623         25.914         38.557         60.153         90.884        114.144        119.766        107.699         86.333
         66.844         52.674         42.482         34.162         27.258         21.528         16.997         13.430         10.548          8.142
          6.157          4.592          3.370          2.423          1.713          1.220          0.888          0.662          0.503          0.390
          0.307          0.246          0.199          0.162          0.133          0.109          0.090          0.074          0.061          0.051
          0.043          0.036          0.030          0.026          0.022          0.019          0.016          0.013          0.011          0.010
          0.008          0.007          0.006          0.005          0.004          0.004          0.003          0.002          0.002          0.002
          0.001          0.001          0.001          0.001          0.001          0.000          0.000          0.000          0.000          0.000

          0.000          0.000          0.000          0.001          0.003          0.010          0.025          0.053          0.102          0.180
          0.299          0.473          0.718          1.063          1.527          2.135          2.936          3.990          5.389          7.228
          9.752         13.222         18.454         26.047         37.194         51.258         61.845         66.074         62.615         54.637
         45.144         36.978         30.257         24.713         20.031         16.015         12.760         10.142          7.988          6.175
          4.672          3.482          2.550          1.830          1.301          0.933          0.683          0.509          0.386          0.298
          0.234          0.186          0.150          0.122          0.101          0.083          0.068          0.056          0.046          0.038
          0.032          0.027          0.022          0.019          0.016          0.013          0.011          0.009          0.008          0.006
          0.005          0.005          0.004          0.003          0.002          0.002          0.002          0.001          0.001          0.001
          0.001          0.001          0.000          0.000          0.000          0.000          0.000          0.000          0.000          0.000

          0.000          0.000          0.000          0.000          0.001          0.004          0.011          0.026          0.054          0.102
          0.178          0.290          0.452          0.683          0.994          1.411          1.951          2.687          3.641          4.936
          6.691          9.209         12.799         17.819         24.024         30.758         36.007         38.631         38.139         35.238
         30.772         26.119         21.847         18.091         14.779         11.898          9.535          7.609          6.004          4.641
          3.506          2.603          1.897          1.357          0.968          0.695          0.508          0.377          0.285          0.219
          0.170          0.135          0.108          0.088          0.072          0.060          0.049          0.040          0.033          0.027
          0.022          0.019          0.015          0.013          0.011          0.009          0.007          0.006          0.005          0.004
          0.003          0.003          0.002          0.002          0.001          0.001          0.001          0.001          0.000          0.000
          0.000          0.000          0.000          0.000          0.000          0.000          0.000          0.000          0.000          0.000

          0.000          0.000          0.000          0.000          0.000          0.001          0.004          0.010          0.025          0.052
          0.097          0.166          0.268          0.412          0.615          0.881          1.241          1.725          2.375          3.277
          4.533          6.354          8.812         11.966         15.746         19.400         22.346         24.049         24.306         23.220
         21.023         18.381         15.719         13.212         10.893          8.814          7.073          5.636          4.430          3.407
          2.555          1.879          1.355          0.965          0.688          0.494          0.359          0.266          0.199          0.152
          0.117          0.092          0.073          0.059          0.048          0.040          0.033          0.027          0.022          0.018
          0.015          0.012          0.010          0.008          0.006          0.005          0.004          0.003          0.003          0.002
          0.002          0.001          0.001          0.001          0.001          0.000          0.000          0.000          0.000          0.000
          0.000          0.000          0.000          0.000          0.000          0.000          0.000          0.000          0.000          0.000

          0.000          0.000          0.000          0.000          0.000          0.000          0.001          0.003          0.010          0.023
          0.048          0.087          0.148          0.235          0.361          0.525          0.753          1.057          1.486          2.080
          2.943          4.159          5.748          7.722         10.002         12.189         14.006         15.184         15.637         15.317
         14.268         12.794         11.153          9.495          7.892          6.408          5.133          4.067          3.172          2.417
          1.792          1.299          0.925          0.653          0.462          0.329          0.238          0.174          0.129          0.096
          0.073          0.057          0.044          0.035          0.029          0.024          0.019          0.015          0.012          0.010
          0.008          0.006          0.005          0.004          0.003          0.003          0.002          0.001          0.001          0.001
          0.001          0.000          0.000          0.000          0.000          0.000          0.000          0.000          0.000          0.000
          0.000          0.000          0.000          0.000          0.000          0.000          0.000          0.000          0.000          0.000

          0.000          0.000          0.000          0.000          0.000          0.000          0.000          0.001          0.003          0.008
          0.020          0.041          0.074          0.126          0.198          0.299          0.434          0.625          0.891          1.273
          1.824          2.593          3.589          4.811          6.207          7.571          8.725          9.519          9.912          9.863
          9.357          8.528          7.529          6.471          5.414          4.404          3.511          2.753          2.118          1.589
          1.156          0.821          0.573          0.398          0.278          0.196          0.139          0.100          0.073          0.054
          0.040          0.030          0.023          0.018          0.014          0.012          0.009          0.007          0.006          0.005
          0.004          0.003          0.002          0.002          0.001          0.001          0.001          0.001          0.000          0.000
          0.000          0.000          0.000          0.000          0.000          0.000          0.000          0.000          0.000          0.000
          0.000          0.000          0.000          0.000          0.000          0.000          0.000          0.000          0.000          0.000

          0.000          0.000          0.000          0.000          0.000          0.000          0.000          0.000          0.001          0.002
          0.006          0.016          0.033          0.059          0.100          0.156          0.235          0.345          0.503          0.728
          1.051          1.498          2.078          2.791          3.608          4.432          5.141          5.653          5.938          5.977
          5.748          5.298          4.719          4.080          3.421          2.776          2.193          1.695          1.280          0.939
          0.667          0.462          0.316          0.216          0.148          0.103          0.072          0.051          0.037          0.027
          0.019          0.014          0.011          0.008          0.006          0.005          0.004          0.003          0.002          0.002
          0.001          0.001          0.001          0.001          0.000          0.000          0.000          0.000          0.000          0.000
          0.000          0.000          0.000          0.000          0.000          0.000          0.000          0.000          0.000          0.000
          0.000          0.000          0.000          0.000          0.000          0.000          0.000          0.000          0.000          0.000

          0.000          0.000          0.000          0.000          0.000          0.000          0.000          0.000          0.000          0.000
          0.001          0.004          0.011          0.024          0.044          0.073          0.115          0.176          0.262          0.383
          0.553          0.784          1.087          1.459          1.893          2.344          2.737          3.033          3.214          3.276
          3.192          2.975          2.668          2.310          1.932          1.555          1.211          0.916          0.673          0.480
          0.331          0.223          0.149          0.099          0.067          0.046          0.032          0.022          0.016          0.011
          0.008          0.006          0.004          0.003          0.002          0.002          0.001          0.001          0.001          0.001
          0.000          0.000          0.000          0.000          0.000          0.000          0.000          0.000          0.000          0.000
          0.000          0.000          0.000          0.000          0.000          0.000          0.000          0.000          0.000          0.000
          0.000          0.000          0.000          0.000          0.000          0.000          0.000          0.000          0.000          0.000

          0.000          0.000          0.000          0.000          0.000          0.000          0.000          0.000          0.000          0.000
          0.000          0.001          0.002          0.006          0.014          0.028          0.050          0.080          0.124          0.184
          0.265          0.370          0.504          0.668          0.860          1.064          1.248          1.394          1.494          1.546
          1.529          1.437          1.288          1.106          0.913          0.723          0.549          0.403          0.287          0.198
          0.133          0.088          0.057          0.037          0.024          0.016          0.011          0.008          0.005          0.004
          0.003          0.002          0.001          0.001          0.001          0.001          0.000          0.000          0.000          0.000
          0.000          0.000          0.000          0.000          0.000          0.000          0.000          0.000          0.000          0.000
          0.000          0.000          0.000          0.000          0.000          0.000          0.000          0.000          0.000          0.000
          0.000          0.000          0.000          0.000          0.000          0.000          0.000          0.000          0.000          0.000

          0.000          0.000          0.000          0.000          0.000          0.000          0.000          0.000          0.000          0.000
          0.000          0.000          0.000          0.001          0.003          0.007          0.016          0.031          0.052          0.081
          0.117          0.161          0.212          0.271          0.334          0.400          0.459          0.509          0.545          0.567
          0.565          0.529          0.471          0.399          0.325          0.254          0.190          0.136          0.095          0.064
          0.042          0.027          0.017          0.010          0.007          0.004          0.003          0.002          0.001          0.001
          0.001          0.000          0.000          0.000          0.000          0.000          0.000          0.000          0.000          0.000
          0.000          0.000          0.000          0.000          0.000          0.000          0.000          0.000          0.000          0.000
          0.000          0.000          0.000          0.000          0.000          0.000          0.000          0.000          0.000          0.000
          0.000          0.000          0.000          0.000          0.000          0.000          0.000          0.000          0.000          0.000

          0.000          0.000          0.000          0.000          0.000          0.000          0.000          0.000          0.000          0.000
          0.000          0.000          0.000          0.000          0.000          0.001          0.003          0.008          0.017          0.029
          0.045          0.062          0.082          0.102          0.121          0.139          0.153          0.163          0.168          0.168
          0.163          0.151          0.133          0.113          0.092          0.071          0.053          0.038          0.026          0.017
          0.011          0.006          0.004          0.002          0.001          0.001          0.000          0.000          0.000          0.000
          0.000          0.000          0.000          0.000          0.000          0.000          0.000          0.000          0.000          0.000
          0.000          0.000          0.000          0.000          0.000          0.000          0.000          0.000          0.000          0.000
          0.000          0.000          0.000          0.000          0.000          0.000          0.000          0.000          0.000          0.000
          0.000          0.000          0.000          0.000          0.000          0.000          0.000          0.000          0.000          0.000

          0.000          0.000          0.000          0.000          0.000          0.000          0.000          0.000          0.000          0.000
          0.000          0.000          0.000          0.000          0.000          0.000          0.000          0.001          0.003          0.007
          0.014          0.022          0.030          0.038          0.046          0.054          0.060          0.064          0.066          0.066
          0.065          0.061          0.055          0.048          0.040          0.033          0.025          0.018          0.012          0.008
          0.005          0.003          0.001          0.001          0.000          0.000          0.000          0.000          0.000          0.000
          0.000          0.000          0.000          0.000          0.000          0.000          0.000          0.000          0.000          0.000
          0.000          0.000          0.000          0.000          0.000          0.000          0.000          0.000          0.000          0.000
          0.000          0.000          0.000          0.000          0.000          0.000          0.000          0.000          0.000          0.000
          0.000          0.000          0.000          0.000          0.000          0.000          0.000          0.000          0.000          0.000

          0.000          0.000          0.000          0.000          0.000          0.000          0.000          0.000          0.000          0.000
          0.000          0.000          0.000          0.000          0.000          0.000          0.000          0.000          0.000          0.001
          0.003          0.007          0.011          0.016          0.021          0.026          0.031          0.035          0.038          0.040
          0.040          0.039          0.037          0.033          0.028          0.023          0.018          0.013          0.009          0.006
          0.004          0.002          0.001          0.000          0.000          0.000          0.000          0.000          0.000          0.000
          0.000          0.000          0.000          0.000          0.000          0.000          0.000          0.000          0.000          0.000
          0.000          0.000          0.000          0.000          0.000          0.000          0.000          0.000          0.000          0.000
          0.000          0.000          0.000          0.000          0.000          0.000          0.000          0.000          0.000          0.000
          0.000          0.000          0.000          0.000          0.000          0.000          0.000          0.000          0.000          0.000

          0.000          0.000          0.000          0.000          0.000          0.000          0.000          0.000          0.000          0.000
          0.000          0.000          0.000          0.000          0.000          0.000          0.000          0.000          0.000          0.000
          0.000          0.002          0.004          0.007          0.011          0.015          0.018          0.022          0.024          0.026
          0.027          0.027          0.026          0.023          0.020          0.017          0.013          0.010          0.007          0.004
          0.003          0.001          0.001          0.000          0.000          0.000          0.000          0.000          0.000          0.000
          0.000          0.000          0.000          0.000          0.000          0.000          0.000          0.000          0.000          0.000
          0.000          0.000          0.000          0.000          0.000          0.000          0.000          0.000          0.000          0.000
          0.000          0.000          0.000          0.000          0.000          0.000          0.000          0.000          0.000          0.000
          0.000          0.000          0.000          0.000          0.000          0.000          0.000          0.000          0.000          0.000

          0.000          0.000          0.000          0.000          0.000          0.000          0.000          0.000          0.000          0.000
          0.000          0.000          0.000          0.000          0.000          0.000          0.000          0.000          0.000          0.000
          0.000          0.000          0.001          0.002          0.005          0.007          0.010          0.013          0.015          0.016
          0.017          0.018          0.017          0.016          0.014          0.011          0.009          0.007          0.004          0.003
          0.002          0.001          0.000          0.000          0.000          0.000          0.000          0.000          0.000          0.000
          0.000          0.000          0.000          0.000          0.000          0.000          0.000          0.000          0.000          0.000
          0.000          0.000          0.000          0.000          0.000          0.000          0.000          0.000          0.000          0.000
          0.000          0.000          0.000          0.000          0.000          0.000          0.000          0.000          0.000          0.000
          0.000          0.000          0.000          0.000          0.000          0.000          0.000          0.000          0.000          0.000

          0.000          0.000          0.000          0.000          0.000          0.000          0.000          0.000          0.000          0.000
          0.000          0.000          0.000          0.000          0.000          0.000          0.000          0.000          0.000          0.000
          0.000          0.000          0.000          0.001          0.002          0.003          0.005          0.006          0.008          0.009
          0.010          0.011          0.011          0.010          0.009          0.007          0.006          0.004          0.003          0.002
          0.001          0.000          0.000          0.000          0.000          0.000          0.000          0.000          0.000          0.000
          0.000          0.000          0.000          0.000          0.000          0.000          0.000          0.000          0.000          0.000
          0.000          0.000          0.000          0.000          0.000          0.000          0.000          0.000          0.000          0.000
          0.000          0.000          0.000          0.000          0.000          0.000          0.000          0.000          0.000          0.000
          0.000          0.000          0.000          0.000          0.000          0.000          0.000          0.000          0.000          0.000

          0.000          0.000          0.000          0.000          0.000          0.000          0.000          0.000          0.000          0.000
          0.000          0.000          0.000          0.000          0.000          0.000          0.000          0.000          0.000          0.000
          0.000          0.000          0.000          0.000          0.000          0.001          0.002          0.003          0.004          0.005
          0.006          0.006          0.006          0.006          0.005          0.004          0.003          0.002          0.001          0.001
          0.000          0.000          0.000          0.000          0.000          0.000          0.000          0.000          0.000          0.000
          0.000          0.000          0.000          0.000          0.000          0.000          0.000          0.000          0.000          0.000
          0.000          0.000          0.000          0.000          0.000          0.000          0.000          0.000          0.000          0.000
          0.000          0.000          0.000          0.000          0.000          0.000          0.000          0.000          0.000          0.000
          0.000          0.000          0.000          0.000          0.000          0.000          0.000          0.000          0.000          0.000

          0.000          0.000          0.000          0.000          0.000          0.000          0.000          0.000          0.000          0.000
          0.000          0.000          0.000          0.000          0.000          0.000          0.000          0.000          0.000          0.000
          0.000          0.000          0.000          0.000          0.000          0.000          0.000          0.001          0.002          0.002
          0.003          0.003          0.003          0.003          0.003          0.002          0.002          0.001          0.001          0.000
          0.000          0.000          0.000          0.000          0.000          0.000          0.000          0.000          0.000          0.000
          0.000          0.000          0.000          0.000          0.000          0.000          0.000          0.000          0.000          0.000
          0.000          0.000          0.000          0.000          0.000          0.000          0.000          0.000          0.000          0.000
          0.000          0.000          0.000          0.000          0.000          0.000          0.000          0.000          0.000          0.000
          0.000          0.000          0.000          0.000          0.000          0.000          0.000          0.000          0.000          0.000

          0.000          0.000          0.000          0.000          0.000          0.000          0.000          0.000          0.000          0.000
          0.000          0.000          0.000          0.000          0.000          0.000          0.000          0.000          0.000          0.000
          0.000          0.000          0.000          0.000          0.000          0.000          0.000          0.000          0.000          0.001
          0.001          0.001          0.001          0.001          0.001          0.001          0.001          0.000          0.000          0.000
          0.000          0.000          0.000          0.000          0.000          0.000          0.000          0.000          0.000          0.000
          0.000          0.000          0.000          0.000          0.000          0.000          0.000          0.000          0.000          0.000
          0.000          0.000          0.000          0.000          0.000          0.000          0.000          0.000          0.000          0.000
          0.000          0.000          0.000          0.000          0.000          0.000          0.000          0.000          0.000          0.000
          0.000          0.000          0.000          0.000          0.000          0.000          0.000          0.000          0.000          0.000

