NCOLS    90
NROWS    50
XLLCORNER         225.000
YLLCORNER          32.500
CELLSIZE           0.500          0.500
NODATA_VALUE  0.000
          0.000          0.000          0.000          0.000          0.000          0.000          0.000          0.000          0.001          0.003
          0.006          0.009          0.014          0.019          0.025          0.032          0.040          0.047          0.054          0.060
          0.069          0.079          0.091          0.100          0.108          0.118          0.130          0.146          0.162          0.176
          0.191          0.211          0.236          0.265          0.296          0.325          0.358          0.395          0.436          0.473
          0.502          0.524          0.539          0.542          0.528          0.502          0.472          0.441          0.407          0.371
          0.334          0.301          0.270          0.241          0.211          0.183          0.159          0.137          0.117          0.098
          0.081          0.067          0.055          0.044          0.034          0.026          0.020          0.016          0.012          0.009
          0.006          0.005          0.003          0.003          0.002          0.001          0.001          0.001          0.000          0.000
          0.000          0.000          0.000          0.000          0.000          0.000          0.000          0.000          0.000          0.000

          0.000          0.000          0.000          0.000          0.000          0.000          0.000          0.000          0.001          0.003
          0.006          0.010          0.015          0.022          0.029          0.037          0.048          0.058          0.068          0.077
          0.088          0.101          0.117          0.133          0.146          0.160          0.178          0.201          0.226          0.252
          0.280          0.314          0.355          0.405          0.458          0.511          0.567          0.630          0.697          0.757
          0.801          0.829          0.841          0.833          0.801          0.755          0.707          0.659          0.610          0.557
          0.504          0.456          0.412          0.369          0.326          0.285          0.251          0.221          0.193          0.166
          0.143          0.123          0.107          0.092          0.078          0.066          0.056          0.047          0.039          0.033
          0.027          0.022          0.018          0.014          0.011          0.009          0.007          0.005          0.004          0.003
          0.002          0.002          0.001          0.001          0.001          0.000          0.000          0.000          0.000          0.000

          0.000          0.000          0.000          0.000          0.000          0.000          0.000          0.001          0.002          0.004
          0.007          0.012          0.018          0.025          0.034          0.045          0.058          0.073          0.088          0.101
          0.116          0.135          0.158          0.183          0.206          0.230          0.258          0.293          0.335          0.382
          0.433          0.491          0.561          0.643          0.735          0.828          0.923          1.025          1.130          1.221
          1.279          1.303          1.300          1.265          1.203          1.126          1.050          0.978          0.904          0.827
          0.749          0.679          0.614          0.551          0.488          0.428          0.378          0.334          0.293          0.254
          0.219          0.191          0.167          0.145          0.124          0.106          0.092          0.080          0.069          0.059
          0.051          0.043          0.037          0.032          0.027          0.022          0.019          0.016          0.013          0.011
          0.009          0.007          0.005          0.004          0.003          0.002          0.002          0.001          0.001          0.001

          0.000          0.000          0.000          0.000          0.000          0.000          0.001          0.001          0.002          0.004
          0.008          0.013          0.020          0.029          0.040          0.053          0.069          0.089          0.111          0.131
          0.152          0.178          0.211          0.250          0.291          0.330          0.375          0.431          0.498          0.579
          0.668          0.765          0.878          1.011          1.159          1.308          1.458          1.612          1.761          1.877
          1.934          1.939          1.899          1.820          1.714          1.596          1.485          1.380          1.275          1.163
          1.051          0.951          0.859          0.770          0.681          0.598          0.528          0.467          0.411          0.358
          0.310          0.271          0.239          0.209          0.181          0.156          0.136          0.119          0.104          0.090
          0.078          0.067          0.059          0.051          0.044          0.038          0.032          0.028          0.024          0.020
          0.017          0.014          0.012          0.010          0.008          0.006          0.005          0.004          0.003          0.002

          0.000          0.000          0.000          0.000          0.000          0.000          0.001          0.002          0.003          0.005
          0.009          0.014          0.022          0.033          0.046          0.062          0.082          0.108          0.139          0.170
          0.201          0.239          0.287          0.346          0.412          0.479          0.553          0.643          0.752          0.886
          1.034          1.193          1.375          1.581          1.804          2.029          2.253          2.469          2.657          2.779
          2.814          2.771          2.669          2.528          2.366          2.195          2.037          1.889          1.737          1.576
          1.414          1.270          1.140          1.014          0.891          0.778          0.684          0.604          0.530          0.462
          0.401          0.352          0.311          0.274          0.239          0.208          0.183          0.162          0.143          0.125
          0.110          0.096          0.085          0.075          0.066          0.058          0.051          0.044          0.039          0.034
          0.029          0.025          0.022          0.018          0.015          0.013          0.011          0.009          0.007          0.006

          0.000          0.000          0.000          0.000          0.000          0.000          0.001          0.002          0.003          0.006
          0.010          0.015          0.024          0.037          0.054          0.073          0.097          0.130          0.173          0.221
          0.269          0.324          0.395          0.484          0.591          0.704          0.825          0.973          1.151          1.366
          1.604          1.862          2.142          2.445          2.768          3.097          3.414          3.695          3.901          4.000
          3.980          3.858          3.668          3.447          3.214          2.977          2.756          2.544          2.327          2.098
          1.868          1.663          1.478          1.304          1.138          0.988          0.864          0.759          0.665          0.578
          0.502          0.442          0.391          0.345          0.304          0.268          0.240          0.217          0.196          0.178
          0.162          0.147          0.135          0.123          0.113          0.103          0.093          0.084          0.075          0.067
          0.060          0.053          0.047          0.040          0.035          0.030          0.025          0.021          0.018          0.015

          0.000          0.000          0.000          0.000          0.000          0.000          0.001          0.002          0.004          0.006
          0.011          0.017          0.027          0.042          0.062          0.087          0.117          0.159          0.216          0.287
          0.361          0.442          0.549          0.682          0.850          1.036          1.239          1.481          1.764          2.101
          2.479          2.879          3.292          3.728          4.187          4.646          5.069          5.399          5.587          5.620
          5.505          5.264          4.959          4.639          4.316          3.993          3.685          3.386          3.080          2.760
          2.443          2.159          1.906          1.674          1.455          1.260          1.101          0.968          0.852          0.749
          0.660          0.592          0.536          0.489          0.446          0.408          0.376          0.349          0.324          0.300
          0.278          0.257          0.237          0.218          0.200          0.184          0.167          0.152          0.137          0.124
          0.111          0.099          0.088          0.077          0.068          0.059          0.051          0.044          0.037          0.032

          0.000          0.000          0.000          0.000          0.000          0.000          0.001          0.002          0.004          0.007
          0.012          0.019          0.030          0.047          0.073          0.104          0.144          0.198          0.274          0.373
          0.484          0.606          0.765          0.966          1.229          1.530          1.860          2.241          2.680          3.204
          3.778          4.365          4.967          5.590          6.219          6.829          7.345          7.681          7.795          7.713
          7.442          7.033          6.592          6.152          5.717          5.281          4.859          4.445          4.021          3.583
          3.155          2.780          2.451          2.156          1.887          1.653          1.467          1.315          1.185          1.070
          0.971          0.892          0.825          0.763          0.705          0.650          0.601          0.557          0.515          0.475
          0.437          0.402          0.369          0.338          0.309          0.283          0.257          0.233          0.211          0.190
          0.171          0.154          0.137          0.121          0.107          0.095          0.083          0.072          0.062          0.055

          0.000          0.000          0.000          0.000          0.000          0.000          0.001          0.002          0.004          0.008
          0.013          0.021          0.033          0.054          0.085          0.125          0.176          0.247          0.347          0.484
          0.645          0.826          1.064          1.368          1.770          2.238          2.750          3.337          4.019          4.803
          5.636          6.493          7.360          8.217          9.039          9.791         10.354         10.619         10.606         10.329
          9.818          9.224          8.628          8.052          7.481          6.901          6.332          5.770          5.200          4.629
          4.091          3.624          3.221          2.866          2.546          2.270          2.049          1.866          1.706          1.560
          1.428          1.312          1.207          1.110          1.019          0.933          0.856          0.786          0.721          0.659
          0.602          0.550          0.501          0.456          0.414          0.376          0.341          0.308          0.277          0.249
          0.225          0.202          0.180          0.161          0.143          0.127          0.113          0.099          0.087          0.078

          0.000          0.000          0.000          0.000          0.000          0.000          0.001          0.002          0.004          0.008
          0.014          0.023          0.037          0.061          0.097          0.147          0.212          0.303          0.432          0.616
          0.844          1.110          1.457          1.907          2.500          3.200          3.982          4.881          5.902          7.040
          8.245          9.465         10.653         11.782         12.813         13.678         14.200         14.325         14.110         13.525
         12.742         11.955         11.207         10.488          9.755          9.004          8.264          7.526          6.788          6.064
          5.389          4.800          4.295          3.858          3.472          3.135          2.844          2.585          2.348          2.128
          1.927          1.750          1.592          1.448          1.315          1.193          1.084          0.985          0.895          0.811
          0.734          0.665          0.601          0.543          0.491          0.443          0.399          0.359          0.322          0.289
          0.260          0.233          0.209          0.186          0.166          0.148          0.132          0.117          0.104          0.094

          0.000          0.000          0.000          0.000          0.000          0.000          0.001          0.002          0.004          0.008
          0.015          0.025          0.041          0.068          0.109          0.169          0.250          0.364          0.530          0.770
          1.083          1.459          1.950          2.599          3.455          4.486          5.654          6.990          8.489         10.121
         11.801         13.455         15.032         16.484         17.734         18.628         19.008         18.953         18.422         17.462
         16.430         15.484         14.624         13.770         12.853         11.882         10.886          9.875          8.887          7.957
          7.123          6.399          5.766          5.193          4.665          4.183          3.751          3.363          3.014          2.698
          2.416          2.167          1.946          1.748          1.570          1.408          1.265          1.136          1.021          0.915
          0.820          0.736          0.660          0.592          0.531          0.476          0.427          0.383          0.344          0.308
          0.277          0.249          0.223          0.199          0.178          0.160          0.143          0.127          0.113          0.103

          0.000          0.000          0.000          0.000          0.000          0.000          0.001          0.002          0.004          0.009
          0.015          0.027          0.044          0.075          0.123          0.195          0.295          0.439          0.649          0.959
          1.374          1.889          2.571          3.490          4.698          6.169          7.856          9.789         11.927         14.179
         16.432         18.618         20.666         22.489         23.938         24.737         24.947         24.628         23.675         22.426
         21.236         20.217         19.239         18.144         16.896         15.549         14.173         12.843         11.601         10.459
          9.409          8.437          7.549          6.733          5.990          5.317          4.713          4.173          3.692          3.267
          2.894          2.566          2.277          2.021          1.792          1.589          1.409          1.251          1.110          0.984
          0.872          0.773          0.687          0.611          0.543          0.484          0.432          0.386          0.345          0.310
          0.278          0.251          0.226          0.203          0.182          0.164          0.148          0.133          0.118          0.108

          0.000          0.000          0.000          0.000          0.000          0.000          0.001          0.002          0.004          0.009
          0.016          0.029          0.048          0.083          0.139          0.225          0.349          0.528          0.792          1.191
          1.729          2.419          3.339          4.603          6.263          8.294         10.637         13.301         16.204         19.195
         22.142         24.972         27.586         29.834         31.411         32.034         32.049         31.337         30.065         28.676
         27.407         26.248         24.956         23.419         21.702         19.931         18.204         16.520         14.886         13.349
         11.940         10.641          9.438          8.330          7.330          6.440          5.647          4.941          4.322          3.783
          3.314          2.905          2.545          2.229          1.950          1.704          1.489          1.300          1.134          0.988
          0.860          0.750          0.656          0.575          0.505          0.446          0.397          0.355          0.318          0.287
          0.260          0.236          0.215          0.195          0.177          0.160          0.145          0.132          0.119          0.109

          0.000          0.000          0.000          0.000          0.000          0.000          0.001          0.002          0.004          0.009
          0.017          0.032          0.054          0.094          0.159          0.261          0.412          0.631          0.960          1.464
          2.149          3.053          4.280          5.982          8.199         10.890         13.983         17.469         21.241         25.092
         28.859         32.452         35.743         38.456         39.981         40.451         40.176         39.096         37.706         36.201
         34.777         33.304         31.560         29.546         27.331         25.040         22.715         20.451         18.295         16.296
         14.482         12.808         11.246          9.816          8.539          7.418          6.428          5.557          4.798          4.143
          3.580          3.088          2.656          2.277          1.947          1.660          1.412          1.199          1.016          0.860
          0.729          0.622          0.533          0.459          0.398          0.347          0.308          0.276          0.250          0.227
          0.209          0.194          0.181          0.168          0.156          0.145          0.134          0.123          0.113          0.105

          0.000          0.000          0.000          0.000          0.000          0.000          0.001          0.002          0.004          0.009
          0.018          0.036          0.062          0.109          0.184          0.303          0.485          0.749          1.155          1.782
          2.644          3.813          5.428          7.672         10.547         13.970         17.872         22.250         26.972         31.788
         36.494         40.989         45.057         48.115         49.532         49.849         49.128         47.874         46.373         44.864
         43.274         41.473         39.234         36.460         33.361         30.277         27.267         24.364         21.621         19.111
         16.849         14.750         12.797         11.018          9.446          8.085          6.898          5.858          4.955          4.182
          3.523          2.956          2.465          2.046          1.692          1.393          1.142          0.933          0.760          0.619
          0.506          0.418          0.348          0.294          0.251          0.219          0.195          0.177          0.162          0.151
          0.142          0.137          0.132          0.128          0.123          0.118          0.112          0.107          0.100          0.094

          0.000          0.000          0.000          0.000          0.000          0.000          0.001          0.002          0.005          0.011
          0.021          0.042          0.073          0.129          0.215          0.357          0.574          0.893          1.394          2.170
          3.245          4.739          6.832          9.716         13.322         17.534         22.333         27.694         33.475         39.359
         45.133         50.602         55.325         58.388         59.774         59.673         58.730         57.508         56.377         55.027
         53.283         50.818         47.436         43.507         39.405         35.423         31.639         28.060         24.716         21.653
         18.868         16.288         13.897         11.744          9.860          8.248          6.856          5.652          4.628          3.772
          3.065          2.474          1.975          1.559          1.219          0.947          0.730          0.563          0.436          0.340
          0.268          0.215          0.176          0.147          0.125          0.109          0.099          0.092          0.087          0.083
          0.081          0.081          0.082          0.083          0.083          0.084          0.084          0.084          0.081          0.078

          0.000          0.000          0.000          0.000          0.000          0.000          0.001          0.002          0.005          0.013
          0.025          0.050          0.086          0.151          0.253          0.421          0.681          1.071          1.697          2.660
          4.001          5.893          8.545         12.133         16.519         21.560         27.301         33.724         40.642         47.656
         54.376         60.476         65.320         68.408         69.692         69.455         68.861         68.717         68.322         67.028
         64.371         60.476         55.666         50.378         45.129         40.276         35.772         31.532         27.506         23.759
         20.365         17.236         14.362         11.801          9.606          7.770          6.228          4.938          3.875          3.010
          2.308          1.736          1.281          0.934          0.676          0.486          0.346          0.246          0.175          0.125
          0.091          0.068          0.054          0.044          0.038          0.034          0.033          0.033          0.033          0.034
          0.035          0.038          0.042          0.045          0.048          0.052          0.055          0.058          0.060          0.060

          0.000          0.000          0.000          0.000          0.000          0.000          0.001          0.002          0.006          0.014
          0.029          0.056          0.097          0.171          0.290          0.488          0.797          1.276          2.056          3.245
          4.901          7.251         10.508         14.807         19.965         25.808         32.451         39.852         47.729         55.565
         62.778         69.093         73.937         76.975         78.241         78.834         80.537         82.114         82.145         79.745
         75.346         69.506         62.980         56.369         50.190         44.605         39.390         34.319         29.416         24.891
         20.795         17.084         13.772         10.916          8.540          6.611          5.023          3.718          2.685          1.904
          1.330          0.909          0.606          0.395          0.253          0.160          0.100          0.062          0.039          0.025
          0.017          0.013          0.010          0.008          0.007          0.006          0.006          0.006          0.007          0.007
          0.008          0.010          0.013          0.017          0.021          0.026          0.031          0.035          0.039          0.041

          0.000          0.000          0.000          0.000          0.000          0.000          0.001          0.003          0.007          0.016
          0.031          0.061          0.108          0.191          0.330          0.559          0.927          1.514          2.468          3.912
          5.932          8.774         12.653         17.648         23.537         30.096         37.459         45.553         54.079         62.331
         69.628         75.645         80.127         83.301         86.213         90.908         95.686         98.121         96.596         91.655
         84.514         76.562         68.606         61.033         54.065         47.651         41.414         35.341         29.561         24.255
         19.577         15.480         11.936          8.931          6.485          4.576          3.136          2.083          1.342          0.841
          0.514          0.306          0.179          0.102          0.057          0.032          0.017          0.009          0.005          0.003
          0.002          0.001          0.001          0.001          0.001          0.000          0.000          0.001          0.001          0.001
          0.001          0.002          0.002          0.003          0.005          0.008          0.011          0.016          0.021          0.024

          0.000          0.000          0.000          0.000          0.000          0.000          0.001          0.003          0.007          0.017
          0.034          0.067          0.120          0.214          0.375          0.639          1.083          1.795          2.943          4.668
          7.087         10.445         14.962         20.674         27.250         34.444         42.308         50.823         59.591         67.669
         74.378         79.617         84.527         90.742        100.015        109.286        114.921        114.716        109.178        100.412
         90.561         80.902         71.882         63.446         55.585         48.123         40.982         33.944         27.351         21.471
         16.401         12.081          8.510          5.740          3.706          2.295          1.352          0.762          0.417          0.229
          0.126          0.068          0.035          0.017          0.008          0.004          0.001          0.001          0.000          0.000
          0.000          0.000          0.000          0.000          0.000          0.000          0.000          0.000          0.000          0.000
          0.000          0.000          0.000          0.000          0.001          0.001          0.002          0.004          0.007          0.011

          0.000          0.000          0.000          0.000          0.000          0.000          0.001          0.003          0.008          0.018
          0.037          0.075          0.137          0.247          0.435          0.748          1.283          2.139          3.498          5.529
          8.353         12.231         17.418         23.806         31.011         38.783         47.070         55.817         65.018         72.802
         78.516         84.069         93.133        108.118        123.954        133.415        134.500        127.894        116.714        103.946
         92.145         81.715         72.193         63.029         54.279         45.808         37.389         29.407         22.207         16.114
         11.240          7.445          4.617          2.641          1.410          0.711          0.351          0.175          0.091          0.048
          0.026          0.013          0.005          0.002          0.000          0.000          0.000          0.000          0.000          0.000
          0.000          0.000          0.000          0.000          0.000          0.000          0.000          0.000          0.000          0.000
          0.000          0.000          0.000          0.000          0.000          0.000          0.000          0.000          0.001          0.003

          0.000          0.000          0.000          0.000          0.000          0.000          0.001          0.003          0.009          0.020
          0.042          0.086          0.157          0.286          0.505          0.880          1.515          2.516          4.073          6.386
          9.576         13.885         19.560         26.399         34.093         42.404         52.805         66.383         78.325         84.634
         89.670         98.223        116.635        138.970        153.566        155.266        146.813        131.694        115.615        101.700
         90.425         80.055         69.910         59.886         49.661         39.675         30.368         22.175         15.396         10.093
          6.166          3.447          1.740          0.815          0.368          0.174          0.087          0.047          0.026          0.014
          0.007          0.002          0.000          0.000          0.000          0.000          0.000          0.000          0.000          0.000
          0.000          0.000          0.000          0.000          0.000          0.000          0.000          0.000          0.000          0.000
          0.000          0.000          0.000          0.000          0.000          0.000          0.000          0.000          0.000          0.000

          0.000          0.000          0.000          0.000          0.000          0.000          0.001          0.004          0.009          0.022
          0.046          0.096          0.175          0.323          0.572          1.008          1.736          2.852          4.553          7.033
         10.345         14.766         20.570         27.652         36.609         49.706         68.923         91.280        105.794        111.684
        118.905        134.915        156.959        171.452        174.238        163.636        143.480        123.907        108.671         96.620
         85.796         75.136         64.112         52.331         40.926         30.660         21.791         14.550          9.005          5.073
          2.596          1.236          0.563          0.272          0.143          0.079          0.044          0.024          0.013          0.006
          0.002          0.001          0.000          0.000          0.000          0.000          0.000          0.000          0.000          0.000
          0.000          0.000          0.000          0.000          0.000          0.000          0.000          0.000          0.000          0.000
          0.000          0.000          0.000          0.000          0.000          0.000          0.000          0.000          0.000          0.000

          0.000          0.000          0.000          0.000          0.000          0.000          0.001          0.004          0.010          0.023
          0.050          0.103          0.191          0.353          0.621          1.099          1.866          3.011          4.728          7.203
         10.441         14.800         20.769         29.557         44.393         67.462         97.704        129.051        145.705        156.825
        172.976        190.918        199.421        193.473        176.291        150.460        127.369        110.597         97.868         87.560
         77.505         66.027         53.501         41.372         30.433         21.062         13.563          8.019          4.309          2.149
          1.067          0.551          0.307          0.179          0.106          0.061          0.034          0.018          0.009          0.004
          0.002          0.000          0.000          0.000          0.000          0.000          0.000          0.000          0.000          0.000
          0.000          0.000          0.000          0.000          0.000          0.000          0.000          0.000          0.000          0.000
          0.000          0.000          0.000          0.000          0.000          0.000          0.000          0.000          0.000          0.000

          0.000          0.000          0.000          0.000          0.000          0.000          0.001          0.004          0.011          0.024
          0.053          0.107          0.198          0.362          0.632          1.116          1.884          3.007          4.680          7.080
         10.193         14.651         21.901         35.895         61.905         97.022        139.007        174.702        191.204        211.839
        234.042        241.144        226.807        194.021        155.210        124.705        106.040         93.896         85.041         76.305
         65.461         53.104         40.851         29.637         20.041         12.525          7.241          3.962          2.123          1.169
          0.676          0.406          0.249          0.154          0.095          0.057          0.033          0.018          0.009          0.004
          0.002          0.001          0.000          0.000          0.000          0.000          0.000          0.000          0.000          0.000
          0.000          0.000          0.000          0.000          0.000          0.000          0.000          0.000          0.000          0.000
          0.000          0.000          0.000          0.000          0.000          0.000          0.000          0.000          0.000          0.000

          0.000          0.000          0.000          0.000          0.000          0.000          0.001          0.004          0.010          0.022
          0.050          0.098          0.186          0.337          0.590          1.050          1.777          2.816          4.342          6.483
          9.298         13.827         23.185         47.111         91.398        152.389        223.205        265.152        278.689        281.258
        277.072        260.621        222.212        168.741        122.914         97.056         86.468         79.464         72.095         62.728
         51.213         39.255         28.200         18.750         11.576          6.824          3.983          2.356          1.415          0.859
          0.532          0.338          0.218          0.142          0.091          0.058          0.035          0.020          0.011          0.005
          0.002          0.001          0.000          0.000          0.000          0.000          0.000          0.000          0.000          0.000
          0.000          0.000          0.000          0.000          0.000          0.000          0.000          0.000          0.000          0.000
          0.000          0.000          0.000          0.000          0.000          0.000          0.000          0.000          0.000          0.000

          0.000          0.000          0.000          0.000          0.000          0.000          0.001          0.003          0.008          0.018
          0.042          0.082          0.161          0.286          0.508          0.907          1.534          2.406          3.665          5.411
          7.764         12.087         23.862         65.840        149.468        267.910        381.092        431.002        411.478        352.544
        287.613        238.269        187.634        133.498         95.712         78.756         73.124         66.823         58.465         48.149
         36.914         26.348         17.504         11.042          6.839          4.267          2.684          1.684          1.054          0.666
          0.433          0.290          0.197          0.134          0.090          0.060          0.038          0.023          0.014          0.007
          0.004          0.002          0.001          0.000          0.000          0.000          0.000          0.000          0.000          0.000
          0.000          0.000          0.000          0.000          0.000          0.000          0.000          0.000          0.000          0.000
          0.000          0.000          0.000          0.000          0.000          0.000          0.000          0.000          0.000          0.000

          0.000          0.000          0.000          0.000          0.000          0.000          0.001          0.002          0.006          0.014
          0.033          0.066          0.132          0.233          0.417          0.742          1.243          1.913          2.869          4.174
          5.972          9.704         23.106         89.322        211.805        429.445        581.470        613.573        520.523        379.087
        261.375        193.924        150.248        108.617         78.861         67.863         61.675         53.574         44.257         34.181
         24.483         16.568         10.905          7.128          4.661          3.041          1.970          1.270          0.825          0.548
          0.375          0.261          0.184          0.129          0.090          0.062          0.042          0.027          0.017          0.010
          0.006          0.003          0.001          0.001          0.000          0.000          0.000          0.000          0.000          0.000
          0.000          0.000          0.000          0.000          0.000          0.000          0.000          0.000          0.000          0.000
          0.000          0.000          0.000          0.000          0.000          0.000          0.000          0.000          0.000          0.000

          0.000          0.000          0.000          0.000          0.000          0.000          0.001          0.002          0.004          0.011
          0.026          0.052          0.104          0.184          0.327          0.573          0.939          1.415          2.074          2.959
          4.174          6.801         18.539         91.471        219.404        548.590        725.011        691.031        517.513        332.908
        211.129        152.934        119.198         86.610         65.534         57.249         49.134         40.320         31.312         22.902
         16.010         11.023          7.555          5.144          3.460          2.302          1.526          1.017          0.688          0.475
          0.335          0.240          0.174          0.126          0.091          0.065          0.046          0.031          0.021          0.013
          0.008          0.005          0.003          0.001          0.001          0.000          0.000          0.000          0.000          0.000
          0.000          0.000          0.000          0.000          0.000          0.000          0.000          0.000          0.000          0.000
          0.000          0.000          0.000          0.000          0.000          0.000          0.000          0.000          0.000          0.000

          0.000          0.000          0.000          0.000          0.000          0.000          0.000          0.001          0.003          0.008
          0.019          0.040          0.078          0.139          0.241          0.412          0.652          0.957          1.361          1.889
          2.614          3.970         10.105         56.912        175.336        530.052        653.164        559.452        376.026        224.526
        145.546        109.259         84.416         64.151         53.407         45.639         37.142         28.927         21.760         15.899
         11.359          8.049          5.649          3.918          2.681          1.818          1.235          0.847          0.589          0.418
          0.303          0.224          0.167          0.125          0.093          0.069          0.051          0.036          0.025          0.017
          0.011          0.007          0.004          0.003          0.002          0.001          0.000          0.000          0.000          0.000
          0.000          0.000          0.000          0.000          0.000          0.000          0.000          0.000          0.000          0.000
          0.000          0.000          0.000          0.000          0.000          0.000          0.000          0.000          0.000          0.000

          0.000          0.000          0.000          0.000          0.000          0.000          0.000          0.001          0.002          0.005
          0.013          0.027          0.053          0.093          0.157          0.261          0.393          0.576          0.799          1.124
          1.580          2.350          4.532         16.786        104.849        184.519        240.671        244.648        189.468        129.305
         95.894         73.643         58.007         49.046         42.607         34.940         27.417         21.069         15.976         11.850
          8.583          6.162          4.388          3.087          2.141          1.473          1.018          0.713          0.510          0.372
          0.277          0.209          0.160          0.123          0.095          0.073          0.055          0.041          0.030          0.021
          0.015          0.010          0.007          0.004          0.003          0.002          0.001          0.001          0.000          0.000
          0.000          0.000          0.000          0.000          0.000          0.000          0.000          0.000          0.000          0.000
          0.000          0.000          0.000          0.000          0.000          0.000          0.000          0.000          0.000          0.000

          0.000          0.000          0.000          0.000          0.000          0.000          0.000          0.000          0.001          0.003
          0.008          0.017          0.032          0.056          0.094          0.151          0.226          0.339          0.471          0.691
          0.976          1.517          2.563          6.194         21.783         67.903        112.854        125.615        105.805         81.938
         64.167         50.901         43.263         38.580         32.891         26.385         20.561         15.856         12.055          8.928
          6.463          4.659          3.342          2.375          1.670          1.170          0.829          0.598          0.440          0.329
          0.249          0.192          0.150          0.118          0.093          0.073          0.057          0.044          0.034          0.025
          0.018          0.013          0.009          0.006          0.004          0.003          0.002          0.001          0.001          0.000
          0.000          0.000          0.000          0.000          0.000          0.000          0.000          0.000          0.000          0.000
          0.000          0.000          0.000          0.000          0.000          0.000          0.000          0.000          0.000          0.000

          0.000          0.000          0.000          0.000          0.000          0.000          0.000          0.000          0.001          0.002
          0.004          0.010          0.019          0.033          0.056          0.087          0.136          0.195          0.283          0.401
          0.575          0.878          1.541          3.119          7.040         16.403         30.078         39.929         43.772         43.187
         39.563         35.781         32.896         29.468         24.801         19.748         15.372         11.840          8.977          6.637
          4.814          3.490          2.528          1.823          1.305          0.933          0.677          0.500          0.377          0.288
          0.222          0.174          0.138          0.111          0.089          0.072          0.058          0.046          0.036          0.028
          0.021          0.016          0.012          0.008          0.006          0.004          0.003          0.002          0.001          0.001
          0.000          0.000          0.000          0.000          0.000          0.000          0.000          0.000          0.000          0.000
          0.000          0.000          0.000          0.000          0.000          0.000          0.000          0.000          0.000          0.000

          0.000          0.000          0.000          0.000          0.000          0.000          0.000          0.000          0.000          0.001
          0.002          0.005          0.010          0.019          0.032          0.051          0.076          0.111          0.154          0.217
          0.309          0.503          0.937          2.022          4.326          8.205         13.541         19.199         23.742         26.443
         26.927         26.150         24.523         21.855         18.324         14.634         11.463          8.885          6.768          5.024
          3.664          2.678          1.964          1.436          1.043          0.757          0.557          0.420          0.322          0.251
          0.197          0.157          0.127          0.104          0.085          0.070          0.057          0.046          0.037          0.030
          0.023          0.018          0.014          0.010          0.008          0.005          0.004          0.002          0.001          0.001
          0.000          0.000          0.000          0.000          0.000          0.000          0.000          0.000          0.000          0.000
          0.000          0.000          0.000          0.000          0.000          0.000          0.000          0.000          0.000          0.000

          0.000          0.000          0.000          0.000          0.000          0.000          0.000          0.000          0.000          0.000
          0.001          0.003          0.006          0.011          0.018          0.030          0.043          0.063          0.086          0.120
          0.176          0.293          0.592          1.342          2.907          5.254          8.309         11.859         15.237         17.733
         18.758         18.570         17.470         15.612         13.174         10.608          8.378          6.536          5.003          3.731
          2.734          2.014          1.491          1.103          0.812          0.597          0.448          0.344          0.270          0.214
          0.172          0.139          0.114          0.095          0.080          0.067          0.056          0.046          0.038          0.031
          0.025          0.020          0.015          0.012          0.009          0.006          0.004          0.003          0.001          0.001
          0.000          0.000          0.000          0.000          0.000          0.000          0.000          0.000          0.000          0.000
          0.000          0.000          0.000          0.000          0.000          0.000          0.000          0.000          0.000          0.000

          0.000          0.000          0.000          0.000          0.000          0.000          0.000          0.000          0.000          0.000
          0.001          0.002          0.003          0.006          0.011          0.017          0.025          0.036          0.047          0.066
          0.094          0.159          0.335          0.791          1.798          3.348          5.370          7.704          9.976         11.740
         12.571         12.554         11.888         10.716          9.139          7.430          5.925          4.664          3.601          2.709
          2.004          1.490          1.115          0.835          0.622          0.465          0.355          0.277          0.221          0.178
          0.145          0.119          0.099          0.084          0.071          0.061          0.052          0.043          0.036          0.030
          0.025          0.020          0.016          0.012          0.009          0.006          0.004          0.002          0.001          0.001
          0.000          0.000          0.000          0.000          0.000          0.000          0.000          0.000          0.000          0.000
          0.000          0.000          0.000          0.000          0.000          0.000          0.000          0.000          0.000          0.000

          0.000          0.000          0.000          0.000          0.000          0.000          0.000          0.000          0.000          0.000
          0.000          0.001          0.002          0.004          0.006          0.010          0.014          0.020          0.027          0.036
          0.052          0.088          0.186          0.446          1.024          1.986          3.251          4.685          6.069          7.195
          7.801          7.876          7.529          6.856          5.929          4.889          3.949          3.142          2.452          1.864
          1.393          1.046          0.791          0.600          0.454          0.344          0.267          0.211          0.171          0.139
          0.115          0.096          0.081          0.069          0.059          0.051          0.044          0.037          0.031          0.026
          0.022          0.018          0.014          0.010          0.008          0.005          0.004          0.002          0.001          0.001
          0.000          0.000          0.000          0.000          0.000          0.000          0.000          0.000          0.000          0.000
          0.000          0.000          0.000          0.000          0.000          0.000          0.000          0.000          0.000          0.000

          0.000          0.000          0.000          0.000          0.000          0.000          0.000          0.000          0.000          0.000
          0.000          0.001          0.001          0.002          0.004          0.006          0.008          0.012          0.015          0.020
          0.028          0.047          0.099          0.237          0.555          1.111          1.848          2.690          3.498          4.179
          4.575          4.659          4.498          4.142          3.633          3.043          2.490          2.005          1.584          1.221
          0.926          0.707          0.543          0.419          0.323          0.249          0.196          0.158          0.129          0.107
          0.089          0.075          0.064          0.055          0.048          0.041          0.036          0.031          0.026          0.022
          0.018          0.015          0.012          0.009          0.007          0.005          0.003          0.002          0.001          0.000
          0.000          0.000          0.000          0.000          0.000          0.000          0.000          0.000          0.000          0.000
          0.000          0.000          0.000          0.000          0.000          0.000          0.000          0.000          0.000          0.000

          0.000          0.000          0.000          0.000          0.000          0.000          0.000          0.000          0.000          0.000
          0.000          0.000          0.001          0.001          0.002          0.003          0.005          0.007          0.008          0.011
          0.015          0.025          0.051          0.121          0.286          0.585          0.984          1.440          1.877          2.254
          2.492          2.569          2.513          2.349          2.096          1.786          1.486          1.215          0.976          0.766
          0.592          0.461          0.362          0.285          0.224          0.176          0.141          0.116          0.096          0.081
          0.068          0.058          0.050          0.043          0.038          0.033          0.029          0.025          0.021          0.018
          0.015          0.012          0.010          0.007          0.005          0.004          0.002          0.001          0.001          0.000
          0.000          0.000          0.000          0.000          0.000          0.000          0.000          0.000          0.000          0.000
          0.000          0.000          0.000          0.000          0.000          0.000          0.000          0.000          0.000          0.000

          0.000          0.000          0.000          0.000          0.000          0.000          0.000          0.000          0.000          0.000
          0.000          0.000          0.000          0.001          0.001          0.002          0.003          0.004          0.005          0.006
          0.008          0.013          0.026          0.059          0.140          0.289          0.492          0.727          0.954          1.152
          1.284          1.338          1.326          1.257          1.139          0.987          0.835          0.695          0.569          0.456
          0.360          0.286          0.229          0.184          0.147          0.118          0.096          0.080          0.067          0.057
          0.049          0.042          0.037          0.032          0.028          0.025          0.022          0.019          0.016          0.014
          0.012          0.009          0.007          0.006          0.004          0.003          0.002          0.001          0.000          0.000
          0.000          0.000          0.000          0.000          0.000          0.000          0.000          0.000          0.000          0.000
          0.000          0.000          0.000          0.000          0.000          0.000          0.000          0.000          0.000          0.000

          0.000          0.000          0.000          0.000          0.000          0.000          0.000          0.000          0.000          0.000
          0.000          0.000          0.000          0.000          0.001          0.001          0.002          0.002          0.003          0.004
          0.005          0.007          0.013          0.027          0.060          0.126          0.219          0.330          0.440          0.540
          0.614          0.649          0.651          0.626          0.577          0.509          0.437          0.369          0.307          0.250
          0.201          0.162          0.132          0.107          0.087          0.071          0.059          0.050          0.043          0.037
          0.032          0.028          0.024          0.022          0.019          0.017          0.015          0.013          0.011          0.009
          0.008          0.006          0.005          0.003          0.002          0.001          0.001          0.000          0.000          0.000
          0.000          0.000          0.000          0.000          0.000          0.000          0.000          0.000          0.000          0.000
          0.000          0.000          0.000          0.000          0.000          0.000          0.000          0.000          0.000          0.000

          0.000          0.000          0.000          0.000          0.000          0.000          0.000          0.000          0.000          0.000
          0.000          0.000          0.000          0.000          0.000          0.001          0.001          0.001          0.002          0.002
          0.003          0.004          0.006          0.011          0.022          0.045          0.081          0.125          0.172          0.219
          0.257          0.278          0.284          0.277          0.260          0.234          0.204          0.175          0.147          0.122
          0.100          0.083          0.069          0.057          0.048          0.039          0.033          0.028          0.025          0.021
          0.019          0.017          0.015          0.013          0.012          0.010          0.009          0.008          0.007          0.006
          0.005          0.004          0.003          0.002          0.001          0.001          0.000          0.000          0.000          0.000
          0.000          0.000          0.000          0.000          0.000          0.000          0.000          0.000          0.000          0.000
          0.000          0.000          0.000          0.000          0.000          0.000          0.000          0.000          0.000          0.000

          0.000          0.000          0.000          0.000          0.000          0.000          0.000          0.000          0.000          0.000
          0.000          0.000          0.000          0.000          0.000          0.000          0.001          0.001          0.001          0.001
          0.002          0.002          0.003          0.005          0.008          0.014          0.025          0.040          0.057          0.076
          0.093          0.104          0.109          0.109          0.105          0.097          0.087          0.077          0.067          0.057
          0.049          0.041          0.035          0.030          0.026          0.022          0.019          0.016          0.014          0.013
          0.011          0.010          0.009          0.008          0.007          0.006          0.005          0.005          0.004          0.003
          0.002          0.002          0.001          0.001          0.000          0.000          0.000          0.000          0.000          0.000
          0.000          0.000          0.000          0.000          0.000          0.000          0.000          0.000          0.000          0.000
          0.000          0.000          0.000          0.000          0.000          0.000          0.000          0.000          0.000          0.000

          0.000          0.000          0.000          0.000          0.000          0.000          0.000          0.000          0.000          0.000
          0.000          0.000          0.000          0.000          0.000          0.000          0.000          0.001          0.001          0.001
          0.001          0.001          0.002          0.002          0.003          0.005          0.008          0.012          0.016          0.022
          0.028          0.033          0.037          0.040          0.041          0.040          0.038          0.035          0.032          0.028
          0.025          0.022          0.019          0.017          0.015          0.013          0.011          0.010          0.008          0.008
          0.007          0.006          0.005          0.005          0.004          0.004          0.003          0.002          0.002          0.002
          0.001          0.001          0.000          0.000          0.000          0.000          0.000          0.000          0.000          0.000
          0.000          0.000          0.000          0.000          0.000          0.000          0.000          0.000          0.000          0.000
          0.000          0.000          0.000          0.000          0.000          0.000          0.000          0.000          0.000          0.000

          0.000          0.000          0.000          0.000          0.000          0.000          0.000          0.000          0.000          0.000
          0.000          0.000          0.000          0.000          0.000          0.000          0.000          0.000          0.000          0.001
          0.001          0.001          0.001          0.001          0.002          0.003          0.004          0.005          0.007          0.009
          0.011          0.013          0.015          0.017          0.018          0.018          0.018          0.018          0.017          0.015
          0.014          0.012          0.011          0.010          0.008          0.007          0.006          0.006          0.005          0.004
          0.004          0.003          0.003          0.002          0.002          0.002          0.001          0.001          0.001          0.001
          0.000          0.000          0.000          0.000          0.000          0.000          0.000          0.000          0.000          0.000
          0.000          0.000          0.000          0.000          0.000          0.000          0.000          0.000          0.000          0.000
          0.000          0.000          0.000          0.000          0.000          0.000          0.000          0.000          0.000          0.000

          0.000          0.000          0.000          0.000          0.000          0.000          0.000          0.000          0.000          0.000
          0.000          0.000          0.000          0.000          0.000          0.000          0.000          0.000          0.000          0.000
          0.000          0.001          0.001          0.001          0.001          0.002          0.002          0.003          0.004          0.005
          0.006          0.007          0.008          0.009          0.010          0.010          0.010          0.010          0.009          0.008
          0.008          0.007          0.006          0.005          0.004          0.004          0.003          0.002          0.002          0.002
          0.001          0.001          0.001          0.001          0.001          0.001          0.000          0.000          0.000          0.000
          0.000          0.000          0.000          0.000          0.000          0.000          0.000          0.000          0.000          0.000
          0.000          0.000          0.000          0.000          0.000          0.000          0.000          0.000          0.000          0.000
          0.000          0.000          0.000          0.000          0.000          0.000          0.000          0.000          0.000          0.000

          0.000          0.000          0.000          0.000          0.000          0.000          0.000          0.000          0.000          0.000
          0.000          0.000          0.000          0.000          0.000          0.000          0.000          0.000          0.000          0.000
          0.000          0.000          0.001          0.001          0.001          0.001          0.002          0.002          0.003          0.003
          0.004          0.005          0.005          0.006          0.006          0.006          0.006          0.005          0.005          0.004
          0.003          0.003          0.002          0.002          0.001          0.001          0.001          0.001          0.001          0.000
          0.000          0.000          0.000          0.000          0.000          0.000          0.000          0.000          0.000          0.000
          0.000          0.000          0.000          0.000          0.000          0.000          0.000          0.000          0.000          0.000
          0.000          0.000          0.000          0.000          0.000          0.000          0.000          0.000          0.000          0.000
          0.000          0.000          0.000          0.000          0.000          0.000          0.000          0.000          0.000          0.000

          0.000          0.000          0.000          0.000          0.000          0.000          0.000          0.000          0.000          0.000
          0.000          0.000          0.000          0.000          0.000          0.000          0.000          0.000          0.000          0.000
          0.000          0.000          0.000          0.001          0.001          0.001          0.001          0.001          0.002          0.002
          0.002          0.003          0.003          0.003          0.003          0.003          0.002          0.002          0.002          0.001
          0.001          0.001          0.001          0.000          0.000          0.000          0.000          0.000          0.000          0.000
          0.000          0.000          0.000          0.000          0.000          0.000          0.000          0.000          0.000          0.000
          0.000          0.000          0.000          0.000          0.000          0.000          0.000          0.000          0.000          0.000
          0.000          0.000          0.000          0.000          0.000          0.000          0.000          0.000          0.000          0.000
          0.000          0.000          0.000          0.000          0.000          0.000          0.000          0.000          0.000          0.000

          0.000          0.000          0.000          0.000          0.000          0.000          0.000          0.000          0.000          0.000
          0.000          0.000          0.000          0.000          0.000          0.000          0.000          0.000          0.000          0.000
          0.000          0.000          0.000          0.000          0.000          0.001          0.001          0.001          0.001          0.001
          0.001          0.001          0.001          0.001          0.001          0.001          0.001          0.000          0.000          0.000
          0.000          0.000          0.000          0.000          0.000          0.000          0.000          0.000          0.000          0.000
          0.000          0.000          0.000          0.000          0.000          0.000          0.000          0.000          0.000          0.000
          0.000          0.000          0.000          0.000          0.000          0.000          0.000          0.000          0.000          0.000
          0.000          0.000          0.000          0.000          0.000          0.000          0.000          0.000          0.000          0.000
          0.000          0.000          0.000          0.000          0.000          0.000          0.000          0.000          0.000          0.000

          0.000          0.000          0.000          0.000          0.000          0.000          0.000          0.000          0.000          0.000
          0.000          0.000          0.000          0.000          0.000          0.000          0.000          0.000          0.000          0.000
          0.000          0.000          0.000          0.000          0.000          0.000          0.000          0.000          0.000          0.000
          0.000          0.000          0.000          0.000          0.000          0.000          0.000          0.000          0.000          0.000
          0.000          0.000          0.000          0.000          0.000          0.000          0.000          0.000          0.000          0.000
          0.000          0.000          0.000          0.000          0.000          0.000          0.000          0.000          0.000          0.000
          0.000          0.000          0.000          0.000          0.000          0.000          0.000          0.000          0.000          0.000
          0.000          0.000          0.000          0.000          0.000          0.000          0.000          0.000          0.000          0.000
          0.000          0.000          0.000          0.000          0.000          0.000          0.000          0.000          0.000          0.000

