> 10 contour -Z10
-113	55.0615959466	10
-112.5	55.1976333857	10
-112	55.2958005369	10
-111.5	55.3562992811	10
-111	55.3730601072	10
-110.5	55.326610148	10
-110	55.1852159202	10
-109.635621101	55	10
-109.5	54.9144328237	10
-109.031468481	54.5	10
-109	54.4666666985	10
-108.619718343	54	10
-108.5	53.8255133033	10
-108.283625618	53.5	10
-108	53.0351435393	10
-107.976793421	53	10
-107.5	52.5387756005	10
-107.446175512	52.5	10
-107	52.2611827254	10
-106.539438516	52	10
-106.5	51.9644578099	10
-106.095062941	51.5	10
-106.190885723	51	10
-106.5	50.6365016997	10
-106.592213213	50.5	10
-107	50.1779934764	10
-107.181119651	50	10
-107.5	49.8123991489	10
-107.945852615	49.5	10
-108	49.4706397224	10
-108.5	49.1764362156	10
-108.76406844	49	10
-109	48.8605083376	10
-109.5	48.5571241677	10
-109.585790515	48.5	10
-110	48.2408188581	10
-110.384647824	48	10
-110.5	47.9272309169	10
-111	47.6005225778	10
-111.147297263	47.5	10
-111.5	47.2578849792	10
-111.879090898	47	10
-112	46.9103471413	10
-112.5	46.5521535873	10
-112.569464833	46.5	10
-113	46.1528742313	10
-113.192286223	46	10
-113.5	45.7267250121	10
-113.769578055	45.5	10
-114	45.2740135044	10
-114.299180314	45	10
-114.5	44.786241591	10
-114.784966603	44.5	10
-115	44.257777229	10
-115.232834816	44	10
-115.5	43.6952700913	10
-115.670580238	43.5	10
-116	43.1285641789	10
-116.114124328	43	10
-116.5	42.5821096003	10
-116.576826155	42.5	10
-117	42.0641508996	10
-117.066519886	42	10
-117.5	41.583724767	10
-117.598644197	41.5	10
-118	41.1426459849	10
-118.192231059	41	10
-118.5	40.7602792829	10
-118.903730519	40.5	10
-119	40.445029825	10
-119.5	40.2058102787	10
-120	40.0542226732	10
-120.275352135	40	10
-120.5	39.9338997528	10
-121	39.8498881906	10
-121.5	39.8177260309	10
-122	39.8317997754	10
-122.5	39.9057602584	10
-122.816906214	40	10
-123	40.0398302376	10
-123.5	40.236836791	10
-123.885951936	40.5	10
-124	40.5775914192	10
-124.446020961	41	10
-124.5	41.0655439794	10
-124.865518719	41.5	10
-125	41.6851185262	10
-125.2879287	42	10
-125.5	42.2866147161	10
-125.674817756	42.5	10
-125.975881547	43	10
-126	43.0607273579	10
-126.222517163	43.5	10
-126.389308393	44	10
-126.497656196	44.5	10
-126.5	44.523810029	10
-126.552910086	45	10
-126.534592446	45.5	10
-126.5	45.7261616588	10
-126.457894742	46	10
-126.302222222	46.5	10
-126.069736302	47	10
-126	47.1288192272	10
-125.789855033	47.5	10
-125.5	47.9194858074	10
-125.447181553	48	10
-125.048484761	48.5	10
-125	48.5533009209	10
-124.574682757	49	10
-124.5	49.0726711228	10
-124.021069303	49.5	10
-124	49.5189695247	10
-123.5	49.9339303672	10
-123.417272776	50	10
-123	50.3376655579	10
-122.776048779	50.5	10
-122.5	50.7022805959	10
-122.031591378	51	10
-122	51.0208120048	10
-121.5	51.3353686333	10
-121.203099594	51.5	10
-121	51.6211090013	10
-120.5	51.899356246	10
-120.303929836	52	10
-120	52.1708980501	10
-119.5	52.4211402833	10
-119.331255704	52.5	10
-119	52.6705640107	10
-118.5	52.9089785218	10
-118.299999923	53	10
-118	53.1493243277	10
-117.5	53.3794587255	10
-117.209198847	53.5	10
-117	53.5948856696	10
-116.5	53.8048880994	10
-116	53.9939945638	10
-115.984069824	54	10
-115.5	54.201972574	10
-115	54.3930448592	10
-114.689918011	54.5	10
-114.5	54.5743120015	10
-114	54.7515473068	10
-113.5	54.9105743766	10
-113.187689781	55	10
-113	55.0615959466	10
> 20 contour -Z20
-113.5	53.0420041382	20
-113	53.0812027603	20
-112.5	53.0659928843	20
-112.170948774	53	20
-112	52.9577223063	20
-111.5	52.6717995703	20
-111.318789691	52.5	20
-111	52.1114132926	20
-110.919017933	52	20
-110.5	51.5771639571	20
-110.411089279	51.5	20
-110	51.1999519467	20
-109.73889944	51	20
-109.5	50.6811352372	20
-109.391554192	50.5	20
-109.448697675	50	20
-109.5	49.9283746108	20
-109.752353236	49.5	20
-110	49.2558401525	20
-110.209293216	49	20
-110.5	48.7811391354	20
-110.796940058	48.5	20
-111	48.3555456698	20
-111.456898268	48	20
-111.5	47.9690616596	20
-112	47.5897086561	20
-112.111427724	47.5	20
-112.5	47.2044629157	20
-112.761224151	47	20
-113	46.8121394068	20
-113.386555865	46.5	20
-113.5	46.4056397974	20
-113.978811773	46	20
-114	45.981378993	20
-114.5	45.5319105387	20
-114.534507513	45.5	20
-115	45.0610226393	20
-115.063869238	45	20
-115.5	44.5738097727	20
-115.576422572	44.5	20
-116	44.0660867691	20
-116.066064388	44	20
-116.5	43.543374896	20
-116.542104036	43.5	20
-117	43.0202440917	20
-117.019822448	43	20
-117.5	42.5109088719	20
-117.511108369	42.5	20
-118	42.0419206619	20
-118.048150599	42	20
-118.5	41.6243685186	20
-118.671746999	41.5	20
-119	41.2510638237	20
-119.449269395	41	20
-119.5	40.9654326141	20
-120	40.6769222915	20
-120.5	40.5222806036	20
-120.651344597	40.5	20
-121	40.4273560643	20
-121.5	40.3928571045	20
-122	40.4256693348	20
-122.326096952	40.5	20
-122.5	40.5228459835	20
-123	40.6595771611	20
-123.5	40.9700241257	20
-123.537513915	41	20
-123.992221415	41.5	20
-124	41.5117192566	20
-124.393329501	42	20
-124.5	42.1793425679	20
-124.754443169	42.5	20
-124.991569728	43	20
-125	43.031950593	20
-125.200239763	43.5	20
-125.331778735	44	20
-125.373344809	44.5	20
-125.345603317	45	20
-125.251643151	45.5	20
-125.086467721	46	20
-125	46.1783324182	20
-124.829351872	46.5	20
-124.5	46.9637028873	20
-124.475339323	47	20
-124.080154873	47.5	20
-124	47.5887301713	20
-123.624818958	48	20
-123.5	48.122338891	20
-123.082522646	48.5	20
-123	48.5720744506	20
-122.5	48.9546098411	20
-122.432489306	49	20
-122	49.3035538197	20
-121.685126752	49.5	20
-121.5	49.6250000596	20
-121	49.9408489764	20
-120.901544362	50	20
-120.5	50.2599350512	20
-120.081845805	50.5	20
-120	50.5496172458	20
-119.5	50.8293384314	20
-119.15503867	51	20
-119	51.0819881409	20
-118.5	51.325884223	20
-118.101259038	51.5	20
-118	51.5483155921	20
-117.5	51.7750800848	20
-117	51.9772086143	20
-116.938490719	52	20
-116.5	52.1814960092	20
-116	52.3646954596	20
-115.598709315	52.5	20
-115.5	52.5373670906	20
-115	52.708691895	20
-114.5	52.8534735143	20
-114	52.9635651112	20
-113.753564119	53	20
-113.5	53.0420041382	20
> 30 contour -Z30
-114.5	51.5496074259	30
-114	51.5784038678	30
-113.5	51.5300057456	30
-113.399523705	51.5	30
-113	51.3625040948	30
-112.5	51.0500191189	30
-112.434223846	51	30
-112	50.7077680528	30
-111.731947392	50.5	30
-111.5	50.2525678277	30
-111.305884376	50	30
-111.236505389	49.5	30
-111.420439199	49	30
-111.5	48.9027932435	30
-111.768776506	48.5	30
-112	48.2871942669	30
-112.251936764	48	30
-112.5	47.7990100831	30
-112.823241577	47.5	30
-113	47.3576907068	30
-113.419170171	47	30
-113.5	46.9327149913	30
-113.994495206	46.5	30
-114	46.4952031099	30
-114.5	46.0362748802	30
-114.537116379	46	30
-115	45.5656760335	30
-115.067379534	45.5	30
-115.5	45.0827189088	30
-115.584805489	45	30
-116	44.5958247483	30
-116.098287016	44.5	30
-116.5	44.0981847644	30
-116.598243117	44	30
-117	43.5893910825	30
-117.088409424	43.5	30
-117.5	43.0820992887	30
-117.583414465	43	30
-118	42.5888364911	30
-118.092656702	42.5	30
-118.5	42.1305263937	30
-118.644444436	42	30
-119	41.7108648419	30
-119.296538413	41.5	30
-119.5	41.3547917902	30
-120	41.0828175545	30
-120.25766556	41	30
-120.5	40.8822259158	30
-121	40.7388966382	30
-121.5	40.6929314137	30
-122	40.7167197466	30
-122.5	40.8230561167	30
-122.880405307	41	30
-123	41.0386267006	30
-123.5	41.39719861	30
-123.597370274	41.5	30
-123.954055995	42	30
-124	42.0843135417	30
-124.297374606	42.5	30
-124.499147683	43	30
-124.5	43.0036876202	30
-124.671214238	43.5	30
-124.738398507	44	30
-124.719456509	44.5	30
-124.624372251	45	30
-124.5	45.3467822671	30
-124.449466586	45.5	30
-124.223449498	46	30
-124	46.3372333348	30
-123.878082812	46.5	30
-123.5	46.9590395987	30
-123.46103552	47	30
-123	47.4607053995	30
-122.956100076	47.5	30
-122.5	47.8937326968	30
-122.361747473	48	30
-122	48.2750170827	30
-121.670542657	48.5	30
-121.5	48.6188360527	30
-121	48.9396013618	30
-120.895745724	49	30
-120.5	49.249008581	30
-120.033476718	49.5	30
-120	49.5202376917	30
-119.5	49.7940113842	30
-119.064410515	50	30
-119	50.034025386	30
-118.5	50.2734074891	30
-118	50.4842416942	30
-117.960924029	50.5	30
-117.5	50.7031397372	30
-117	50.8981156349	30
-116.695975751	51	30
-116.5	51.0720364973	30
-116	51.2276578248	30
-115.5	51.3587553501	30
-115	51.4680873752	30
-114.787983686	51.5	30
-114.5	51.5496074259	30
> 40 contour -Z40
-117	50.0367958248	40
-116.5	50.1995571852	40
-116	50.3270642161	40
-115.5	50.4217784405	40
-115	50.4822143316	40
-114.5	50.4897792041	40
-114	50.411044091	40
-113.5	50.2303331792	40
-113.121194929	50	40
-113	49.9050952792	40
-112.62056914	49.5	40
-112.50126487	49	40
-112.645123512	48.5	40
-112.973586932	48	40
-113	47.9757274203	40
-113.420375898	47.5	40
-113.5	47.4314163476	40
-113.945030656	47	40
-114	46.9511339068	40
-114.469834875	46.5	40
-114.5	46.4722706024	40
-114.983226292	46	40
-115	45.9842612203	40
-115.496822069	45.5	40
-115.5	45.4969347483	40
-116	45.0072299242	40
-116.006960899	45	40
-116.5	44.5161142349	40
-116.515702456	44.5	40
-117	44.0159047842	40
-117.015405536	44	40
-117.5	43.5117931068	40
-117.511344492	43.5	40
-118	43.0162497461	40
-118.01613611	43	40
-118.5	42.5283950269	40
-118.53018713	42.5	40
-119	42.0594970286	40
-119.067528963	42	40
-119.5	41.6500835419	40
-119.724035501	41.5	40
-120	41.3208674341	40
-120.5	41.1015118062	40
-121	41.0064257383	40
-121.101846069	41	40
-121.5	40.9393946901	40
-122	40.9695130903	40
-122.113516681	41	40
-122.5	41.0476577282	40
-123	41.2470816374	40
-123.308460861	41.5	40
-123.5	41.7471136451	40
-123.697672024	42	40
-123.983677059	42.5	40
-124	42.57148996	40
-124.205237523	43	40
-124.318303734	43.5	40
-124.342559993	44	40
-124.273359329	44.5	40
-124.131593615	45	40
-124	45.303866744	40
-123.904407889	45.5	40
-123.558241609	46	40
-123.5	46.0739108697	40
-123.129589438	46.5	40
-123	46.6348931193	40
-122.627093852	47	40
-122.5	47.1165938005	40
-122.026549472	47.5	40
-122	47.5215274077	40
-121.5	47.8948228657	40
-121.335664392	48	40
-121	48.2284831256	40
-120.528590625	48.5	40
-120.5	48.5176747106	40
-120	48.7935287952	40
-119.559399113	49	40
-119.5	49.0307242479	40
-119	49.2646302879	40
-118.5	49.4659582675	40
-118.408138722	49.5	40
-118	49.6743946671	40
-117.5	49.8679864705	40
-117.096622385	50	40
-117	50.0367958248	40
> 50 contour -Z50
-116.5	49.5221171379	50
-116	49.6315022707	50
-115.5	49.6949262023	50
-115	49.7006942928	50
-114.5	49.6307189316	50
-114.160033107	49.5	50
-114	49.4172917008	50
-113.563242793	49	50
-113.5	48.7098769993	50
-113.46687229	48.5	50
-113.5	48.418432422	50
-113.63180095	48	50
-113.96523799	47.5	50
-114	47.4663566463	50
-114.392188765	47	50
-114.5	46.8961753622	50
-114.863904878	46.5	50
-115	46.3666006774	50
-115.340527922	46	50
-115.5	45.8438647389	50
-115.828132182	45.5	50
-116	45.3314420581	50
-116.319109783	45	50
-116.5	44.8224680275	50
-116.81422773	44.5	50
-117	44.3143053353	50
-117.304439589	44	50
-117.5	43.802981779	50
-117.79145658	43.5	50
-118	43.2935499847	50
-118.291496873	43	50
-118.5	42.7967793941	50
-118.815510154	42.5	50
-119	42.3270197958	50
-119.371166572	42	50
-119.5	41.8957596347	50
-120	41.5399928689	50
-120.065524668	41.5	50
-120.5	41.2523914278	50
-121	41.1085832715	50
-121.5	41.0629770756	50
-122	41.0764948428	50
-122.5	41.1637262702	50
-123	41.4555365741	50
-123.054227881	41.5	50
-123.480800182	42	50
-123.5	42.0427063704	50
-123.84356612	42.5	50
-123.967404246	43	50
-124	43.4079231843	50
-124.020294426	43.5	50
-124.003760675	44	50
-124	44.0163813531	50
-123.920742035	44.5	50
-123.733875096	45	50
-123.5	45.3673777878	50
-123.421252966	45.5	50
-123.001095195	46	50
-123	46.0012155375	50
-122.526537389	46.5	50
-122.5	46.5261185039	50
-122	46.9556781352	50
-121.936091185	47	50
-121.5	47.3272636533	50
-121.218319088	47.5	50
-121	47.6472262144	50
-120.5	47.9308792949	50
-120.358547658	48	50
-120	48.1929181516	50
-119.5	48.4283519983	50
-119.330218613	48.5	50
-119	48.6543567628	50
-118.5	48.8635020256	50
-118.119203612	49	50
-118	49.0495213941	50
-117.5	49.2404161543	50
-117	49.3956871629	50
-116.57305757	49.5	50
-116.5	49.5221171379	50
> 60 contour -Z60
-116.5	49.0149718821	60
-116	49.0947341993	60
-115.5	49.1095020249	60
-115	49.0328510962	60
-114.909612402	49	60
-114.5	48.7539322376	60
-114.295434877	48.5	60
-114.262283698	48	60
-114.469395915	47.5	60
-114.5	47.4626041912	60
-114.808478534	47	60
-115	46.7905303538	60
-115.213385075	46.5	60
-115.5	46.1931299269	60
-115.654523492	46	60
-116	45.6405280232	60
-116.119677901	45.5	60
-116.5	45.1080310643	60
-116.593096912	45	60
-117	44.5852365196	60
-117.074688554	44.5	60
-117.5	44.0653544664	60
-117.557399482	44	60
-118	43.5464680791	60
-118.042078406	43.5	60
-118.5	43.0401548147	60
-118.539997369	43	60
-119	42.5561701357	60
-119.064427912	42.5	60
-119.5	42.097085923	60
-119.618823528	42	60
-120	41.701580286	60
-120.330271035	41.5	60
-120.5	41.4032710344	60
-121	41.2107408345	60
-121.5	41.146489948	60
-122	41.163480103	60
-122.5	41.2797947824	60
-122.853440881	41.5	60
-123	41.5712422729	60
-123.396958202	42	60
-123.5	42.2291969359	60
-123.703455165	42.5	60
-123.859363884	43	60
-123.894888222	43.5	60
-123.850438595	44	60
-123.678880721	44.5	60
-123.5	44.8333333433	60
-123.420036316	45	60
-123.075112432	45.5	60
-123	45.5893003494	60
-122.593548946	46	60
-122.5	46.097026296	60
-122	46.4972984195	60
-121.995411396	46.5	60
-121.5	46.8686977029	60
-121.262427032	47	60
-121	47.1704391688	60
-120.5	47.4391075671	60
-120.368275523	47.5	60
-120	47.7003554553	60
-119.5	47.9388410747	60
-119.355680853	48	60
-119	48.1782335192	60
-118.5	48.3900337517	60
-118.191024706	48.5	60
-118	48.5811466351	60
-117.5	48.7622074485	60
-117	48.90489012	60
-116.556697126	49	60
-116.5	49.0149718821	60
> 70 contour -Z70
-116.5	48.6016913652	70
-116	48.6290748268	70
-115.5	48.5590074249	70
-115.353781492	48.5	70
-115	48.1726657152	70
-114.909831665	48	70
-114.954853743	47.5	70
-115	47.4254042804	70
-115.201432645	47	70
-115.5	46.5695083439	70
-115.539097637	46.5	70
-115.935833283	46	70
-116	45.9332338497	70
-116.368954957	45.5	70
-116.5	45.3649418801	70
-116.814492613	45	70
-117	44.8109090477	70
-117.27243422	44.5	70
-117.5	44.2674399614	70
-117.734886974	44	70
-118	43.7283391953	70
-118.206768781	43.5	70
-118.5	43.2055370212	70
-118.704731137	43	70
-119	42.7151121795	70
-119.246736705	42.5	70
-119.5	42.2657256722	70
-119.825221851	42	70
-120	41.863167733	70
-120.5	41.5357149541	70
-120.581925601	41.5	70
-121	41.3128984123	70
-121.5	41.2300028205	70
-122	41.2504653782	70
-122.5	41.395863317	70
-122.66714482	41.5	70
-123	41.6618006527	70
-123.313116223	42	70
-123.5	42.4156875387	70
-123.56334421	42.5	70
-123.751323521	43	70
-123.782095253	43.5	70
-123.69919841	44	70
-123.5	44.4174644351	70
-123.463825345	44.5	70
-123.203801438	45	70
-123	45.2731092572	70
-122.799662203	45.5	70
-122.5	45.8016224504	70
-122.226572558	46	70
-122	46.1937530935	70
-121.5	46.4909687638	70
-121.481138498	46.5	70
-121	46.8079535365	70
-120.588406473	47	70
-120.5	47.0517508052	70
-120	47.3312254548	70
-119.618395835	47.5	70
-119.5	47.5650092885	70
-119	47.8129739463	70
-118.514875518	48	70
-118.5	48.0070092957	70
-118	48.2142906785	70
-117.5	48.3740172088	70
-117	48.4973275661	70
-116.984167069	48.5	70
-116.5	48.6016913652	70
> 80 contour -Z80
-117.5	48.0437007844	80
-117	48.1674034297	80
-116.5	48.2135404646	80
-116	48.1562890708	80
-115.681400448	48	80
-115.5	47.6619895846	80
-115.455358047	47.5	80
-115.5	47.3523747176	80
-115.579732537	47	80
-115.846468285	46.5	80
-116	46.303562969	80
-116.186440289	46	80
-116.5	45.6337939799	80
-116.591815352	45.5	80
-117	45.0356938839	80
-117.026631445	45	80
-117.470179889	44.5	80
-117.5	44.4695254434	80
-117.912374482	44	80
-118	43.9102102965	80
-118.371459156	43.5	80
-118.5	43.3709191978	80
-118.869464904	43	80
-119	42.8740542531	80
-119.429045461	42.5	80
-119.5	42.4343654364	80
-120	42.0146141052	80
-120.020058632	42	80
-120.5	41.6352273822	80
-120.810194418	41.5	80
-121	41.4150559679	80
-121.5	41.3135157228	80
-122	41.3374506533	80
-122.473928481	41.5	80
-122.5	41.5064440966	80
-123	41.7523590475	80
-123.229274258	42	80
-123.462145418	42.5	80
-123.5	42.6461767554	80
-123.643283144	43	80
-123.669302285	43.5	80
-123.547958225	44	80
-123.5	44.1005070955	80
-123.324905574	44.5	80
-123	44.9880023897	80
-122.989448041	45	80
-122.54380304	45.5	80
-122.5	45.5440895744	80
-122	45.9300089478	80
-121.878403872	46	80
-121.5	46.2599898279	80
-121	46.4995549321	80
-120.999010086	46.5	80
-120.5	46.8010196984	80
-120.051738404	47	80
-120	47.030111406	80
-119.5	47.3005552292	80
-119	47.4997356236	80
-118.999233544	47.5	80
-118.5	47.7315559387	80
-118	47.9016127884	80
-117.628346741	48	80
-117.5	48.0437007844	80
> 90 contour -Z90
-118	47.6447942853	90
-117.5	47.772472173	90
-117	47.8423679173	90
-116.5	47.8091264963	90
-116	47.5014786057	90
-115.998905013	47.5	90
-115.955474652	47	90
-116	46.9042812139	90
-116.142187446	46.5	90
-116.427974455	46	90
-116.5	45.9158814549	90
-116.785396248	45.5	90
-117	45.2558902949	90
-117.190921336	45	90
-117.5	44.6555025876	90
-117.619622439	44.5	90
-118	44.0789465904	90
-118.061849535	44	90
-118.5	43.5288345218	90
-118.52391693	43.5	90
-119	43.0226790607	90
-119.021273524	43	90
-119.5	42.557813555	90
-119.564991176	42.5	90
-120	42.1100066602	90
-120.15098983	42	90
-120.5	41.7347397804	90
-121	41.5107557476	90
-121.060114086	41.5	90
-121.5	41.3970286027	90
-122	41.4244359285	90
-122.220314428	41.5	90
-122.5	41.5691297948	90
-123	41.8429174274	90
-123.145432293	42	90
-123.393055052	42.5	90
-123.5	42.9129715189	90
-123.535242777	43	90
-123.556509305	43.5	90
-123.5	43.7115888298	90
-123.437780142	44	90
-123.185985804	44.5	90
-123	44.7793473601	90
-122.805934846	45	90
-122.5	45.3339676559	90
-122.297952205	45.5	90
-122	45.7365029901	90
-121.542224072	46	90
-121.5	46.0290108789	90
-121	46.3283806741	90
-120.618289858	46.5	90
-120.5	46.5713564306	90
-120	46.843211025	90
-119.606952488	47	90
-119.5	47.0591259673	90
-119	47.2963843942	90
-118.5	47.4706390202	90
-118.393166095	47.5	90
-118	47.6447942853	90
> 100 contour -Z100
-117.5	47.510252744	100
-117	47.5223679207	100
-116.902537957	47.5	100
-116.5	47.2767208517	100
-116.355644256	47	100
-116.426278368	46.5	100
-116.5	46.3650264442	100
-116.657410681	46	100
-116.978977142	45.5	100
-117	45.4760867022	100
-117.355211243	45	100
-117.5	44.8386192322	100
-117.760487378	44.5	100
-118	44.2348749936	100
-118.184009314	44	100
-118.5	43.6601991653	100
-118.632877886	43.5	100
-119	43.1319233477	100
-119.12374723	43	100
-119.5	42.6524657011	100
-119.671394557	42.5	100
-120	42.2053992152	100
-120.281921029	42	100
-120.5	41.8342521638	100
-121	41.574588269	100
-121.416874707	41.5	100
-121.5	41.4805414826	100
-121.819791168	41.5	100
-122	41.5067433715	100
-122.5	41.6318154931	100
-123	41.9334758073	100
-123.061590318	42	100
-123.323964685	42.5	100
-123.454639107	43	100
-123.46403864	43.5	100
-123.346668959	44	100
-123.047066025	44.5	100
-123	44.570692338	100
-122.622421622	45	100
-122.5	45.133639127	100
-122.054168694	45.5	100
-122	45.5429970287	100
-121.5	45.8751463294	100
-121.256135583	46	100
-121	46.1572064161	100
-120.5	46.411000669	100
-120.292304456	46.5	100
-120	46.6690010428	100
-119.5	46.8882524967	100
-119.188644111	47	100
-119	47.0930331349	100
-118.5	47.2789873183	100
-118	47.4105744362	100
-117.541131809	47.5	100
-117.5	47.510252744	100
> 110 contour -Z110
-118.5	47.0873356462	110
-118	47.2055639923	110
-117.5	47.2486660779	110
-117	47.1355407089	110
-116.824967071	47	110
-116.716040343	46.5	110
-116.881706394	46	110
-117	45.8141386807	110
-117.154333621	45.5	110
-117.5	45.0280587375	110
-117.515665799	45	110
-117.901352316	44.5	110
-118	44.3908033744	110
-118.306169108	44	110
-118.5	43.791563794	110
-118.741838872	43.5	110
-119	43.2411676049	110
-119.226220965	43	110
-119.5	42.747117877	110
-119.777797908	42.5	110
-120	42.3007917702	110
-120.41285222	42	110
-120.5	41.933764562	110
-121	41.6384207606	110
-121.5	41.5390983224	110
-122	41.5581018031	110
-122.5	41.6945012212	110
-122.974177361	42	110
-123	42.0335575342	110
-123.254874349	42.5	110
-123.387318075	43	110
-123.391971767	43.5	110
-123.255557746	44	110
-123	44.4046190083	110
-122.925856173	44.5	110
-122.5	44.9597031772	110
-122.448260814	45	110
-122	45.3938011825	110
-121.838301957	45.5	110
-121.5	45.73235856	110
-121	45.9914674461	110
-120.981985122	46	110
-120.5	46.2818851173	110
-120	46.4966494441	110
-119.990957916	46.5	110
-119.5	46.7402622253	110
-119	46.9218321741	110
-118.728260785	47	110
-118.5	47.0873356462	110
> 120 contour -Z120
-118	47.0005535483	120
-117.974037884	47	120
-117.5	46.9828796983	120
-117.009419918	46.5	120
-117.099780411	46	120
-117.327469841	45.5	120
-117.5	45.2644430846	120
-117.647644162	45	120
-118	44.5504630804	120
-118.03129375	44.5	120
-118.428328894	44	120
-118.5	43.9229284152	120
-118.850799829	43.5	120
-119	43.3504118919	120
-119.328694716	43	120
-119.5	42.841770038	120
-119.884201273	42.5	120
-120	42.3961843252	120
-120.5	42.0158216655	120
-120.533447385	42	120
-121	41.7022532523	120
-121.5	41.5900740027	120
-122	41.6094602346	120
-122.5	41.7571869195	120
-122.876880258	42	120
-123	42.1599989831	120
-123.185783982	42.5	120
-123.319997042	43	120
-123.319904894	43.5	120
-123.164446563	44	120
-123	44.2603646517	120
-122.813720912	44.5	120
-122.5	44.8386554122	120
-122.292841315	45	120
-122	45.2572637498	120
-121.630410418	45.5	120
-121.5	45.5895708054	120
-121	45.8869021535	120
-120.761215091	46	120
-120.5	46.1527695507	120
-120	46.3845920861	120
-119.68855083	46.5	120
-119.5	46.5922719464	120
-119	46.7777441442	120
-118.5	46.9129231572	120
-118.002468046	47	120
-118	47.0005535483	120
> 130 contour -Z130
-119	46.6336560845	130
-118.5	46.7529436648	130
-118	46.7898739576	130
-117.5	46.6356091201	130
-117.362228349	46.5	130
-117.310911313	46	130
-117.5	45.5019465983	130
-117.500549674	45.5	130
-117.77962254	45	130
-118	44.7188415825	130
-118.135710567	44.5	130
-118.5	44.0529586971	130
-118.534324974	44	130
-118.959760789	43.5	130
-119	43.4596561641	130
-119.431168444	43	130
-119.5	42.9364221916	130
-119.99060463	42.5	130
-120	42.4915768793	130
-120.5	42.0631351769	130
-120.633469373	42	130
-121	41.7660857737	130
-121.5	41.6410496831	130
-122	41.6608186662	130
-122.5	41.8198726177	130
-122.779583186	42	130
-123	42.2864404172	130
-123.116693616	42.5	130
-123.25267604	43	130
-123.247838005	43.5	130
-123.073335364	44	130
-123	44.1161102802	130
-122.701585636	44.5	130
-122.5	44.7176076323	130
-122.137421831	45	130
-122	45.1207263321	130
-121.5	45.4689799547	130
-121.439355046	45.5	130
-121	45.7823368609	130
-120.540445086	46	130
-120.5	46.0236539803	130
-120	46.2725346982	130
-119.5	46.458535254	130
-119.355647594	46.5	130
-119	46.6336560845	130
> 140 contour -Z140
-118.5	46.5929641724	140
-118	46.579179056	140
-117.809296817	46.5	140
-117.524891645	46	140
-117.657579899	45.5	140
-117.91160091	45	140
-118	44.8872200996	140
-118.240127385	44.5	140
-118.5	44.1810948253	140
-118.61737594	44	140
-119	43.5602066219	140
-119.041701436	43.5	140
-119.5	43.022611171	140
-119.517789632	43	140
-120	42.5464645922	140
-120.049846381	42.5	140
-120.5	42.1104487181	140
-120.733491361	42	140
-121	41.8299182653	140
-121.5	41.6920253634	140
-122	41.712177068	140
-122.5	41.8825583234	140
-122.682286099	42	140
-123	42.4128818586	140
-123.047603253	42.5	140
-123.185355008	43	140
-123.175771117	43.5	140
-123	43.9629664123	140
-122.989384592	44	140
-122.589450359	44.5	140
-122.5	44.5965598673	140
-122	44.9932091534	140
-121.987811774	45	140
-121.5	45.3857492507	140
-121.276637018	45.5	140
-121	45.6777715385	140
-120.5	45.9307009578	140
-120.318400115	46	140
-120	46.1604773402	140
-119.5	46.3484030664	140
-119	46.4910431504	140
-118.944606066	46.5	140
-118.5	46.5929641724	140
> 150 contour -Z150
-120	46.0484199822	150
-119.5	46.2382708937	150
-119	46.3673297763	150
-118.5	46.4285495579	150
-118	46.3069762588	150
-117.76331605	46	150
-117.814610124	45.5	150
-118	45.1092799008	150
-118.039009541	45	150
-118.344544217	44.5	150
-118.5	44.3092309386	150
-118.700426906	44	150
-119	43.6556665599	150
-119.10782063	43.5	150
-119.5	43.0914845169	150
-119.571976662	43	150
-120	42.5974293351	150
-120.10452047	42.5	150
-120.5	42.1577622592	150
-120.833513349	42	150
-121	41.8937507719	150
-121.5	41.7430010438	150
-122	41.7635354996	150
-122.5	41.9452440329	150
-122.584989011	42	150
-122.993760675	42.5	150
-123	42.5753282011	150
-123.118033983	43	150
-123.103704236	43.5	150
-123	43.7731482685	150
-122.93497467	44	150
-122.5	44.4876596928	150
-122.486713022	44.5	150
-122	44.9345663786	150
-121.882559687	45	150
-121.5	45.3025185764	150
-121.113918997	45.5	150
-121	45.5732062459	150
-120.5	45.8458588719	150
-120.096069179	46	150
-120	46.0484199822	150
> 160 contour -Z160
-119.5	46.128138721	160
-119	46.2436164021	160
-118.5	46.2579825819	160
-118.002401561	46	160
-118	45.9805752635	160
-117.971640345	45.5	160
-118	45.4402303547	160
-118.157148629	45	160
-118.448961049	44.5	160
-118.5	44.4373670593	160
-118.783477858	44	160
-119	43.7511264682	160
-119.173939824	43.5	160
-119.5	43.1603578925	160
-119.626163691	43	160
-120	42.6483941078	160
-120.159194559	42.5	160
-120.5	42.2050758004	160
-120.933535345	42	160
-121	41.9575832747	160
-121.5	41.7939767092	160
-122	41.8148939312	160
-122.483046085	42	160
-122.5	42.0026645064	160
-122.973698556	42.5	160
-123	42.8175409883	160
-123.050712958	43	160
-123.031637356	43.5	160
-123	43.583330147	160
-122.880564749	44	160
-122.5	44.4266595244	160
-122.421033293	44.5	160
-122	44.8759236038	160
-121.77730763	45	160
-121.5	45.2192878872	160
-121	45.4823526442	160
-120.955588877	45.5	160
-120.5	45.7610167563	160
-120	45.9542804956	160
-119.835999697	46	160
-119.5	46.128138721	160
> 170 contour -Z170
-119.5	46.0180065632	170
-119	46.1199030206	170
-118.5	46.0874155834	170
-118.331392273	46	170
-118.133578926	45.5	170
-118.275287703	45	170
-118.5	44.6059130728	170
-118.543693811	44.5	170
-118.866528809	44	170
-119	43.8465863764	170
-119.240059018	43.5	170
-119.5	43.2292312682	170
-119.680350691	43	170
-120	42.6993588507	170
-120.213868648	42.5	170
-120.5	42.2523893416	170
-121	42.0087696612	170
-121.049672753	42	170
-121.5	41.8449523896	170
-122	41.8662523478	170
-122.349023014	42	170
-122.5	42.0237276852	170
-122.953636467	42.5	170
-122.994774193	43	170
-122.983264834	43.5	170
-122.826154828	44	170
-122.5	44.3656593859	170
-122.355353594	44.5	170
-122	44.817280829	170
-121.672055557	45	170
-121.5	45.136057198	170
-121	45.4235083163	170
-120.807502121	45.5	170
-120.5	45.6761746407	170
-120	45.8737742603	170
-119.54721598	46	170
-119.5	46.0180065632	170
> 180 contour -Z180
-120.5	45.591332525	180
-120	45.7932680547	180
-119.5	45.9227736592	180
-119	45.9957853556	180
-118.5	45.8595263064	180
-118.296599343	45.5	180
-118.393426783	45	180
-118.5	44.8130982965	180
-118.629166812	44.5	180
-118.949579772	44	180
-119	43.9420462921	180
-119.306178212	43.5	180
-119.5	43.2981046438	180
-119.734537721	43	180
-120	42.7503236234	180
-120.268542722	42.5	180
-120.5	42.2997028828	180
-121	42.0349088311	180
-121.197728783	42	180
-121.5	41.8959280625	180
-122	41.9176107794	180
-122.214999929	42	180
-122.5	42.044790864	180
-122.933574349	42.5	180
-122.973591357	43	180
-122.953433841	43.5	180
-122.771744907	44	180
-122.5	44.3046592176	180
-122.289673865	44.5	180
-122	44.7586380839	180
-121.566803485	45	180
-121.5	45.0528265163	180
-121	45.3646640182	180
-120.659415379	45.5	180
-120.5	45.591332525	180
> 190 contour -Z190
-120.5	45.5064904094	190
-120	45.7127618194	190
-119.5	45.830452919	190
-119	45.8589452505	190
-118.5	45.5713751838	190
-118.459619761	45.5	190
-118.5	45.1416379213	190
-118.510836393	45	190
-118.714639813	44.5	190
-119	44.0526463985	190
-119.02340278	44	190
-119.372297406	43.5	190
-119.5	43.3669780046	190
-119.78872475	43	190
-120	42.8012883812	190
-120.323216811	42.5	190
-120.5	42.347016409	190
-121	42.0610479712	190
-121.345784828	42	190
-121.5	41.9469037354	190
-122	41.9689692017	190
-122.080976844	42	190
-122.5	42.0658540428	190
-122.91351223	42.5	190
-122.952408493	43	190
-122.923602879	43.5	190
-122.717334986	44	190
-122.5	44.2436590493	190
-122.223994151	44.5	190
-122	44.6999953091	190
-121.5	44.9860525727	190
-121.467163444	45	190
-121	45.30581972	190
-120.511328627	45.5	190
-120.5	45.5064904094	190
> 200 contour -Z200
-120	45.632255584	200
-119.5	45.7381321788	200
-119	45.7221051753	200
-118.658352196	45.5	200
-118.621524453	45	200
-118.800112814	44.5	200
-119	44.1866407692	200
-119.082967013	44	200
-119.438416611	43.5	200
-119.5	43.4358513728	200
-119.84291178	43	200
-120	42.852253139	200
-120.3778909	42.5	200
-120.5	42.3943299502	200
-121	42.0871871114	200
-121.493840863	42	200
-121.5	41.9978794102	200
-121.547553845	42	200
-122	42.0058487356	200
-122.5	42.0869172215	200
-122.893450111	42.5	200
-122.931225657	43	200
-122.893771887	43.5	200
-122.662925065	44	200
-122.5	44.1826588809	200
-122.158314422	44.5	200
-122	44.6413525492	200
-121.5	44.9478718042	200
-121.377274185	45	200
-121	45.246975407	200
-120.5	45.4501322806	200
-120.320071638	45.5	200
-120	45.632255584	200
> 210 contour -Z210
-120	45.5517493486	210
-119.5	45.6458114386	210
-119	45.5852650926	210
-118.868843064	45.5	210
-118.732212484	45	210
-118.885585822	44.5	210
-119	44.320635125	210
-119.142531246	44	210
-119.5	43.5056507885	210
-119.502805948	43.5	210
-119.897098809	43	210
-120	42.9032178968	210
-120.432564989	42.5	210
-120.5	42.4416434839	210
-121	42.1133262515	210
-121.5	42.0166144669	210
-122	42.0206256807	210
-122.5	42.1079804301	210
-122.873387992	42.5	210
-122.910042793	43	210
-122.863940924	43.5	210
-122.608515151	44	210
-122.5	44.1216587275	210
-122.0926347	44.5	210
-122	44.5827097818	210
-121.5	44.9096910357	210
-121.287384927	45	210
-121	45.188131094	210
-120.5	45.3961336911	210
-120.125238582	45.5	210
-120	45.5517493486	210
> 220 contour -Z220
-119.5	45.5534906983	220
-119.19706136	45.5	220
-119	45.3950840831	220
-118.84290053	45	220
-118.971058827	44.5	220
-119	44.4546294883	220
-119.202095449	44	220
-119.5	43.5880230963	220
-119.543708771	43.5	220
-119.951285835	43	220
-120	42.9541826546	220
-120.48723907	42.5	220
-120.5	42.4889570223	220
-121	42.1394653916	220
-121.5	42.0339500308	220
-122	42.035402596	220
-122.5	42.1290436089	220
-122.853325903	42.5	220
-122.888859957	43	220
-122.834109932	43.5	220
-122.554105226	44	220
-122.5	44.0606585629	220
-122.026954982	44.5	220
-122	44.5240670145	220
-121.5	44.8715102971	220
-121.197495654	45	220
-121	45.129286781	220
-120.5	45.3421350718	220
-120	45.4764717817	220
-119.809310198	45.5	220
-119.5	45.5534906983	220
> 230 contour -Z230
-121	45.0704424679	230
-120.5	45.2881364822	230
-120	45.4106034636	230
-119.5	45.4552515745	230
-119	45.1167185009	230
-118.953588579	45	230
-119	44.8060055375	230
-119.048749924	44.5	230
-119.261659682	44	230
-119.5	43.6703954041	230
-119.584611565	43.5	230
-120	43.0049236715	230
-120.003223121	43	230
-120.5	42.5234669745	230
-120.528268009	42.5	230
-121	42.1656045616	230
-121.5	42.0512856245	230
-122	42.0501795411	230
-122.5	42.1501067877	230
-122.833263785	42.5	230
-122.867677093	43	230
-122.80427897	43.5	230
-122.5	43.9997256398	230
-122.499812305	44	230
-122	44.4809840918	230
-121.968368769	44.5	230
-121.5	44.8333295286	230
-121.107606381	45	230
-121	45.0704424679	230
> 240 contour -Z240
-121	45.0115981698	240
-120.5	45.2341378629	240
-120	45.3447351158	240
-119.5	45.3488595486	240
-119.075226098	45	240
-119.122457117	44.5	240
-119.3212239	44	240
-119.5	43.752767697	240
-119.625514388	43.5	240
-120	43.0536732674	240
-120.035135299	43	240
-120.5	42.5540786982	240
-120.565142542	42.5	240
-121	42.1917437017	240
-121.5	42.0686212182	240
-122	42.0649564862	240
-122.5	42.1711699665	240
-122.813201666	42.5	240
-122.846494257	43	240
-122.774447978	43.5	240
-122.5	43.9507334232	240
-122.466297567	44	240
-122	44.4487318397	240
-121.914720148	44.5	240
-121.5	44.7951487601	240
-121.017717112	45	240
-121	45.0115981698	240
> 250 contour -Z250
-120.5	45.1801392734	250
-120	45.2788667977	250
-119.5	45.2424675226	250
-119.20476982	45	250
-119.19616431	44.5	250
-119.380788118	44	250
-119.5	43.8351400048	250
-119.666417181	43.5	250
-120	43.1024228334	250
-120.067047477	43	250
-120.5	42.5846904516	250
-120.602017045	42.5	250
-121	42.2178828418	250
-121.5	42.0859568119	250
-122	42.0797334313	250
-122.5	42.192233175	250
-122.793139547	42.5	250
-122.825311393	43	250
-122.744617015	43.5	250
-122.5	43.9017411768	250
-122.432782799	44	250
-122	44.4164796174	250
-121.861071497	44.5	250
-121.5	44.7569679916	250
-121	44.9713846743	250
-120.90300554	45	250
-120.5	45.1801392734	250
> 260 contour -Z260
-120.5	45.1261406541	260
-120	45.2129984647	260
-119.5	45.1360754967	260
-119.334313497	45	260
-119.269871503	44.5	260
-119.440352343	44	260
-119.5	43.9175123125	260
-119.707320005	43.5	260
-120	43.1511724293	260
-120.098959655	43	260
-120.5	42.6153022051	260
-120.638891578	42.5	260
-121	42.244021982	260
-121.5	42.1032924056	260
-122	42.0945103765	260
-122.5	42.2132963538	260
-122.773077458	42.5	260
-122.804128528	43	260
-122.714786038	43.5	260
-122.5	43.8527489603	260
-122.399268031	44	260
-122	44.3842273653	260
-121.807422847	44.5	260
-121.5	44.7187872529	260
-121	44.9357447028	260
-120.782200456	45	260
-120.5	45.1261406541	260
> 270 contour -Z270
-120.5	45.0721420646	270
-120	45.1471301317	270
-119.5	45.029683467	270
-119.4638572	45	270
-119.343578711	44.5	270
-119.499916565	44	270
-119.5	43.9998846164	270
-119.748222798	43.5	270
-120	43.1999219954	270
-120.130871803	43	270
-120.5	42.6459139287	270
-120.675766081	42.5	270
-121	42.270161137	270
-121.5	42.1206279993	270
-122	42.1092873216	270
-122.5	42.2343595326	270
-122.753015339	42.5	270
-122.782945693	43	270
-122.68495506	43.5	270
-122.5	43.8037567437	270
-122.365753263	44	270
-122	44.3519751132	270
-121.753774226	44.5	270
-121.5	44.6806064844	270
-121	44.9001047611	270
-120.661395386	45	270
-120.5	45.0721420646	270
> 280 contour -Z280
-120.5	45.0181434453	280
-120	45.0812617987	280
-119.684427083	45	280
-119.5	44.8044162095	280
-119.417285897	44.5	280
-119.5	44.2354300916	280
-119.548703134	44	280
-119.789125606	43.5	280
-120	43.2486715913	280
-120.16278398	43	280
-120.5	42.6765256822	280
-120.712640613	42.5	280
-121	42.2963002771	280
-121.5	42.1379635632	280
-122	42.1240642667	280
-122.5	42.2554227263	280
-122.732953221	42.5	280
-122.761762828	43	280
-122.655124083	43.5	280
-122.5	43.7547644973	280
-122.332238495	44	280
-122	44.3197228909	280
-121.700125575	44.5	280
-121.5	44.6424257308	280
-121	44.8644648194	280
-120.540590327	45	280
-120.5	45.0181434453	280
> 290 contour -Z290
-120	45.0153934658	290
-119.940220851	45	290
-119.5	44.5331485048	290
-119.490993093	44.5	290
-119.5	44.4711904433	290
-119.597474605	44	290
-119.830028415	43.5	290
-120	43.2974211574	290
-120.194696158	43	290
-120.5	42.7071374059	290
-120.749515116	42.5	290
-121	42.3224394321	290
-121.5	42.1552991569	290
-122	42.1388412118	290
-122.5	42.2764859051	290
-122.712891102	42.5	290
-122.740579993	43	290
-122.625293106	43.5	290
-122.5	43.7057722807	290
-122.298723757	44	290
-122	44.2874706388	290
-121.646476939	44.5	290
-121.5	44.6042449623	290
-121	44.8288248777	290
-120.5	44.9694276154	290
-120.130165994	45	290
-120	45.0153934658	290
> 300 contour -Z300
-121.5	44.5660642087	300
-121	44.7931849062	300
-120.5	44.9233849943	300
-120	44.9385179877	300
-119.569190115	44.5	300
-119.646246046	44	300
-119.870931223	43.5	300
-120	43.3461707383	300
-120.226608336	43	300
-120.5	42.7377491593	300
-120.786389649	42.5	300
-121	42.3485785723	300
-121.5	42.1726347506	300
-122	42.1536181569	300
-122.5	42.2975490838	300
-122.692828998	42.5	300
-122.719397143	43	300
-122.595462129	43.5	300
-122.5	43.6567800641	300
-122.265208989	44	300
-122	44.2552183867	300
-121.592828296	44.5	300
-121.5	44.5660642087	300
> 310 contour -Z310
-121.5	44.5278834403	310
-121	44.7575449646	310
-120.5	44.8773423433	310
-120	44.8582856357	310
-119.648012191	44.5	310
-119.695017517	44	310
-119.911834031	43.5	310
-120	43.3949203193	310
-120.258520514	43	310
-120.5	42.7683608979	310
-120.823264167	42.5	310
-121	42.3747177273	310
-121.5	42.1899703443	310
-122	42.168395102	310
-122.5	42.3186122775	310
-122.672766879	42.5	310
-122.698214293	43	310
-122.565631151	43.5	310
-122.5	43.6077878326	310
-122.231694221	44	310
-122	44.2229661644	310
-121.539179653	44.5	310
-121.5	44.5278834403	310
> 320 contour -Z320
-121	44.7219050229	320
-120.5	44.8312997222	320
-120	44.7780532837	320
-119.726834238	44.5	320
-119.743788958	44	320
-119.952736836	43.5	320
-120	43.4436698966	320
-120.290432692	43	320
-120.5	42.7989726514	320
-120.860138685	42.5	320
-121	42.4008568674	320
-121.5	42.207305938	320
-122	42.1831720471	320
-122.5	42.3396754563	320
-122.652704775	42.5	320
-122.677031443	43	320
-122.535800178	43.5	320
-122.5	43.5587956049	320
-122.198179454	44	320
-122	44.1907139122	320
-121.5	44.4926281571	320
-121.479241133	44.5	320
-121	44.7219050229	320
> 330 contour -Z330
-121	44.6862650812	330
-120.5	44.7852570713	330
-120	44.6978209317	330
-119.805656284	44.5	330
-119.792560413	44	330
-119.993639643	43.5	330
-120	43.4924194762	330
-120.322344869	43	330
-120.5	42.8295843899	330
-120.89701321	42.5	330
-121	42.426996015	330
-121.5	42.2246415317	330
-122	42.1979489923	330
-122.5	42.36073865	330
-122.632642657	42.5	330
-122.655848593	43	330
-122.505969199	43.5	330
-122.5	43.509803379	330
-122.164664686	44	330
-122	44.158461675	330
-121.5	44.4652945399	330
-121.402270675	44.5	330
-121	44.6862650812	330
> 340 contour -Z340
-121	44.6506251097	340
-120.5	44.7392144501	340
-120	44.6175885797	340
-119.884478346	44.5	340
-119.841331869	44	340
-120	43.6030431986	340
-120.028147578	43.5	340
-120.354257047	43	340
-120.5	42.8601961285	340
-120.933887728	42.5	340
-121	42.4531351626	340
-121.5	42.2419770956	340
-122	42.2127259076	340
-122.5	42.3818018362	340
-122.612580545	42.5	340
-122.634665728	43	340
-122.5	43.4441192448	340
-122.482646883	43.5	340
-122.131149933	44	340
-122	44.1262094378	340
-121.5	44.4379609227	340
-121.325300217	44.5	340
-121	44.6506251097	340
> 350 contour -Z350
-121	44.614985168	350
-120.5	44.6931718141	350
-120	44.5373562314	350
-119.963300403	44.5	350
-119.890103333	44	350
-120	43.7250598967	350
-120.061478019	43.5	350
-120.386169225	43	350
-120.5	42.8908078745	350
-120.970762247	42.5	350
-121	42.4792743083	350
-121.5	42.2593126893	350
-122	42.2275028527	350
-122.5	42.4028650224	350
-122.592518434	42.5	350
-122.613482885	43	350
-122.5	43.3742595315	350
-122.460952729	43.5	350
-122.097635165	44	350
-122	44.0939571932	350
-121.5	44.4106273353	350
-121.248329774	44.5	350
-121	44.614985168	350
> 360 contour -Z360
-121	44.5793452263	360
-120.5	44.647129178	360
-120.071637273	44.5	360
-120	44.3505342305	360
-119.938874785	44	360
-120	43.8470765948	360
-120.094808459	43.5	360
-120.418081403	43	360
-120.5	42.9214196131	360
-121	42.5048463345	360
-121.007910013	42.5	360
-121.5	42.276648283	360
-122	42.2422797978	360
-122.5	42.4239282012	360
-122.572456323	42.5	360
-122.592300035	43	360
-122.5	43.3043997884	360
-122.439258605	43.5	360
-122.064120404	44	360
-122	44.0617049523	360
-121.5	44.3832937181	360
-121.17135933	44.5	360
-121	44.5793452263	360
> 370 contour -Z370
-121	44.5437052846	370
-120.5	44.601086542	370
-120.205689192	44.5	370
-120	44.070844993	370
-119.987646242	44	370
-120	43.9690932985	370
-120.12813893	43.5	370
-120.449993577	43	370
-120.5	42.9520313591	370
-121	42.528247118	370
-121.046103895	42.5	370
-121.5	42.2939838767	370
-122	42.2570567429	370
-122.5	42.4449913912	370
-122.552394208	42.5	370
-122.571117185	43	370
-122.5	43.2345400602	370
-122.417564452	43.5	370
-122.030605642	44	370
-122	44.0294527095	370
-121.5	44.3559601009	370
-121.094388872	44.5	370
-121	44.5437052846	370
> 380 contour -Z380
-121	44.5080653131	380
-120.5	44.5550439097	380
-120.339741111	44.5	380
-120.03721261	44	380
-120.16146937	43.5	380
-120.481905753	43	380
-120.5	42.9826431014	380
-121	42.5516479313	380
-121.084297776	42.5	380
-121.5	42.3113194555	380
-122	42.271833688	380
-122.5	42.4660545774	380
-122.532332096	42.5	380
-122.549934331	43	380
-122.5	43.1646803319	380
-122.395870328	43.5	380
-122	43.9976328611	380
-121.996416032	44	380
-121.5	44.3286265135	380
-121.017418418	44.5	380
-121	44.5080653131	380
> 390 contour -Z390
-120.5	44.5090012848	390
-120.47379303	44.5	390
-120.08704865	44	390
-120.194799811	43.5	390
-120.5	43.0225760043	390
-120.511644334	43	390
-121	42.5750487149	390
-121.122491658	42.5	390
-121.5	42.3286550492	390
-122	42.2866106331	390
-122.5	42.4871177617	390
-122.512269982	42.5	390
-122.528751479	43	390
-122.5	43.0948205963	390
-122.374176204	43.5	390
-122	43.9703620374	390
-121.955126464	44	390
-121.5	44.3012928963	390
-121	44.4738888443	390
-120.600855827	44.5	390
-120.5	44.5090012848	390
> 400 contour -Z400
-121.5	44.2739592791	400
-121	44.4401403964	400
-120.5	44.4502823353	400
-120.136884689	44	400
-120.228130251	43.5	400
-120.5	43.0747147501	400
-120.538536608	43	400
-121	42.5984494984	400
-121.160685539	42.5	400
-121.5	42.3459906429	400
-122	42.3013875782	400
-122.485957146	42.5	400
-122.5	42.7604265958	400
-122.507568629	43	400
-122.5	43.0249608681	400
-122.352482051	43.5	400
-122	43.9430911839	400
-121.913836926	44	400
-121.5	44.2739592791	400
> 410 contour -Z410
-121.5	44.2466256618	410
-121	44.4063919783	410
-120.5	44.3884830177	410
-120.186720729	44	410
-120.261460692	43.5	410
-120.5	43.1268534958	410
-120.565428883	43	410
-121	42.621850282	410
-121.198879421	42.5	410
-121.5	42.3633262217	410
-122	42.3161645234	410
-122.449801505	42.5	410
-122.486637652	43	410
-122.330787927	43.5	410
-122	43.9158203602	410
-121.872547358	44	410
-121.5	44.2466256618	410
> 420 contour -Z420
-121.5	44.2192920744	420
-121	44.3726435304	420
-120.5	44.3266836703	420
-120.236556768	44	420
-120.294791147	43.5	420
-120.5	43.1789922416	420
-120.592321157	43	420
-121	42.6452510655	420
-121.237073302	42.5	420
-121.5	42.3806618154	420
-122	42.3309414536	420
-122.413645834	42.5	420
-122.465846658	43	420
-122.309093773	43.5	420
-122	43.8885495067	420
-121.83125782	44	420
-121.5	44.2192920744	420
> 430 contour -Z430
-121.5	44.1919584572	430
-121	44.3388951123	430
-120.5	44.2648843229	430
-120.286392793	44	430
-120.328121588	43.5	430
-120.5	43.2311309576	430
-120.619213432	43	430
-121	42.6686518788	430
-121.275267199	42.5	430
-121.5	42.3979974017	430
-122	42.3457183987	430
-122.377490193	42.5	430
-122.445055693	43	430
-122.28739965	43.5	430
-122	43.8612786829	430
-121.789968252	44	430
-121.5	44.1919584572	430
> 440 contour -Z440
-121.5	44.16462484	440
-121	44.3051466644	440
-120.5	44.2030849904	440
-120.336228833	44	440
-120.361452028	43.5	440
-120.5	43.2832697183	440
-120.646105707	43	440
-121	42.6920526624	440
-121.31346108	42.5	440
-121.5	42.4153329954	440
-122	42.3604953438	440
-122.341334552	42.5	440
-122.424264729	43	440
-122.265705496	43.5	440
-122	43.8340078294	440
-121.748678699	44	440
-121.5	44.16462484	440
> 450 contour -Z450
-121.5	44.1372912526	450
-121	44.2713982463	450
-120.5	44.141285643	450
-120.386064857	44	450
-120.394782476	43.5	450
-120.5	43.3354084492	450
-120.672997981	43	450
-121	42.7154534459	450
-121.351654962	42.5	450
-121.5	42.4326685816	450
-122	42.3752722889	450
-122.30517891	42.5	450
-122.403473765	43	450
-122.244011372	43.5	450
-122	43.8067370057	450
-121.707389146	44	450
-121.5	44.1372912526	450
> 460 contour -Z460
-121.5	44.1099576354	460
-121	44.2376498133	460
-120.5	44.0794863105	460
-120.435900897	44	460
-120.428112917	43.5	460
-120.5	43.387547195	460
-120.699890286	43	460
-121	42.7388542295	460
-121.389848851	42.5	460
-121.5	42.4500041641	460
-122	42.3900492266	460
-122.269023269	42.5	460
-122.3826828	43	460
-122.222317234	43.5	460
-122	43.7794661522	460
-121.666099593	44	460
-121.5	44.1099576354	460
> 470 contour -Z470
-121.5	44.0826240182	470
-121	44.2039013803	470
-120.5	44.0176869687	470
-120.48573693	44	470
-120.461443365	43.5	470
-120.5	43.4396859407	470
-120.72678256	43	470
-121	42.7622550279	470
-121.42804274	42.5	470
-121.5	42.4673397541	470
-122	42.4048261717	470
-122.232867613	42.5	470
-122.361891806	43	470
-122.200623095	43.5	470
-122	43.7521953285	470
-121.624810047	44	470
-121.5	44.0826240182	470
> 480 contour -Z480
-121.5	44.055290401	480
-121	44.1701529473	480
-120.562009156	44	480
-120.5	43.5900525078	480
-120.494773809	43.5	480
-120.5	43.4918246809	480
-120.753674835	43	480
-121	42.7856558114	480
-121.466236621	42.5	480
-121.5	42.4846753441	480
-122	42.4196031168	480
-122.196711957	42.5	480
-122.341100842	43	480
-122.178928956	43.5	480
-122	43.7249244899	480
-121.583520494	44	480
-121.5	44.055290401	480
> 490 contour -Z490
-121.5	44.0279568136	490
-121	44.1364045143	490
-120.648881018	44	490
-120.532706529	43.5	490
-120.78056711	43	490
-121	42.8090566099	490
-121.5	42.5029576123	490
-121.512728542	42.5	490
-122	42.4343800545	490
-122.160556316	42.5	490
-122.320309877	43	490
-122.157234818	43.5	490
-122	43.6976536512	490
-121.542230941	44	490
-121.5	44.0279568136	490
> 500 contour -Z500
-121.5	44.0006231964	500
-121	44.1026560813	500
-120.735752881	44	500
-120.571495086	43.5	500
-120.807459384	43	500
-121	42.8324573934	500
-121.5	42.5284541547	500
-121.622457117	42.5	500
-122	42.4491569996	500
-122.124400668	42.5	500
-122.299518913	43	500
-122.135540694	43.5	500
-122	43.6703828126	500
-121.500941389	44	500
-121.5	44.0006231964	500
> 510 contour -Z510
-121	44.0689076483	510
-120.822624758	44	510
-120.610283643	43.5	510
-120.834351674	43	510
-121	42.8558581918	510
-121.5	42.5539506972	510
-121.732185692	42.5	510
-122	42.463933941	510
-122.088245027	42.5	510
-122.278727919	43	510
-122.113846548	43.5	510
-122	43.643111974	510
-121.5	43.9678666592	510
-121.338158458	44	510
-121	44.0689076483	510
> 520 contour -Z520
-121	44.0351592302	520
-120.909496628	44	520
-120.6490722	43.5	520
-120.861243948	43	520
-121	42.8792589754	520
-121.5	42.5794472396	520
-121.841914251	42.5	520
-122	42.4787108842	520
-122.052089378	42.5	520
-122.257936954	43	520
-122.092152417	43.5	520
-122	43.6158411354	520
-121.5	43.9349836111	520
-121.172540888	44	520
-121	44.0351592302	520
> 530 contour -Z530
-121	44.0014107823	530
-120.996368497	44	530
-120.687860787	43.5	530
-120.88813623	43	530
-121	42.9026597664	530
-121.5	42.6049437821	530
-121.951642815	42.5	530
-122	42.4934878275	530
-122.01593373	42.5	530
-122.23714599	43	530
-122.070458278	43.5	530
-122	43.5885702968	530
-121.5	43.902100563	530
-121.006923308	44	530
-121	44.0014107823	530
> 540 contour -Z540
-122	43.561299473	540
-121.5	43.8692174852	540
-121	43.9401530623	540
-120.726649344	43.5	540
-120.915028505	43	540
-121	42.9260605574	540
-121.5	42.6304403245	540
-122	42.5255028009	540
-122.216355026	43	540
-122.048764139	43.5	540
-122	43.561299473	540
> 550 contour -Z550
-122	43.5340286195	550
-121.5	43.8363344371	550
-121	43.877695173	550
-120.765437886	43.5	550
-120.941920787	43	550
-121	42.9494613484	550
-121.5	42.655936867	550
-122	42.5711003244	550
-122.195564047	43	550
-122.027070003	43.5	550
-122	43.5340286195	550
> 560 contour -Z560
-122	43.5067577958	560
-121.5	43.8034513891	560
-121	43.8152372837	560
-120.804226443	43.5	560
-120.968813065	43	560
-121	42.9728621393	560
-121.5	42.6814334095	560
-122	42.6166978776	560
-122.174773082	43	560
-122.005375866	43.5	560
-122	43.5067577958	560
> 570 contour -Z570
-121.5	43.7705683112	570
-121	43.7527794242	570
-120.843015	43.5	570
-120.995705344	43	570
-121	42.9962629292	570
-121.5	42.7069299519	570
-122	42.6622954309	570
-122.153982118	43	570
-122	43.4539004266	570
-121.958120048	43.5	570
-121.5	43.7705683112	570
> 580 contour -Z580
-121.5	43.7376852632	580
-121	43.6903215498	580
-120.881803565	43.5	580
-121	43.1080773771	580
-121.037067324	43	580
-121.5	42.7324264944	580
-122	42.7078929543	580
-122.133191139	43	580
-122	43.3926138878	580
-121.9024432	43.5	580
-121.5	43.7376852632	580
> 590 contour -Z590
-121.5	43.7048022151	590
-121	43.6278636754	590
-120.920592122	43.5	590
-121	43.2366947234	590
-121.081179261	43	590
-121.5	42.7579230517	590
-122	42.7534905076	590
-122.112400167	43	590
-122	43.3313273489	590
-121.846766353	43.5	590
-121.5	43.7048022151	590
> 600 contour -Z600
-121.5	43.6719191372	600
-121	43.5654057935	600
-120.959380679	43.5	600
-121	43.3653120846	600
-121.125291169	43	600
-121.5	42.7834195942	600
-122	42.799088046	600
-122.091609202	43	600
-122	43.2700408101	600
-121.791089535	43.5	600
-121.5	43.6719191372	600
> 610 contour -Z610
-121.5	43.6390360892	610
-121	43.5029479172	610
-120.998169239	43.5	610
-121	43.4939294551	610
-121.169403106	43	610
-121.5	42.8089161366	610
-122	42.8446855992	610
-122.070818231	43	610
-122	43.2087542862	610
-121.735412702	43.5	610
-121.5	43.6390360892	610
> 620 contour -Z620
-121.5	43.6061530411	620
-121.113944232	43.5	620
-121.213515043	43	620
-121.5	42.8344126791	620
-122	42.8902831376	620
-122.050027259	43	620
-122	43.1474677473	620
-121.679735854	43.5	620
-121.5	43.6061530411	620
> 630 contour -Z630
-121.5	43.5732699633	630
-121.233532846	43.5	630
-121.257626966	43	630
-121.5	42.8599092215	630
-122	42.9358806834	630
-122.029236287	43	630
-122	43.086181201	630
-121.624059029	43.5	630
-121.5	43.5732699633	630
> 640 contour -Z640
-121.5	43.5403869152	640
-121.353121459	43.5	640
-121.301738903	43	640
-121.5	42.885405764	640
-122	42.9814782236	640
-122.008445317	43	640
-122	43.0248946641	640
-121.568382189	43.5	640
-121.5	43.5403869152	640
> 650 contour -Z650
-121.5	43.5075038671	650
-121.472710086	43.5	650
-121.345850825	43	650
-121.5	42.9109023064	650
-121.927378267	43	650
-121.512705356	43.5	650
-121.5	43.5075038671	650
> 660 contour -Z660
-121.5	43.3818539083	660
-121.389962763	43	660
-121.5	42.9363988563	660
-121.80507803	43	660
-121.5	43.3818539083	660
> 670 contour -Z670
-121.5	43.2287756205	670
-121.434074692	43	670
-121.5	42.9618953951	670
-121.682777792	43	670
-121.5	43.2287756205	670
> 680 contour -Z680
-121.5	43.0756973326	680
-121.478186619	43	680
-121.5	42.9873919403	680
-121.560477555	43	680
-121.5	43.0756973326	680
