> 10 contour -Z10
-118.5	51.5188388526	10
-118	51.6602808088	10
-117.5	51.7397316545	10
-117	51.7737631798	10
-116.5	51.7679636478	10
-116	51.7087734342	10
-115.5	51.5762139261	10
-115.303278655	51.5	10
-115	51.411891222	10
-114.5	51.2024897784	10
-114.145797938	51	10
-114	50.9275570214	10
-113.5	50.6169815958	10
-113.338330075	50.5	10
-113	50.2552472055	10
-112.699725658	50	10
-112.5	49.7691087127	10
-112.275588512	49.5	10
-112	49.0137657514	10
-111.990937018	49	10
-111.756678015	48.5	10
-111.701714069	48	10
-111.808504269	47.5	10
-112	47.1928114593	10
-112.084976047	47	10
-112.465064283	46.5	10
-112.5	46.4661674462	10
-112.893406443	46	10
-113	45.9030605406	10
-113.40998733	45.5	10
-113.5	45.4156212956	10
-113.969776139	45	10
-114	44.9698166829	10
-114.468002986	44.5	10
-114.5	44.4664225802	10
-114.954524752	44	10
-115	43.94900392	10
-115.398278199	43.5	10
-115.5	43.3778785095	10
-115.811835989	43	10
-116	42.7755666375	10
-116.230275929	42.5	10
-116.5	42.2085884809	10
-116.709499925	42	10
-117	41.726371944	10
-117.310344845	41.5	10
-117.5	41.3576694131	10
-118	41.0791868567	10
-118.221622378	41	10
-118.5	40.8582605273	10
-119	40.720474273	10
-119.5	40.6622454822	10
-120	40.6715907753	10
-120.5	40.7662158161	10
-121	40.9978467461	10
-121.003027266	41	10
-121.5	41.0513154268	10
-122	41.1146332622	10
-122.5	41.2550641894	10
-122.809302479	41.5	10
-123	41.5402558446	10
-123.450725317	42	10
-123.5	42.4452480674	10
-123.540124603	42.5	10
-123.667214349	43	10
-123.615344666	43.5	10
-123.5	43.7385987937	10
-123.463966817	44	10
-123.261411637	44.5	10
-123	44.828482151	10
-122.874017477	45	10
-122.5	45.4452762306	10
-122.445107758	45.5	10
-122.482033163	46	10
-122.488438785	46.5	10
-122.421319783	47	10
-122.301440716	47.5	10
-122.135323554	48	10
-122	48.3357480764	10
-121.959608823	48.5	10
-121.797820598	49	10
-121.5	49.4613241553	10
-121.473154366	49.5	10
-121.047427319	50	10
-121	50.0502496697	10
-120.5	50.4952046275	10
-120.49307096	50.5	10
-120	50.8789944351	10
-119.765869737	51	10
-119.5	51.1601556242	10
-119	51.3725714386	10
-118.549393859	51.5	10
-118.5	51.5188388526	10
> 20 contour -Z20
-118	51.1339085102	20
-117.5	51.2055464685	20
-117	51.2249705046	20
-116.5	51.1894093752	20
-116	51.0888792053	20
-115.727090299	51	20
-115.5	50.9436795115	20
-115	50.7679840028	20
-114.50489828	50.5	20
-114.5	50.4975316823	20
-114	50.2022891343	20
-113.730151087	50	20
-113.5	49.8026460707	20
-113.198806763	49.5	20
-113	49.2202277333	20
-112.842664123	49	20
-112.59481439	48.5	20
-112.5	48.037786115	20
-112.490257945	48	20
-112.5	47.8754383549	20
-112.518526524	47.5	20
-112.681316227	47	20
-113	46.5152512193	20
-113.007590413	46.5	20
-113.366331562	46	20
-113.5	45.867706567	20
-113.827058658	45.5	20
-114	45.3376856595	20
-114.362294242	45	20
-114.5	44.8620233238	20
-114.871987268	44.5	20
-115	44.3702930808	20
-115.350104287	44	20
-115.5	43.841260463	20
-115.816426516	43.5	20
-116	43.2992802709	20
-116.28192088	43	20
-116.5	42.7621785849	20
-116.767833158	42.5	20
-117	42.2683580071	20
-117.325413778	42	20
-117.5	41.8520733267	20
-118	41.5404796898	20
-118.10170418	41.5	20
-118.5	41.2887868732	20
-119	41.169054985	20
-119.5	41.1429935098	20
-120	41.1695447862	20
-120.5	41.170786351	20
-121	41.1684850454	20
-121.5	41.1815576851	20
-122	41.2653673142	20
-122.473159492	41.5	20
-122.5	41.5037735999	20
-123	41.6118726432	20
-123.3805134	42	20
-123.446667045	42.5	20
-123.473614722	43	20
-123.45827809	43.5	20
-123.35008201	44	20
-123	44.464827925	20
-122.971559227	44.5	20
-122.559611391	45	20
-122.5	45.0709687024	20
-122.069647804	45.5	20
-122.023696039	46	20
-122.06024662	46.5	20
-122	46.9361439943	20
-121.995222658	47	20
-121.905492246	47.5	20
-121.779813111	48	20
-121.596051775	48.5	20
-121.5	48.6883913428	20
-121.335404903	49	20
-121	49.4206027091	20
-120.923708826	49.5	20
-120.5	49.9027262926	20
-120.367602199	50	20
-120	50.286570847	20
-119.617096439	50.5	20
-119.5	50.5751238316	20
-119	50.8264594674	20
-118.5	50.9963667691	20
-118.482758731	51	20
-118	51.1339085102	20
> 30 contour -Z30
-118.5	50.640165329	30
-118	50.7695930004	30
-117.5	50.8297925293	30
-117	50.8413352668	30
-116.5	50.7989707589	30
-116	50.6973598748	30
-115.5	50.52894824	30
-115.434656434	50.5	30
-115	50.3288988769	30
-114.5	50.0318088941	30
-114.453378808	50	30
-114	49.6802733839	30
-113.799796879	49.5	30
-113.5	49.1426659226	30
-113.387566604	49	30
-113.10308823	48.5	30
-113	48.1431736946	30
-112.952533953	48	30
-112.951389521	47.5	30
-113	47.3563204408	30
-113.086394101	47	30
-113.341971457	46.5	30
-113.5	46.2960820943	30
-113.691954762	46	30
-114	45.664268285	30
-114.135560811	45.5	30
-114.5	45.1524378657	30
-114.653580219	45	30
-115	44.6594096124	30
-115.169445723	44.5	30
-115.5	44.1567501128	30
-115.646338493	44	30
-116	43.628218323	30
-116.116753399	43.5	30
-116.5	43.1023981869	30
-116.601548523	43	30
-117	42.6064280868	30
-117.122196048	42.5	30
-117.5	42.1610298455	30
-117.743036002	42	30
-118	41.8117911965	30
-118.5	41.5933947265	30
-118.971208371	41.5	30
-119	41.4918022295	30
-119.5	41.4839413352	30
-119.760797739	41.5	30
-120	41.5076666176	30
-120.061520875	41.5	30
-120.5	41.4224980175	30
-121	41.3373754174	30
-121.5	41.3117999285	30
-122	41.4161013886	30
-122.169189662	41.5	30
-122.5	41.5465101302	30
-123	41.6834894717	30
-123.310301512	42	30
-123.388296753	42.5	30
-123.422030568	43	30
-123.399614006	43.5	30
-123.236197174	44	30
-123	44.3136152029	30
-122.84928593	44.5	30
-122.5	44.8895009458	30
-122.417098016	45	30
-122	45.4167484343	30
-121.841629386	45.5	30
-121.77613312	46	30
-121.805614591	46.5	30
-121.763311684	47	30
-121.654475614	47.5	30
-121.5	47.9859444499	30
-121.496098727	48	30
-121.300736606	48.5	30
-121	48.9551229775	30
-120.964951038	49	30
-120.5	49.478143543	30
-120.472688407	49.5	30
-120	49.8772569001	30
-119.792761356	50	30
-119.5	50.1906033903	30
-119	50.4337872565	30
-118.819295764	50.5	30
-118.5	50.640165329	30
> 40 contour -Z40
-117.5	50.5182855129	40
-117	50.5267115254	40
-116.762318209	50.5	40
-116.5	50.4769733548	40
-116	50.3784253895	40
-115.5	50.2133612633	40
-115.067195952	50	40
-115	49.9683245718	40
-114.5	49.6612985432	40
-114.292508423	49.5	40
-114	49.228256166	40
-113.798155963	49	40
-113.502347112	48.5	40
-113.5	48.4935195148	40
-113.300751403	48	40
-113.2742185	47.5	40
-113.396606274	47	40
-113.5	46.8063784838	40
-113.628121644	46.5	40
-113.971690696	46	40
-114	45.9691463131	40
-114.387158446	45.5	40
-114.5	45.392384097	40
-114.895324633	45	40
-115	44.8970860541	40
-115.422085807	44.5	40
-115.5	44.4190933481	40
-115.891256459	44	40
-116	43.8856848851	40
-116.351198003	43.5	40
-116.5	43.3456243575	40
-116.842756495	43	40
-117	42.8446821421	40
-117.395748965	42.5	40
-117.5	42.4064647406	40
-118	42.0579893887	40
-118.137218893	42	40
-118.5	41.8180633634	40
-119	41.717176199	40
-119.5	41.728228569	40
-120	41.6851352155	40
-120.5	41.5705835521	40
-121	41.5018776059	40
-121.038477331	41.5	40
-121.5	41.4420421869	40
-121.750450313	41.5	40
-122	41.513761431	40
-122.5	41.5892466307	40
-123	41.7551062554	40
-123.240089595	42	40
-123.329926461	42.5	40
-123.370446414	43	40
-123.340949893	43.5	40
-123.12231233	44	40
-123	44.1624024808	40
-122.727012634	44.5	40
-122.5	44.753149718	40
-122.314800441	45	40
-122	45.3145365715	40
-121.647190347	45.5	40
-121.540061347	46	40
-121.579400949	46.5	40
-121.531400744	47	40
-121.5	47.1301922947	40
-121.427668691	47.5	40
-121.276925415	48	40
-121.029924704	48.5	40
-121	48.5452868715	40
-120.644869119	49	40
-120.5	49.1489796191	40
-120.061368894	49.5	40
-120	49.5489790738	40
-119.5	49.8748010099	40
-119.246562138	50	40
-119	50.1364690512	40
-118.5	50.342246294	40
-118	50.4605035484	40
-117.631732866	50.5	40
-117.5	50.5182855129	40
> 50 contour -Z50
-118.5	50.0821412206	50
-118	50.2198180407	50
-117.5	50.279678911	50
-117	50.28436777	50
-116.5	50.23122482	50
-116	50.1108167246	50
-115.713107973	50	50
-115.5	49.9239216447	50
-115	49.6736696512	50
-114.742777318	49.5	50
-114.5	49.3255237937	50
-114.156892508	49	50
-114	48.7897022367	50
-113.803261936	48.5	50
-113.602592647	48	50
-113.561189741	47.5	50
-113.654214472	47	50
-113.871052384	46.5	50
-114	46.3143536747	50
-114.180510938	46	50
-114.5	45.6287167966	50
-114.601059139	45.5	50
-115	45.1033125222	50
-115.101329595	45	50
-115.5	44.618327409	50
-115.629015416	44.5	50
-116	44.109246701	50
-116.108882993	44	50
-116.5	43.5773121715	50
-116.571821779	43.5	50
-117	43.0689061284	50
-117.072148055	43	50
-117.5	42.6153286994	50
-117.65839985	42.5	50
-118	42.2473116219	50
-118.5	42.0339146256	50
-118.707009107	42	50
-119	41.940012455	50
-119.5	41.9677380696	50
-120	41.8626038134	50
-120.5	41.6725681722	50
-121	41.5524869561	50
-121.5	41.5176159143	50
-122	41.5447976887	50
-122.5	41.6319831312	50
-123	41.8267230839	50
-123.169877693	42	50
-123.271556169	42.5	50
-123.318862259	43	50
-123.28228581	43.5	50
-123.008427497	44	50
-123	44.0111897662	50
-122.604739331	44.5	50
-122.5	44.6167984903	50
-122.212502822	45	50
-122	45.2123247236	50
-121.5	45.4858658314	50
-121.454031259	45.5	50
-121.353433371	46	50
-121.393154621	46.5	50
-121.351687938	47	50
-121.239599794	47.5	50
-121.057752129	48	50
-121	48.1142670661	50
-120.779957473	48.5	50
-120.5	48.8369960487	50
-120.333119929	49	50
-120	49.2811165154	50
-119.663236246	49.5	50
-119.5	49.6094363853	50
-119	49.8775186837	50
-118.684290424	50	50
-118.5	50.0821412206	50
> 60 contour -Z60
-117.5	50.0456184149	60
-117	50.0487299263	60
-116.611131907	50	60
-116.5	49.9875584245	60
-116	49.8718952239	60
-115.5	49.6765927821	60
-115.182553768	49.5	60
-115	49.4001556635	60
-114.5	49.0118868891	60
-114.487471021	49	60
-114.085978299	48.5	60
-114	48.3116224706	60
-113.855283827	48	60
-113.788576171	47.5	60
-113.885524653	47	60
-114	46.7433358431	60
-114.085511237	46.5	60
-114.381346442	46	60
-114.5	45.8621108532	60
-114.784303263	45.5	60
-115	45.2855216116	60
-115.280041456	45	60
-115.5	44.7894196659	60
-115.815561682	44.5	60
-116	44.305733487	60
-116.304715663	44	60
-116.5	43.7889523804	60
-116.76843223	43.5	60
-117	43.266855374	60
-117.279410556	43	60
-117.5	42.8016733974	60
-117.914337628	42.5	60
-118	42.4366338477	60
-118.5	42.2122249603	60
-119	42.1369513571	60
-119.5	42.170987606	60
-120	42.0194581449	60
-120.046338856	42	60
-120.5	41.7745527923	60
-121	41.6030962765	60
-121.5	41.5493563116	60
-122	41.5758339167	60
-122.5	41.6747196317	60
-123	41.8983399123	60
-123.099665791	42	60
-123.213185862	42.5	60
-123.267278135	43	60
-123.223621696	43.5	60
-123	43.90227741	60
-122.963016242	44	60
-122.5	44.4938908219	60
-122.493103445	44.5	60
-122.110205233	45	60
-122	45.1101128608	60
-121.5	45.427700609	60
-121.264859438	45.5	60
-121.176910877	46	60
-121.22852388	46.5	60
-121.18014957	47	60
-121.051530909	47.5	60
-121	47.6355764866	60
-120.849096417	48	60
-120.532579686	48.5	60
-120.5	48.5392174758	60
-120.028260419	49	60
-120	49.0238486808	60
-119.5	49.3729128838	60
-119.265915126	49.5	60
-119	49.6511207223	60
-118.5	49.8559821844	60
-118	49.9825770557	60
-117.846058249	50	60
-117.5	50.0456184149	60
> 70 contour -Z70
-118.5	49.6454913318	70
-118	49.7816205025	70
-117.5	49.8410966098	70
-117	49.8396085203	70
-116.5	49.777041018	70
-116	49.6532491148	70
-115.644898146	49.5	70
-115.5	49.4424269199	70
-115	49.1569886506	70
-114.799216226	49	70
-114.5	48.7047323585	70
-114.334326789	48.5	70
-114.086789668	48	70
-114.012363136	47.5	70
-114.087176442	47	70
-114.267760202	46.5	70
-114.5	46.121532619	70
-114.563390791	46	70
-114.967547394	45.5	70
-115	45.467730701	70
-115.458753325	45	70
-115.5	44.9605119303	70
-116	44.5015471578	70
-116.001801938	44.5	70
-116.5	44.0004477203	70
-116.500491917	44	70
-116.965042666	43.5	70
-117	43.4648046233	70
-117.486673067	43	70
-117.5	42.9880180787	70
-118	42.615347296	70
-118.260045335	42.5	70
-118.5	42.3905352876	70
-119	42.3243506402	70
-119.5	42.3685926348	70
-120	42.1056323349	70
-120.251559645	42	70
-120.5	41.8765373975	70
-121	41.6537056267	70
-121.5	41.5810967088	70
-122	41.6068701446	70
-122.5	41.7174561322	70
-123	41.9699567463	70
-123.02945389	42	70
-123.154815555	42.5	70
-123.21569398	43	70
-123.164957598	43.5	70
-123	43.7967454195	70
-122.923076928	44	70
-122.5	44.4512883127	70
-122.445010364	44.5	70
-122.007907631	45	70
-122	45.0079010036	70
-121.5	45.3695353568	70
-121.075687632	45.5	70
-121.000388405	46	70
-121.063893139	46.5	70
-121.008611207	47	70
-121	47.0323369689	70
-120.868186951	47.5	70
-120.644203603	48	70
-120.5	48.2238407731	70
-120.283509552	48.5	70
-120	48.7781011462	70
-119.721942917	49	70
-119.5	49.1566311568	70
-119	49.4350890815	70
-118.837599039	49.5	70
-118.5	49.6454913318	70
> 80 contour -Z80
-118	49.5806639493	80
-117.5	49.6437255442	80
-117	49.6374003887	80
-116.5	49.5665235817	80
-116.243130952	49.5	80
-116	49.4461915195	80
-115.5	49.2411224395	80
-115.114160538	49	80
-115	48.9214121103	80
-114.574531019	48.5	80
-114.5	48.3782636821	80
-114.289901286	48	80
-114.188475251	47.5	80
-114.259768754	47	80
-114.450009178	46.5	80
-114.5	46.4185329229	80
-114.718304664	46	80
-115	45.6557755172	80
-115.116782993	45.5	80
-115.5	45.1108517349	80
-115.61279586	45	80
-116	44.6384659708	80
-116.161266148	44.5	80
-116.5	44.1603454053	80
-116.676177084	44	80
-117	43.6542357802	80
-117.158444464	43.5	80
-117.5	43.1727595329	80
-117.717170358	43	80
-118	42.7887236327	80
-118.5	42.5689365864	80
-119	42.512422204	80
-119.5	42.5554507077	80
-119.542823523	42.5	80
-120	42.1918065548	80
-120.456780441	42	80
-120.5	41.978522012	80
-121	41.7043149471	80
-121.5	41.612837106	80
-122	41.6379064023	80
-122.5	41.7601926327	80
-122.95312348	42	80
-123	42.1299937069	80
-123.096445262	42.5	80
-123.164109826	43	80
-123.106293499	43.5	80
-123	43.691213429	80
-122.883137643	44	80
-122.5	44.4086858034	80
-122.396917254	44.5	80
-122	44.9497210085	80
-121.926488638	45	80
-121.5	45.3113701344	80
-121	45.4657638073	80
-120.889345914	45.5	80
-120.823660463	46	80
-120.89575094	46.5	80
-120.838414401	47	80
-120.686626241	47.5	80
-120.5	47.8881504834	80
-120.435395241	48	80
-120.034182761	48.5	80
-120	48.5335306674	80
-119.5	48.9410229623	80
-119.408341557	49	80
-119	49.2398680896	80
-118.5	49.4421029389	80
-118.282596558	49.5	80
-118	49.5806639493	80
> 90 contour -Z90
-119	49.0446470976	90
-118.5	49.2546122968	90
-118	49.3865514398	90
-117.5	49.4492682815	90
-117	49.4439978898	90
-116.5	49.3847010136	90
-116	49.2662901282	90
-115.5	49.0398179628	90
-115.436284065	49	90
-115	48.6996629238	90
-114.798414946	48.5	90
-114.5	48.0125795975	90
-114.493012924	48	90
-114.364587352	47.5	90
-114.432361089	47	90
-114.5	46.8246690333	90
-114.601593167	46.5	90
-114.873218521	46	90
-115	45.8450762928	90
-115.258699462	45.5	90
-115.5	45.2549647093	90
-115.759436339	45	90
-116	44.775384739	90
-116.320730373	44.5	90
-116.5	44.3202430755	90
-116.851862267	44	90
-117	43.8418248743	90
-117.351152405	43.5	90
-117.5	43.357390821	90
-117.949264329	43	90
-118	42.9620999806	90
-118.5	42.7474825084	90
-119	42.7105440199	90
-119.5	42.72097525	90
-119.670654982	42.5	90
-120	42.2779807597	90
-120.5	42.0333257318	90
-120.570082903	42	90
-121	41.7549242824	90
-121.5	41.6445774734	90
-122	41.6689426303	90
-122.5	41.8029291332	90
-122.872371525	42	90
-123	42.3539277613	90
-123.038074963	42.5	90
-123.112525679	43	90
-123.047629401	43.5	90
-123	43.5856814533	90
-122.843198359	44	90
-122.5	44.3660832942	90
-122.348824143	44.5	90
-122	44.895229876	90
-121.846818805	45	90
-121.5	45.2532048821	90
-121	45.4086940289	90
-120.704891741	45.5	90
-120.646932051	46	90
-120.725381568	46.5	90
-120.668288514	47	90
-120.505065531	47.5	90
-120.5	47.5105354348	90
-120.217283189	48	90
-120	48.2679253519	90
-119.775905102	48.5	90
-119.5	48.7271832824	90
-119.076005377	49	90
-119	49.0446470976	90
> 100 contour -Z100
-118.5	49.0671216846	100
-118	49.197028324	100
-117.5	49.2626175582	100
-117	49.2692643702	100
-116.5	49.2161351293	100
-116	49.0863886997	100
-115.81277293	49	100
-115.5	48.8611004949	100
-115.02279076	48.5	100
-115	48.4750438035	100
-114.668722689	48	100
-114.533660531	47.5	100
-114.581401289	47	100
-114.741586447	46.5	100
-115	46.0447842479	100
-115.02168411	46	100
-115.400615923	45.5	100
-115.5	45.3990776986	100
-115.906076796	45	100
-116	44.9123035297	100
-116.480194595	44.5	100
-116.5	44.4801407587	100
-117	44.01978001	100
-117.025085598	44	100
-117.5	43.5356059074	100
-117.550733387	43.5	100
-118	43.139690429	100
-118.326754302	43	100
-118.5	42.9260284603	100
-119	42.9086658359	100
-119.5	42.8864997849	100
-119.798486471	42.5	100
-120	42.3641549796	100
-120.5	42.0755422711	100
-120.658862889	42	100
-121	41.8055336177	100
-121.5	41.6763178706	100
-122	41.699978888	100
-122.5	41.8456656337	100
-122.791619569	42	100
-122.996031761	42.5	100
-123	42.6136942506	100
-123.060941529	43	100
-123	43.4313254058	100
-122.996950716	43.5	100
-122.803259045	44	100
-122.5	44.3234807849	100
-122.300731033	44.5	100
-122	44.8407387137	100
-121.767148942	45	100
-121.5	45.1950396597	100
-121	45.3516242206	100
-120.520437555	45.5	100
-120.5	45.6982824355	100
-120.476442695	46	100
-120.5	46.1715157032	100
-120.555012204	46.5	100
-120.5	46.9838175476	100
-120.497724086	47	100
-120.296725363	47.5	100
-120	47.9986645281	100
-119.999037832	48	100
-119.516205283	48.5	100
-119.5	48.5133436071	100
-119	48.839446336	100
-118.658505365	49	100
-118.5	49.0671216846	100
> 110 contour -Z110
-118	49.0075051785	110
-117.5	49.0759668425	110
-117	49.0945308879	110
-116.5	49.0475692637	110
-116.324064851	49	110
-116	48.9234575629	110
-115.5	48.6879523695	110
-115.251613185	48.5	110
-115	48.2244800478	110
-114.843456224	48	110
-114.679314256	47.5	110
-114.715262949	47	110
-114.881579697	46.5	110
-115	46.2913933694	110
-115.141089946	46	110
-115.5	45.5453335643	110
-115.534545183	45.5	110
-116	45.0408745706	110
-116.04341054	45	110
-116.5	44.5940305293	110
-116.618910611	44.5	110
-117	44.1459279656	110
-117.185070246	44	110
-117.5	43.6920465827	110
-117.773639187	43.5	110
-118	43.3184597492	110
-118.5	43.0987423658	110
-119	43.0864308178	110
-119.5	43.0299566984	110
-119.516728401	43	110
-119.926317938	42.5	110
-120	42.4503291845	110
-120.5	42.1177588105	110
-120.747642875	42	110
-121	41.856142953	110
-121.5	41.7080582678	110
-122	41.731015116	110
-122.5	41.8884021416	110
-122.710867628	42	110
-122.984618902	42.5	110
-123	42.9406839646	110
-123.00935738	43	110
-123	43.066228658	110
-122.980739772	43.5	110
-122.763319761	44	110
-122.5	44.2808782756	110
-122.252637923	44.5	110
-122	44.7862475514	110
-121.687479079	45	110
-121.5	45.1368744224	110
-121	45.2945544124	110
-120.5	45.446082294	110
-120.40238443	45.5	110
-120.336719334	46	110
-120.37132749	46.5	110
-120.286993742	47	110
-120.087616615	47.5	110
-120	47.6472449154	110
-119.745847642	48	110
-119.5	48.2543749213	110
-119.201077595	48.5	110
-119	48.6312864274	110
-118.5	48.8686095774	110
-118.02904956	49	110
-118	49.0075051785	110
> 120 contour -Z120
-118.5	48.6639515758	120
-118	48.8145731688	120
-117.5	48.902077347	120
-117	48.9341312647	120
-116.5	48.9010804296	120
-116	48.776203841	120
-115.5	48.5148042245	120
-115.480435606	48.5	120
-115.017310768	48	120
-115	47.960139364	120
-114.824967951	47.5	120
-114.849124581	47	120
-115	46.5601389706	120
-115.016833812	46.5	120
-115.260495797	46	120
-115.5	45.6965965927	120
-115.649811	45.5	120
-116	45.1545729637	120
-116.164163083	45	120
-116.5	44.7013957798	120
-116.754684255	44.5	120
-117	44.2720759362	120
-117.34505491	44	120
-117.5	43.8484872431	120
-117.996544987	43.5	120
-118	43.4972290969	120
-118.5	43.2673309743	120
-119	43.2467848957	120
-119.5	43.125269264	120
-119.569952726	43	120
-120	42.5249073803	120
-120.024982601	42.5	120
-120.5	42.1599753499	120
-120.836422846	42	120
-121	41.9067522883	120
-121.5	41.7397986352	120
-122	41.7620513588	120
-122.5	41.9311386421	120
-122.630115673	42	120
-122.973206013	42.5	120
-122.991190225	43	120
-122.964528859	43.5	120
-122.723380461	44	120
-122.5	44.2382757813	120
-122.204544812	44.5	120
-122	44.7317563891	120
-121.607809231	45	120
-121.5	45.0787091851	120
-121	45.2374846041	120
-120.5	45.3854461014	120
-120.292605311	45.5	120
-120.196995959	46	120
-120.181292892	46.5	120
-120.076263383	47	120
-120	47.1919081062	120
-119.847770274	47.5	120
-119.5	47.9893091023	120
-119.490927279	48	120
-119	48.4047459364	120
-118.842233419	48.5	120
-118.5	48.6639515758	120
> 130 contour -Z130
-118	48.6215005815	130
-117.5	48.7369463891	130
-117	48.7906262875	130
-116.5	48.7632710636	130
-116	48.6289501339	130
-115.755418286	48.5	130
-115.5	48.3376934528	130
-115.183600545	48	130
-115	47.5772322938	130
-114.970621672	47.5	130
-114.982986236	47	130
-115	46.950398203	130
-115.126073301	46.5	130
-115.379901625	46	130
-115.5	45.8478596509	130
-115.765076801	45.5	130
-116	45.2682713568	130
-116.284915626	45	130
-116.5	44.8087610453	130
-116.890457913	44.5	130
-117	44.3982239068	130
-117.5	44.0029977262	130
-117.505074948	44	130
-118	43.6213484704	130
-118.360728562	43.5	130
-118.5	43.4359195605	130
-119	43.4071389586	130
-119.5	43.2205817997	130
-119.623177052	43	130
-120	42.5837067068	130
-120.08395946	42.5	130
-120.5	42.2021918893	130
-120.925202839	42	130
-121	41.9573616199	130
-121.5	41.7715390325	130
-122	41.7930876017	130
-122.5	41.9738751482	130
-122.549363721	42	130
-122.961793154	42.5	130
-122.980428249	43	130
-122.948317945	43.5	130
-122.683441162	44	130
-122.5	44.195673272	130
-122.156451717	44.5	130
-122	44.6772652268	130
-121.528139373	45	130
-121.5	45.0205439478	130
-121	45.1804148108	130
-120.5	45.3248099089	130
-120.182826206	45.5	130
-120.057272594	46	130
-120	46.449549675	130
-119.993974388	46.5	130
-119.860774219	47	130
-119.585756861	47.5	130
-119.5	47.6206590012	130
-119.178075358	48	130
-119	48.1468145698	130
-118.5	48.4538215399	130
-118.379920363	48.5	130
-118	48.6215005815	130
> 140 contour -Z140
-117.5	48.5718154311	140
-117	48.6471212953	140
-116.5	48.6254616976	140
-116.060065538	48.5	140
-116	48.4830071032	140
-115.5	48.1602122039	140
-115.349890336	48	140
-115.103632271	47.5	140
-115.095534682	47	140
-115.23531279	46.5	140
-115.499307462	46	140
-115.5	45.9991226947	140
-115.880342603	45.5	140
-116	45.3819697425	140
-116.405668162	45	140
-116.5	44.9161262959	140
-117	44.5160553753	140
-117.021876544	44.5	140
-117.5	44.0981633067	140
-117.666183352	44	140
-118	43.7446074188	140
-118.5	43.5637167692	140
-119	43.5393732488	140
-119.089458048	43.5	140
-119.5	43.3158943504	140
-119.676401407	43	140
-120	42.6425060332	140
-120.142936349	42.5	140
-120.5	42.2444084287	140
-121	42.0030354559	140
-121.01239121	42	140
-121.5	41.8032794297	140
-122	41.8241238445	140
-122.467905253	42	140
-122.5	42.0048768818	140
-122.950380296	42.5	140
-122.969666243	43	140
-122.932107002	43.5	140
-122.643501863	44	140
-122.5	44.1530707628	140
-122.108358607	44.5	140
-122	44.6227740645	140
-121.5	44.9757553041	140
-121.384833157	45	140
-121	45.1233450025	140
-120.5	45.2641737163	140
-120.073047094	45.5	140
-120	45.7649941444	140
-119.952782929	46	140
-119.862984926	46.5	140
-119.642586038	47	140
-119.5	47.2463806123	140
-119.330860794	47.5	140
-119	47.8766817451	140
-118.844532669	48	140
-118.5	48.2216520905	140
-118	48.4385810494	140
-117.769922972	48.5	140
-117.5	48.5718154311	140
> 150 contour -Z150
-117	48.5036163032	150
-116.890243903	48.5	150
-116.5	48.4894394875	150
-116	48.3462979198	150
-115.518495411	48	150
-115.5	47.9773782492	150
-115.233448416	47.5	150
-115.204979807	47	150
-115.344552264	46.5	150
-115.5	46.2056512237	150
-115.595504344	46	150
-115.995608411	45.5	150
-116	45.4956681291	150
-116.5	45.0194323361	150
-116.521696478	45	150
-117	44.599157393	150
-117.135108858	44.5	150
-117.5	44.1933288872	150
-117.827291772	44	150
-118	43.867866382	150
-118.5	43.6665022373	150
-119	43.6329186261	150
-119.301997945	43.5	150
-119.5	43.4112068862	150
-119.729625732	43	150
-120	42.7013053596	150
-120.201913208	42.5	150
-120.5	42.2866249532	150
-121	42.0223079324	150
-121.091065705	42	150
-121.5	41.835019812	150
-122	41.8551600724	150
-122.385335684	42	150
-122.5	42.0174235702	150
-122.938967407	42.5	150
-122.958904237	43	150
-122.915896088	43.5	150
-122.603562564	44	150
-122.5	44.1104682609	150
-122.0602655	44.5	150
-122	44.5682829022	150
-121.5	44.9382712245	150
-121.206776872	45	150
-121	45.0662752017	150
-120.5	45.2035375237	150
-120	45.4741374552	150
-119.978422403	45.5	150
-119.872767568	46	150
-119.731995448	46.5	150
-119.5	46.9181857407	150
-119.451594025	47	150
-119.079427645	47.5	150
-119	47.5904275924	150
-118.5	47.9925478101	150
-118.486616552	48	150
-118	48.2728974223	150
-117.5	48.4289414585	150
-117.021344986	48.5	150
-117	48.5036163032	150
> 160 contour -Z160
-118	48.1072137654	160
-117.5	48.3031964302	160
-117	48.3883287907	160
-116.5	48.3715761006	160
-116	48.2095887512	160
-115.708580583	48	160
-115.5	47.7448851168	160
-115.363264576	47.5	160
-115.314424932	47	160
-115.453791745	46.5	160
-115.5	46.4125021473	160
-115.691565812	46	160
-116	45.6152611375	160
-116.089514077	45.5	160
-116.5	45.1082454324	160
-116.620857567	45	160
-117	44.6822594106	160
-117.248341143	44.5	160
-117.5	44.2884944528	160
-117.988400175	44	160
-118	43.9911253396	160
-118.5	43.7692877203	160
-119	43.7264640033	160
-119.5	43.5055048168	160
-119.502982557	43.5	160
-119.782850057	43	160
-120	42.7601046711	160
-120.260890082	42.5	160
-120.5	42.3288414925	160
-121	42.0415804386	160
-121.1697402	42	160
-121.5	41.8667602092	160
-122	41.8861963153	160
-122.302766114	42	160
-122.5	42.0299702287	160
-122.927554548	42.5	160
-122.94814226	43	160
-122.899685174	43.5	160
-122.563623272	44	160
-122.5	44.0678657591	160
-122.012172394	44.5	160
-122	44.5137917446	160
-121.5	44.9007871449	160
-121.028720595	45	160
-121	45.0092053972	160
-120.5	45.1429013312	160
-120	45.396843344	160
-119.913934559	45.5	160
-119.792752236	46	160
-119.601005964	46.5	160
-119.5	46.6820693314	160
-119.311894119	47	160
-119	47.3827270269	160
-118.872283548	47.5	160
-118.5	47.8280416429	160
-118.191178054	48	160
-118	48.1072137654	160
> 170 contour -Z170
-117.5	48.1774514019	170
-117	48.2737707496	170
-116.5	48.2537127137	170
-116	48.0728795752	170
-115.898665726	48	170
-115.5	47.5123919947	170
-115.493080737	47.5	170
-115.423870042	47	170
-115.5	46.7267014384	170
-115.552277774	46.5	170
-115.78762728	46	170
-116	45.7350876033	170
-116.182573676	45.5	170
-116.5	45.1970585287	170
-116.720018655	45	170
-117	44.7653614283	170
-117.361573443	44.5	170
-117.5	44.3836600259	170
-118	44.0702338517	170
-118.213568985	44	170
-118.5	43.8720732033	170
-119	43.8200093657	170
-119.5	43.5859838128	170
-119.546586692	43.5	170
-119.836074397	43	170
-120	42.8189039975	170
-120.319866955	42.5	170
-120.5	42.3710580319	170
-121	42.0608529449	170
-121.248414695	42	170
-121.5	41.8985005915	170
-122	41.9172325581	170
-122.22019653	42	170
-122.5	42.042516917	170
-122.916141689	42.5	170
-122.937380254	43	170
-122.883474261	43.5	170
-122.523683973	44	170
-122.5	44.0252632536	170
-122	44.4840093255	170
-121.964225858	44.5	170
-121.5	44.8633030951	170
-121	44.9676607251	170
-120.808987081	45	170
-120.5	45.0822651312	170
-120	45.3195492327	170
-119.849446744	45.5	170
-119.712736875	46	170
-119.5	46.4603649974	170
-119.481596112	46.5	170
-119.172194183	47	170
-119	47.2113004625	170
-118.685590982	47.5	170
-118.5	47.6635354906	170
-118	47.9602786303	170
-117.899977177	48	170
-117.5	48.1774514019	170
> 180 contour -Z180
-117.5	48.0517063439	180
-117	48.1592127085	180
-116.5	48.1358493418	180
-116.144149572	48	180
-116	47.9272649884	180
-115.628299952	47.5	180
-115.530815393	47	180
-115.64288047	46.5	180
-115.883688748	46	180
-116	45.8549140841	180
-116.275633276	45.5	180
-116.5	45.2858716249	180
-116.819179744	45	180
-117	44.8484634608	180
-117.474805744	44.5	180
-117.5	44.4788256027	180
-118	44.1459168792	180
-118.443708014	44	180
-118.5	43.9748586807	180
-119	43.9135547429	180
-119.5	43.6664628088	180
-119.590190828	43.5	180
-119.88929873	43	180
-120	42.8777033165	180
-120.378843822	42.5	180
-120.5	42.4132745713	180
-121	42.0801254511	180
-121.327089205	42	180
-121.5	41.9302409813	180
-122	41.9482687972	180
-122.137626961	42	180
-122.5	42.0550635755	180
-122.90472883	42.5	180
-122.926618278	43	180
-122.867263317	43.5	180
-122.5	43.9911760688	180
-122.490756005	44	180
-122	44.4625998735	180
-121.916329026	44.5	180
-121.5	44.8258190155	180
-121	44.9291019142	180
-120.581238091	45	180
-120.5	45.0216289386	180
-120	45.2422551364	180
-119.784958899	45.5	180
-119.632721514	46	180
-119.5	46.2872108519	180
-119.401194751	46.5	180
-119.032494258	47	180
-119	47.0398738906	180
-118.5	47.499417454	180
-118.499046832	47.5	180
-118	47.8477218151	180
-117.616546623	48	180
-117.5	48.0517063439	180
> 190 contour -Z190
-117	48.0446546674	190
-116.5	48.0179859642	190
-116.452886686	48	190
-116	47.7714823782	190
-115.763823345	47.5	190
-115.632048398	47	190
-115.733483136	46.5	190
-115.979750225	46	190
-116	45.9747405574	190
-116.36869289	45.5	190
-116.5	45.3746847212	190
-116.918340839	45	190
-117	44.9315654784	190
-117.5	44.5523589849	190
-117.587241858	44.5	190
-118	44.2215999365	190
-118.5	44.0493248403	190
-119	44.0053510368	190
-119.011784643	44	190
-119.5	43.7469418347	190
-119.633794963	43.5	190
-119.942523062	43	190
-120	42.9365026355	190
-120.437820692	42.5	190
-120.5	42.455491107	190
-121	42.0993979573	190
-121.405763708	42	190
-121.5	41.961981371	190
-122	41.9793050382	190
-122.055057388	42	190
-122.5	42.0676102638	190
-122.893315941	42.5	190
-122.915856272	43	190
-122.851052403	43.5	190
-122.5	43.9694956541	190
-122.468043476	44	190
-122	44.4411904514	190
-121.868432164	44.5	190
-121.5	44.7883349359	190
-121	44.8905430734	190
-120.5	44.9718360007	190
-120.384194404	45	190
-120	45.16496104	190
-119.720471054	45.5	190
-119.55270616	46	190
-119.5	46.1140567288	190
-119.32079339	46.5	190
-119	46.9193450511	190
-118.920491546	47	190
-118.5	47.4006890953	190
-118.337506413	47.5	190
-118	47.735165	190
-117.5	47.9438821077	190
-117.199161902	48	190
-117	48.0446546674	190
> 200 contour -Z200
-118	47.6226081848	200
-117.5	47.8485732079	200
-117	47.9412828386	200
-116.5	47.9035862386	200
-116	47.6156997755	200
-115.899346747	47.5	200
-115.733281404	47	200
-115.824085832	46.5	200
-116	46.1444997489	200
-116.064568907	46	200
-116.461752497	45.5	200
-116.5	45.4634978138	200
-117	45.012893945	200
-117.015153587	45	200
-117.5	44.6197018027	200
-117.699450135	44.5	200
-118	44.297282964	200
-118.5	44.1146211624	200
-119	44.0758520365	200
-119.167049676	44	200
-119.5	43.8274208307	200
-119.677399099	43.5	200
-119.995747397	43	200
-120	42.9953019582	200
-120.49679756	42.5	200
-120.5	42.4977076452	200
-121	42.1186704338	200
-121.484438209	42	200
-121.5	41.9937217613	200
-121.686252147	42	200
-122	42.0027397573	200
-122.5	42.0801569223	200
-122.881903082	42.5	200
-122.905094296	43	200
-122.83484149	43.5	200
-122.5	43.9478152394	200
-122.445330977	44	200
-122	44.4197810292	200
-121.820535302	44.5	200
-121.5	44.7508508861	200
-121	44.8519842625	200
-120.5	44.9280554652	200
-120.204176381	45	200
-120	45.0876669362	200
-119.65598321	45.5	200
-119.5	45.9381726384	200
-119.479619294	46	200
-119.240392044	46.5	200
-119	46.8142434061	200
-118.816883951	47	200
-118.5	47.3019607365	200
-118.175966039	47.5	200
-118	47.6226081848	200
> 210 contour -Z210
-118	47.5100513697	210
-117.5	47.753264308	210
-117	47.8450568318	210
-116.5	47.7898102403	210
-116.045872658	47.5	210
-116	47.4320032299	210
-115.834514409	47	210
-115.914688513	46.5	210
-116	46.3275962919	210
-116.146384567	46	210
-116.5	45.5599662066	210
-116.547068775	45.5	210
-117	45.0859474242	210
-117.101009697	45	210
-117.5	44.6870446205	210
-117.811658382	44.5	210
-118	44.3729659915	210
-118.5	44.1799174845	210
-119	44.1463530362	210
-119.322314709	44	210
-119.5	43.9078998268	210
-119.721003234	43.5	210
-120	43.0628612638	210
-120.027486861	43	210
-120.5	42.5282084644	210
-120.523963749	42.5	210
-121	42.13794294	210
-121.5	42.0078468025	210
-122	42.0109622478	210
-122.5	42.0927036107	210
-122.870490223	42.5	210
-122.89433229	43	210
-122.818630546	43.5	210
-122.5	43.9261348546	210
-122.422618479	44	210
-122	44.3983716071	210
-121.77263844	44.5	210
-121.5	44.7133668065	210
-121	44.8134254217	210
-120.5	44.8842749298	210
-120.024158336	45	210
-120	45.0103728315	210
-119.591495372	45.5	210
-119.5	45.7570197582	210
-119.419904232	46	210
-119.159990683	46.5	210
-119	46.709141776	210
-118.713276342	47	210
-118.5	47.2032323778	210
-118.014425644	47.5	210
-118	47.5100513697	210
> 220 contour -Z220
-117.5	47.6579554081	220
-117	47.7488307953	220
-116.5	47.676034227	220
-116.224157572	47.5	220
-116	47.1677325815	220
-115.935747407	47	220
-116	46.5421295464	220
-116.004957139	46.5	220
-116.228200227	46	220
-116.5	45.6617763937	220
-116.626981825	45.5	220
-117	45.1590009034	220
-117.186865777	45	220
-117.5	44.7543874085	220
-117.923866652	44.5	220
-118	44.4486490302	220
-118.5	44.2452138066	220
-119	44.2168540061	220
-119.477579728	44	220
-119.5	43.9883788303	220
-119.764607385	43.5	220
-120	43.1311812699	220
-120.05736059	43	220
-120.5	42.5580365956	220
-120.549303412	42.5	220
-121	42.1572154462	220
-121.5	42.0176284313	220
-122	42.0191847384	220
-122.5	42.1052502692	220
-122.859077334	42.5	220
-122.883570313	43	220
-122.802419633	43.5	220
-122.5	43.9044544399	220
-122.39990595	44	220
-122	44.3769621849	220
-121.724741608	44.5	220
-121.5	44.6758827418	220
-121	44.7748666108	220
-120.5	44.8404943943	220
-120	44.9411180317	220
-119.902034402	45	220
-119.52700753	45.5	220
-119.5	45.5758668855	220
-119.360189199	46	220
-119.079589322	46.5	220
-119	46.604040131	220
-118.609668724	47	220
-118.5	47.1045040265	220
-118	47.4282845855	220
-117.822683066	47.5	220
-117.5	47.6579554081	220
> 230 contour -Z230
-117.5	47.5626465082	230
-117	47.6526047736	230
-116.5	47.5622582287	230
-116.402442493	47.5	230
-116.042012662	47	230
-116.089839548	46.5	230
-116.310015902	46	230
-116.5	45.7635866106	230
-116.706894875	45.5	230
-117	45.2320543826	230
-117.272721872	45	230
-117.5	44.8217302263	230
-118	44.5189917386	230
-118.049868107	44.5	230
-118.5	44.3105101436	230
-119	44.2873550057	230
-119.5	44.1130280793	230
-119.55392459	44	230
-119.80821152	43.5	230
-120	43.1995012462	230
-120.087234348	43	230
-120.5	42.5878647268	230
-120.574643105	42.5	230
-121	42.1764879525	230
-121.5	42.0274100602	230
-122	42.0274072289	230
-122.5	42.1177969575	230
-122.847664475	42.5	230
-122.872808307	43	230
-122.786208719	43.5	230
-122.5	43.882774055	230
-122.377193451	44	230
-122	44.3555527627	230
-121.676844746	44.5	230
-121.5	44.6383986771	230
-121	44.7363077849	230
-120.5	44.7967138588	230
-120	44.8731093407	230
-119.788884103	45	230
-119.5	45.4072839916	230
-119.467929214	45.5	230
-119.300474137	46	230
-119	46.4989984035	230
-118.999232709	46.5	230
-118.506061115	47	230
-118.5	47.0057756752	230
-118	47.3495369852	230
-117.627978966	47.5	230
-117.5	47.5626465082	230
> 240 contour -Z240
-117	47.556378752	240
-116.717964888	47.5	240
-116.5	47.4340902269	240
-116.157021314	47	240
-116.174721956	46.5	240
-116.391831569	46	240
-116.5	45.8653967977	240
-116.78680791	45.5	240
-117	45.3051078618	240
-117.358577967	45	240
-117.5	44.8890730292	240
-118	44.5780640543	240
-118.204979092	44.5	240
-118.5	44.3758064657	240
-119	44.3578559905	240
-119.5	44.2451319695	240
-119.616950065	44	240
-119.851815656	43.5	240
-120	43.2678212523	240
-120.117108107	43	240
-120.5	42.617692858	240
-120.599982768	42.5	240
-121	42.1957604587	240
-121.5	42.0371916592	240
-122	42.0356297493	240
-122.5	42.130343616	240
-122.836251616	42.5	240
-122.862046331	43	240
-122.769997805	43.5	240
-122.5	43.8610936403	240
-122.354480952	44	240
-122	44.3341433406	240
-121.628947899	44.5	240
-121.5	44.6009145975	240
-121	44.6977489591	240
-120.5	44.7529333234	240
-120	44.8051006198	240
-119.675733805	45	240
-119.5	45.2477587461	240
-119.412748873	45.5	240
-119.24075909	46	240
-119	46.3998294175	240
-118.923261046	46.5	240
-118.5	46.9277193248	240
-118.392527789	47	240
-118	47.270789355	240
-117.5	47.4722303152	240
-117.315474719	47.5	240
-117	47.556378752	240
> 250 contour -Z250
-118	47.1920417547	250
-117.5	47.3911983073	250
-117	47.459012121	250
-116.5	47.2885297835	250
-116.272029951	47	250
-116.25960438	46.5	250
-116.473647231	46	250
-116.5	45.9672070034	250
-116.86672096	45.5	250
-117	45.378161341	250
-117.444434065	45	250
-117.5	44.9564158358	250
-118	44.6371363997	250
-118.360090077	44.5	250
-118.5	44.4411027879	250
-119	44.4283569828	250
-119.5	44.3772358671	250
-119.679975539	44	250
-119.895419799	43.5	250
-120	43.3361412585	250
-120.146981865	43	250
-120.5	42.6475209594	250
-120.625322461	42.5	250
-121	42.2150329649	250
-121.5	42.0469732881	250
-122	42.0438522398	250
-122.5	42.1428903043	250
-122.824838758	42.5	250
-122.851284325	43	250
-122.753786862	43.5	250
-122.5	43.8394132257	250
-122.331768423	44	250
-122	44.3127339184	250
-121.581051044	44.5	250
-121.5	44.5634305328	250
-121	44.6591901332	250
-120.5	44.7091527879	250
-120	44.7370919287	250
-119.562583499	45	250
-119.5	45.0882335007	250
-119.357568532	45.5	250
-119.181044042	46	250
-119	46.3006604612	250
-118.847289383	46.5	250
-118.5	46.8509474397	250
-118.278377712	47	250
-118	47.1920417547	250
> 260 contour -Z260
-118	47.1132941246	260
-117.5	47.3101662993	260
-117	47.3600316048	260
-116.5	47.1429693401	260
-116.387038611	47	260
-116.344486803	46.5	260
-116.5	46.135039866	260
-116.553062141	46	260
-116.946633998	45.5	260
-117	45.4512148201	260
-117.5	45.0236145556	260
-117.532099128	45	260
-118	44.6962087154	260
-118.5	44.5064203143	260
-118.929077253	44.5	260
-119	44.4988579735	260
-119.093204565	44.5	260
-119.458490521	45	260
-119.302388191	45.5	260
-119.121328995	46	260
-119	46.2014914751	260
-118.771317691	46.5	260
-118.5	46.7741755545	260
-118.164227635	47	260
-118	47.1132941246	260
> 260 contour -Z260
-121.5	44.5259464681	260
-121	44.6206312999	260
-120.5	44.6653722525	260
-120	44.6690832227	260
-119.513825357	44.5	260
-119.743000984	44	260
-119.939023934	43.5	260
-120	43.4044612497	260
-120.176855594	43	260
-120.5	42.6773490906	260
-120.650662124	42.5	260
-121	42.2343054414	260
-121.5	42.0567548871	260
-122	42.0520747304	260
-122.5	42.1554369628	260
-122.813425869	42.5	260
-122.840522349	43	260
-122.737575948	43.5	260
-122.5	43.8177328408	260
-122.309055924	44	260
-122	44.2913244665	260
-121.53315419	44.5	260
-121.5	44.5259464681	260
> 270 contour -Z270
-118	47.0345465243	270
-117.5	47.2291342765	270
-117	47.2610511184	270
-116.503352076	47	270
-116.5	46.9895276725	270
-116.429369219	46.5	270
-116.5	46.3342428803	270
-116.631336331	46	270
-117	45.5329425335	270
-117.025754273	45.5	270
-117.5	45.0905489624	270
-117.623082608	45	270
-118	44.755281046	270
-118.5	44.5719330907	270
-119	44.5999797881	270
-119.365607202	45	270
-119.24720785	45.5	270
-119.061613947	46	270
-119	46.102322489	270
-118.695346043	46.5	270
-118.5	46.6974036545	270
-118.050077561	47	270
-118	47.0345465243	270
> 270 contour -Z270
-121	44.5820724666	270
-120.5	44.621591717	270
-120	44.6010745317	270
-119.709374636	44.5	270
-119.806026459	44	270
-119.982628074	43.5	270
-120	43.4727812521	270
-120.206729352	43	270
-120.5	42.7071772218	270
-120.676001817	42.5	270
-121	42.2535779476	270
-121.5	42.066536516	270
-122	42.0602972209	270
-122.5	42.1679836512	270
-122.80201301	42.5	270
-122.829760343	43	270
-122.72136502	43.5	270
-122.5	43.7960524261	270
-122.286343426	44	270
-122	44.2699150443	270
-121.5	44.4943769276	270
-121.436830401	44.5	270
-121	44.5820724666	270
> 280 contour -Z280
-117.5	47.1481022835	280
-117	47.1620706022	280
-116.691661805	47	280
-116.517063558	46.5	280
-116.709610552	46	280
-117	45.6321075857	280
-117.103280872	45.5	280
-117.5	45.1574833393	280
-117.714066118	45	280
-118	44.8143533766	280
-118.5	44.6374458373	280
-119	44.701605767	280
-119.272723913	45	280
-119.192027509	45.5	280
-119.001898898	46	280
-119	46.0031535057	280
-118.619374372	46.5	280
-118.5	46.6206317618	280
-118	46.9571820498	280
-117.882524014	47	280
-117.5	47.1481022835	280
> 280 contour -Z280
-121	44.5435136557	280
-120.5	44.577811189	280
-120	44.5330658257	280
-119.904923938	44.5	280
-119.869051933	44	280
-120	43.612267971	280
-120.019644439	43.5	280
-120.236603111	43	280
-120.5	42.737005353	280
-120.70134148	42.5	280
-121	42.2728504539	280
-121.5	42.076318115	280
-122	42.0685197115	280
-122.5	42.1805303097	280
-122.790600151	42.5	280
-122.818998367	43	280
-122.705154106	43.5	280
-122.5	43.7743720412	280
-122.263630897	44	280
-122	44.2485056221	280
-121.5	44.4761083424	280
-121.231601208	44.5	280
-121	44.5435136557	280
> 290 contour -Z290
-117.5	47.0670702457	290
-117	47.0630901009	290
-116.879971519	47	290
-116.618693709	46.5	290
-116.787884742	46	290
-117	45.7312726378	290
-117.180807471	45.5	290
-117.5	45.2244177461	290
-117.805049628	45	290
-118	44.8734257072	290
-118.5	44.7029585838	290
-119	44.8032317609	290
-119.179840624	45	290
-119.136847168	45.5	290
-119	45.8596077859	290
-118.93044135	46	290
-118.543402709	46.5	290
-118.5	46.5438598767	290
-118	46.8808985949	290
-117.673231542	47	290
-117.5	47.0670702457	290
> 290 contour -Z290
-121	44.5049548149	290
-120.5	44.5340306535	290
-120.19897747	44.5	290
-120	44.3385800421	290
-119.9320774	44	290
-120	43.7988838851	290
-120.052298158	43.5	290
-120.266476855	43	290
-120.5	42.7668334842	290
-120.726681173	42.5	290
-121	42.2921229601	290
-121.5	42.0860997438	290
-122	42.076742202	290
-122.5	42.193076998	290
-122.779187262	42.5	290
-122.808236361	43	290
-122.688943177	43.5	290
-122.5	43.7526916265	290
-122.240918398	44	290
-122	44.2270962	290
-121.5	44.457839787	290
-121.026372025	44.5	290
-121	44.5049548149	290
> 300 contour -Z300
-118	46.80461514	300
-117.5	46.9833501577	300
-117	46.9417883456	300
-116.720323861	46.5	300
-116.866158947	46	300
-117	45.83043769	300
-117.258334085	45.5	300
-117.5	45.291352123	300
-117.896033131	45	300
-118	44.9324980378	300
-118.5	44.7684713453	300
-119	44.9048577547	300
-119.086957335	45	300
-119.081666835	45.5	300
-119	45.7146045715	300
-118.858598173	46	300
-118.5	46.4604528546	300
-118.451525509	46.5	300
-118	46.80461514	300
> 300 contour -Z300
-122	44.2056867778	300
-121.5	44.4395712018	300
-121	44.4796437621	300
-120.5	44.4889509082	300
-120	44.0244111735	300
-119.99510287	44	300
-120	43.9854997937	300
-120.084951848	43.5	300
-120.296350598	43	300
-120.5	42.7966616154	300
-120.752020836	42.5	300
-121	42.3113954514	300
-121.5	42.0958813429	300
-122	42.0849646926	300
-122.5	42.2056236565	300
-122.767774403	42.5	300
-122.797474355	43	300
-122.672732264	43.5	300
-122.5	43.7310112268	300
-122.218205884	44	300
-122	44.2056867778	300
> 310 contour -Z310
-118	46.7283316851	310
-117.5	46.8867168725	310
-117	46.7812490165	310
-116.821954012	46.5	310
-116.944433153	46	310
-117	45.9296027422	310
-117.335860699	45.5	310
-117.5	45.3582865149	310
-117.987016636	45	310
-118	44.9915703675	310
-118.5	44.8339841068	310
-118.987720847	45	310
-119	45.0586614311	310
-119.026486496	45.5	310
-119	45.5696013644	310
-118.786754966	46	310
-118.5	46.36820364	310
-118.338451922	46.5	310
-118	46.7283316851	310
> 310 contour -Z310
-122	44.1842773557	310
-121.5	44.4213026166	310
-121	44.4562860429	310
-120.5	44.4393363893	310
-120.047165334	44	310
-120.117605567	43.5	310
-120.326224357	43	310
-120.5	42.8264897466	310
-120.777360514	42.5	310
-121	42.3306679577	310
-121.5	42.1056629717	310
-122	42.0931871831	310
-122.5	42.2181703448	310
-122.756361544	42.5	310
-122.786712378	43	310
-122.656521335	43.5	310
-122.5	43.7093308121	310
-122.19549337	44	310
-122	44.1842773557	310
> 320 contour -Z320
-118	46.6520482302	320
-117.5	46.7900835872	320
-117	46.6207097098	320
-116.923584163	46.5	320
-117	46.13920331	320
-117.028713703	46	320
-117.413387299	45.5	320
-117.5	45.4252209142	320
-118	45.0681250989	320
-118.179246426	45	320
-118.5	44.8994968608	320
-118.795257717	45	320
-118.953800678	45.5	320
-118.714911759	46	320
-118.5	46.2759543955	320
-118.225378335	46.5	320
-118	46.6520482302	320
> 320 contour -Z320
-122	44.1628679335	320
-121.5	44.4030340612	320
-121	44.4329283237	320
-120.5	44.3897219002	320
-120.098304212	44	320
-120.150259256	43.5	320
-120.356098101	43	320
-120.5	42.8563178629	320
-120.802700192	42.5	320
-121	42.349940449	320
-121.5	42.1154446006	320
-122	42.1014096737	320
-122.5	42.2307170033	320
-122.74494867	42.5	320
-122.775950372	43	320
-122.640310407	43.5	320
-122.5	43.6876504123	320
-122.172780871	44	320
-122	44.1628679335	320
> 330 contour -Z330
-118	46.5757647753	330
-117.5	46.6934503019	330
-117.055133045	46.5	330
-117.127692252	46	330
-117.490913904	45.5	330
-117.5	45.4921553088	330
-118	45.1475898325	330
-118.388328947	45	330
-118.5	44.9650096148	330
-118.602794617	45	330
-118.864956051	45.5	330
-118.643068567	46	330
-118.5	46.1837051511	330
-118.112304755	46.5	330
-118	46.5757647753	330
> 330 contour -Z330
-122	44.1414584816	330
-121.5	44.384765476	330
-121	44.4095706046	330
-120.5	44.3401073813	330
-120.14944309	44	330
-120.182912976	43.5	330
-120.385971852	43	330
-120.5	42.8861459941	330
-120.82803987	42.5	330
-121	42.3692129552	330
-121.5	42.1252261996	330
-122	42.109632194	330
-122.5	42.2432636917	330
-122.733535796	42.5	330
-122.765188396	43	330
-122.624099493	43.5	330
-122.5	43.6659700125	330
-122.150068358	44	330
-122	44.1414584816	330
> 340 contour -Z340
-117.5	46.5968170166	340
-117.277355283	46.5	340
-117.226670802	46	340
-117.5	45.6211207211	340
-117.602232754	45.5	340
-118	45.2270545959	340
-118.5	45.0651845038	340
-118.776111394	45.5	340
-118.57122536	46	340
-118.5	46.0914559066	340
-118	46.4991915822	340
-117.996629655	46.5	340
-117.5	46.5968170166	340
> 340 contour -Z340
-122	44.1200490594	340
-121.5	44.3664968908	340
-121	44.3862128854	340
-120.5	44.2904928625	340
-120.200581968	44	340
-120.215566665	43.5	340
-120.415845603	43	340
-120.5	42.9159741253	340
-120.853379548	42.5	340
-121	42.388485454	340
-121.5	42.1350078285	340
-122	42.1178546846	340
-122.5	42.2558103651	340
-122.722122937	42.5	340
-122.75442639	43	340
-122.607888564	43.5	340
-122.5	43.6442896128	340
-122.127355844	44	340
-122	44.1200490594	340
> 350 contour -Z350
-117.5	46.5001837313	350
-117.499577501	46.5	350
-117.325649366	46	350
-117.5	45.7583213001	350
-117.718037844	45.5	350
-118	45.3065193146	350
-118.5	45.2050954998	350
-118.687266752	45.5	350
-118.5	45.9979682863	350
-118.498659253	46	350
-118	46.3802939355	350
-117.500942423	46.5	350
-117.5	46.5001837313	350
> 350 contour -Z350
-122	44.0986396372	350
-121.5	44.3482283354	350
-121	44.3628551364	350
-120.5	44.2408783734	350
-120.251720831	44	350
-120.248220384	43.5	350
-120.445719354	43	350
-120.5	42.9458022527	350
-120.878719233	42.5	350
-121	42.4077579603	350
-121.5	42.1447894275	350
-122	42.1260771751	350
-122.5	42.2683570385	350
-122.710710064	42.5	350
-122.743664399	43	350
-122.591677643	43.5	350
-122.5	43.6226092055	350
-122.104643337	44	350
-122	44.0986396372	350
> 360 contour -Z360
-118	46.2613962889	360
-117.5	46.216384396	360
-117.424627922	46	360
-117.5	45.8955218866	360
-117.833842948	45.5	360
-118	45.3859840557	360
-118.5	45.3450065255	360
-118.598422118	45.5	360
-118.5	45.7617180645	360
-118.342755079	46	360
-118	46.2613962889	360
> 360 contour -Z360
-122	44.0772302151	360
-121.5	44.3299597502	360
-121	44.3394974172	360
-120.5	44.1912638545	360
-120.302859709	44	360
-120.280874088	43.5	360
-120.475593105	43	360
-120.5	42.9756303802	360
-120.904058911	42.5	360
-121	42.427030459	360
-121.5	42.1545710564	360
-122	42.1342996657	360
-122.5	42.2809037119	360
-122.699297205	42.5	360
-122.732902408	43	360
-122.57546673	43.5	360
-122.5	43.6009287983	360
-122.081930831	44	360
-122	44.0772302151	360
> 370 contour -Z370
-118	46.1424986422	370
-117.582985759	46	370
-117.949648041	45.5	370
-118	45.4654487967	370
-118.5	45.4849175513	370
-118.509577478	45.5	370
-118.5	45.5254678428	370
-118.18685092	46	370
-118	46.1424986422	370
> 370 contour -Z370
-122	44.0558207929	370
-121.5	44.311691165	370
-121	44.316139698	370
-120.5	44.1416493505	370
-120.353998587	44	370
-120.313527793	43.5	370
-120.5	43.0155252218	370
-120.502984673	43	370
-120.929398589	42.5	370
-121	42.4463029578	370
-121.5	42.1643526554	370
-122	42.1425221562	370
-122.5	42.2934503853	370
-122.687884331	42.5	370
-122.722140417	43	370
-122.559255805	43.5	370
-122.5	43.5792483985	370
-122.059218321	44	370
-122	44.0558207929	370
> 380 contour -Z380
-118	46.0236009955	380
-117.930932984	46	380
-118	45.8700414449	380
-118.030946748	46	380
-118	46.0236009955	380
> 380 contour -Z380
-122	44.0344113708	380
-121.5	44.2934226096	380
-121	44.2927819788	380
-120.5	44.0920348465	380
-120.40513745	44	380
-120.346181497	43.5	380
-120.5	43.1003630459	380
-120.51929456	43	380
-120.954738267	42.5	380
-121	42.4655754603	380
-121.5	42.1741342843	380
-122	42.1507446468	380
-122.5	42.3059970587	380
-122.676471472	42.5	380
-122.711378425	43	380
-122.54304488	43.5	380
-122.5	43.557567995	380
-122.036505811	44	380
-122	44.0344113708	380
> 390 contour -Z390
-122	44.0130019486	390
-121.5	44.2751540244	390
-121	44.2694242597	390
-120.5	44.0424203426	390
-120.456276327	44	390
-120.378835201	43.5	390
-120.5	43.18520087	390
-120.535604417	43	390
-120.980077947	42.5	390
-121	42.484847961	390
-121.5	42.1839159131	390
-122	42.1589671373	390
-122.5	42.3185437322	390
-122.665058598	42.5	390
-122.700616434	43	390
-122.526833957	43.5	390
-122.5	43.5358875915	390
-122.013793303	44	390
-122	44.0130019486	390
> 400 contour -Z400
-121.5	44.2568854541	400
-121	44.2460665405	400
-120.506788641	44	400
-120.5	43.9746110737	400
-120.411488906	43.5	400
-120.5	43.2700386941	400
-120.551914275	43	400
-121	42.5038610101	400
-121.00339064	42.5	400
-121.5	42.1936975121	400
-122	42.1671896279	400
-122.5	42.3310904056	400
-122.653645724	42.5	400
-122.689854443	43	400
-122.510623033	43.5	400
-122.5	43.514207188	400
-122	43.9947752655	400
-121.986415803	44	400
-121.5	44.2568854541	400
> 410 contour -Z410
-121.5	44.2386168838	410
-121	44.2227088213	410
-120.553606421	44	410
-120.5	43.7995165288	410
-120.444142614	43.5	410
-120.5	43.3548765182	410
-120.568224132	43	410
-121	42.5219199657	410
-121.019249618	42.5	410
-121.5	42.203479141	410
-122	42.1754121482	410
-122.5	42.343637079	410
-122.642232865	42.5	410
-122.679092452	43	410
-122.5	43.4898533821	410
-122.495282322	43.5	410
-122	43.9814705849	410
-121.951824039	44	410
-121.5	44.2386168838	410
> 420 contour -Z420
-121.5	44.2203482985	420
-121	44.1993511021	420
-120.60042423	44	420
-120.5	43.6244219691	420
-120.476796318	43.5	420
-120.5	43.4397143461	420
-120.584533989	43	420
-121	42.5399789214	420
-121.035108596	42.5	420
-121.5	42.21326074	420
-122	42.1836346388	420
-122.5	42.3561837524	420
-122.630819991	42.5	420
-122.668330461	43	420
-122.5	43.4604171813	420
-122.481595993	43.5	420
-122	43.9681659341	420
-121.917232245	44	420
-121.5	44.2203482985	420
> 430 contour -Z430
-121.5	44.2020797133	430
-121	44.1759933829	430
-120.647242039	44	430
-120.505791187	43.5	430
-120.600843877	43	430
-121	42.5580378771	430
-121.050967544	42.5	430
-121.5	42.2230423689	430
-122	42.1918571293	430
-122.5	42.3687304258	430
-122.619407125	42.5	430
-122.65756847	43	430
-122.5	43.4309810102	430
-122.467909664	43.5	430
-122	43.9548612535	430
-121.882640481	44	430
-121.5	44.2020797133	430
> 440 contour -Z440
-121.5	44.1838111579	440
-121	44.1526356637	440
-120.694059819	44	440
-120.525802076	43.5	440
-120.617153734	43	440
-121	42.5760968328	440
-121.066826522	42.5	440
-121.5	42.2328239679	440
-122	42.2000796199	440
-122.5	42.3812770993	440
-122.607994258	42.5	440
-122.646806479	43	440
-122.5	43.4015448391	440
-122.454223335	43.5	440
-122	43.9415565729	440
-121.848048717	44	440
-121.5	44.1838111579	440
> 450 contour -Z450
-121.5	44.1655425727	450
-121	44.1292779446	450
-120.740877628	44	450
-120.545812964	43.5	450
-120.633463591	43	450
-121	42.5941557586	450
-121.0826855	42.5	450
-121.5	42.2426055968	450
-122	42.2083021104	450
-122.5	42.3938237727	450
-122.596581392	42.5	450
-122.636044487	43	450
-122.5	43.3721086383	450
-122.440537006	43.5	450
-122	43.9282519221	450
-121.813456923	44	450
-121.5	44.1655425727	450
> 460 contour -Z460
-121.5	44.1472739875	460
-121	44.1059202179	460
-120.787695408	44	460
-120.565823823	43.5	460
-120.649773449	43	460
-121	42.6122147143	460
-121.098544478	42.5	460
-121.5	42.2523872107	460
-122	42.216524601	460
-122.5	42.4063704461	460
-122.585168526	42.5	460
-122.625282496	43	460
-122.5	43.3426724672	460
-122.426850677	43.5	460
-122	43.9149472415	460
-121.778865159	44	460
-121.5	44.1472739875	460
> 470 contour -Z470
-121.5	44.1290054321	470
-121	44.0825624987	470
-120.834513202	44	470
-120.585834712	43.5	470
-120.666083306	43	470
-121	42.63027367	470
-121.114403427	42.5	470
-121.5	42.2621688247	470
-122	42.2247470915	470
-122.5	42.4189171195	470
-122.573755659	42.5	470
-122.614520498	43	470
-122.5	43.3132362664	470
-122.413164347	43.5	470
-122	43.9016425908	470
-121.744273379	44	470
-121.5	44.1290054321	470
> 480 contour -Z480
-121.5	44.1107368469	480
-121	44.0592047796	480
-120.881331004	44	480
-120.6058456	43.5	480
-120.682393193	43	480
-121	42.6483326256	480
-121.130262405	42.5	480
-121.5	42.2719504386	480
-122	42.2329695821	480
-122.5	42.4314637929	480
-122.562342789	42.5	480
-122.603758506	43	480
-122.5	43.2838000953	480
-122.399478018	43.5	480
-122	43.8883379102	480
-121.7096816	44	480
-121.5	44.1107368469	480
> 490 contour -Z490
-121.5	44.0924682617	490
-121	44.0358470604	490
-120.928148799	44	490
-120.625856489	43.5	490
-120.698703051	43	490
-121	42.6663915813	490
-121.146121383	42.5	490
-121.5	42.2817320526	490
-122	42.2411920726	490
-122.5	42.4440104663	490
-122.550929923	42.5	490
-122.592996515	43	490
-122.5	43.2543638945	490
-122.385791689	43.5	490
-122	43.8750332594	490
-121.675089821	44	490
-121.5	44.0924682617	490
> 500 contour -Z500
-121.5	44.0741997063	500
-121	44.0124893384	500
-120.974966595	44	500
-120.645867378	43.5	500
-120.715012908	43	500
-121	42.684450537	500
-121.161980361	42.5	500
-121.5	42.2915136665	500
-122	42.249414593	500
-122.5	42.4565571435	500
-122.539517052	42.5	500
-122.582234524	43	500
-122.5	43.2249277234	500
-122.37210533	43.5	500
-122	43.8617285788	500
-121.640498057	44	500
-121.5	44.0741997063	500
> 510 contour -Z510
-121.5	44.0559311211	510
-121.06596458	44	510
-121	43.9864440858	510
-120.665878266	43.5	510
-120.731322765	43	510
-121	42.7025094926	510
-121.177839309	42.5	510
-121.5	42.3012952954	510
-122	42.2576370686	510
-122.5	42.469103815	510
-122.528104186	42.5	510
-122.571472533	43	510
-122.5	43.1954915375	510
-122.358419001	43.5	510
-122	43.848423928	510
-121.605906278	44	510
-121.5	44.0559311211	510
> 520 contour -Z520
-121.5	44.0376625359	520
-121.207731962	44	520
-121	43.9573104382	520
-120.685889155	43.5	520
-120.747632623	43	520
-121	42.7205684483	520
-121.193698287	42.5	520
-121.5	42.3110769093	520
-122	42.2658595741	520
-122.5	42.4816504903	520
-122.51669132	42.5	520
-122.560710538	43	520
-122.5	43.1660553664	520
-122.344732672	43.5	520
-122	43.8351192474	520
-121.571314499	44	520
-121.5	44.0376625359	520
> 530 contour -Z530
-121.5	44.0193939805	530
-121.349499345	44	530
-121	43.9281768203	530
-120.705900043	43.5	530
-120.763942495	43	530
-121	42.738627404	530
-121.209557265	42.5	530
-121.5	42.3208585232	530
-122	42.2740820646	530
-122.5	42.4941971633	530
-122.505278451	42.5	530
-122.549948543	43	530
-122.5	43.1366191804	530
-122.331046343	43.5	530
-122	43.8218145967	530
-121.536722723	44	530
-121.5	44.0193939805	530
> 540 contour -Z540
-121.5	44.0011253953	540
-121.491266735	44	540
-121	43.8990432024	540
-120.725910932	43.5	540
-120.780252367	43	540
-121	42.7566863596	540
-121.225416213	42.5	540
-121.5	42.3306401372	540
-122	42.2823045552	540
-122.490051121	42.5	540
-122.5	42.564314276	540
-122.539186552	43	540
-122.5	43.1071829945	540
-122.317360014	43.5	540
-122	43.8085099161	540
-121.50213095	44	540
-121.5	44.0011253953	540
> 550 contour -Z550
-122	43.7952052504	550
-121.5	43.986260891	550
-121	43.8699095845	550
-120.74592182	43.5	550
-120.796562225	43	550
-121	42.7747453004	550
-121.241275191	42.5	550
-121.5	42.3404217511	550
-122	42.2905270457	550
-122.471541584	42.5	550
-122.5	42.6839687526	550
-122.528424561	43	550
-122.5	43.0777468085	550
-122.303673685	43.5	550
-122	43.7952052504	550
> 560 contour -Z560
-122	43.7819005847	560
-121.5	43.9716198742	560
-121	43.8407759368	560
-120.765932709	43.5	560
-120.812872097	43	560
-121	42.7928042561	560
-121.257134169	42.5	560
-121.5	42.3502033651	560
-122	42.2987495363	560
-122.453032047	42.5	560
-122.5	42.8036232293	560
-122.517662568	43	560
-122.5	43.0483106263	560
-122.289987355	43.5	560
-122	43.7819005847	560
> 570 contour -Z570
-122	43.768595919	570
-121.5	43.9569788277	570
-121	43.811642319	570
-120.785943598	43.5	570
-120.829181954	43	570
-121	42.8108632118	570
-121.272993132	42.5	570
-121.5	42.359984979	570
-122	42.3069720417	570
-122.43452251	42.5	570
-122.5	42.9232777059	570
-122.506900576	43	570
-122.5	43.0188744441	570
-122.276301026	43.5	570
-122	43.768595919	570
> 580 contour -Z580
-122	43.7552912533	580
-121.5	43.942337811	580
-121	43.7825087011	580
-120.805954486	43.5	580
-120.845491812	43	580
-121	42.8289221674	580
-121.288852111	42.5	580
-121.5	42.369766593	580
-122	42.3151945323	580
-122.416012973	42.5	580
-122.495633125	43	580
-122.262614697	43.5	580
-122	43.7552912533	580
> 590 contour -Z590
-122	43.7419865727	590
-121.5	43.9276967645	590
-121	43.7533750534	590
-120.825965375	43.5	590
-120.861801684	43	590
-121	42.8469811231	590
-121.304711074	42.5	590
-121.5	42.3795482144	590
-122	42.3234170228	590
-122.397503436	42.5	590
-122.483462363	43	590
-122.248928353	43.5	590
-122	43.7419865727	590
> 600 contour -Z600
-122	43.728681922	600
-121.5	43.9130557477	600
-121	43.7242414355	600
-120.845976263	43.5	600
-120.878111541	43	600
-121	42.8650400788	600
-121.320570037	42.5	600
-121.5	42.3893298283	600
-122	42.3316395134	600
-122.378993899	42.5	600
-122.471291602	43	600
-122.235242024	43.5	600
-122	43.728681922	600
> 610 contour -Z610
-122	43.7153772414	610
-121.5	43.8984147012	610
-121	43.6951078176	610
-120.865987152	43.5	610
-120.894421406	43	610
-121	42.883099027	610
-121.336429015	42.5	610
-121.5	42.3991114423	610
-122	42.3398620188	610
-122.360484362	42.5	610
-122.45912087	43	610
-122.221555695	43.5	610
-122	43.7153772414	610
> 620 contour -Z620
-122	43.7020725906	620
-121.5	43.8837736845	620
-121	43.6659741849	620
-120.885998033	43.5	620
-120.910731271	43	620
-121	42.9011579826	620
-121.352287978	42.5	620
-121.5	42.4088930637	620
-122	42.3480845094	620
-122.341974795	42.5	620
-122.446950108	43	620
-122.207869351	43.5	620
-122	43.7020725906	620
> 630 contour -Z630
-122	43.68876791	630
-121.5	43.869132638	630
-121	43.6368405521	630
-120.906008922	43.5	630
-120.927041136	43	630
-121	42.9192169383	630
-121.368146956	42.5	630
-121.5	42.4186746776	630
-122	42.3563069999	630
-122.323465258	42.5	630
-122.434779376	43	630
-122.194183022	43.5	630
-122	43.68876791	630
> 640 contour -Z640
-122	43.6754632592	640
-121.5	43.8544916213	640
-121	43.6077069342	640
-120.92601981	43.5	640
-120.943350997	43	640
-121	42.9372758865	640
-121.384005927	42.5	640
-121.5	42.4284562916	640
-122	42.3645294905	640
-122.304955721	42.5	640
-122.422608614	43	640
-122.180496693	43.5	640
-122	43.6754632592	640
> 650 contour -Z650
-122	43.6621585786	650
-121.5	43.8398505747	650
-121	43.5785733089	650
-120.946030695	43.5	650
-120.959660862	43	650
-121	42.9553348422	650
-121.39986489	42.5	650
-121.5	42.4382379092	650
-122	42.372751981	650
-122.286446184	42.5	650
-122.410437852	43	650
-122.166810364	43.5	650
-122	43.6621585786	650
> 660 contour -Z660
-122	43.6488539279	660
-121.5	43.825209558	660
-121	43.5494396798	660
-120.966041584	43.5	660
-120.975970725	43	660
-121	42.973393796	660
-121.41572386	42.5	660
-121.5	42.4480195232	660
-122	42.380974479	660
-122.267936647	42.5	660
-122.39826712	43	660
-122.153124034	43.5	660
-122	43.6488539279	660
> 670 contour -Z670
-122	43.6355492473	670
-121.5	43.8105685115	670
-121	43.5203060526	670
-120.98605247	43.5	670
-120.992280588	43	670
-121	42.9914527489	670
-121.431582831	42.5	670
-121.5	42.4578011408	670
-122	42.389196977	670
-122.24942711	42.5	670
-122.386096358	43	670
-122.13943769	43.5	670
-122	43.6355492473	670
> 680 contour -Z680
-122	43.6222445965	680
-121.5	43.7959274948	680
-121.007384837	43.5	680
-121.008188874	43	680
-121.447441801	42.5	680
-121.5	42.4675827548	680
-122	42.3974194676	680
-122.230917573	42.5	680
-122.373925596	43	680
-122.125751361	43.5	680
-122	43.6222445965	680
> 690 contour -Z690
-122	43.6089399159	690
-121.5	43.7812864482	690
-121.031756997	43.5	690
-121.023736268	43	690
-121.463300772	42.5	690
-121.5	42.4773643725	690
-122	42.4056419656	690
-122.212408036	42.5	690
-122.361754864	43	690
-122.112065032	43.5	690
-122	43.6089399159	690
> 700 contour -Z700
-122	43.5956352651	700
-121.5	43.7666454017	700
-121.056129187	43.5	700
-121.039283663	43	700
-121.479159743	42.5	700
-121.5	42.4871459873	700
-122	42.4138644561	700
-122.193898499	42.5	700
-122.349584103	43	700
-122.098378696	43.5	700
-122	43.5956352651	700
> 710 contour -Z710
-122	43.5823305845	710
-121.5	43.752004385	710
-121.080501348	43.5	710
-121.054831088	43	710
-121.495018711	42.5	710
-121.5	42.4969276031	710
-122	42.4220869541	710
-122.175388962	42.5	710
-122.337413341	43	710
-122.084692366	43.5	710
-122	43.5823305845	710
> 720 contour -Z720
-122	43.5690259039	720
-121.5	43.7373633534	720
-121.104873508	43.5	720
-121.070378482	43	720
-121.5	42.5121102929	720
-121.537433892	42.5	720
-122	42.4303094447	720
-122.15687941	42.5	720
-122.325242609	43	720
-122.071006037	43.5	720
-122	43.5690259039	720
> 730 contour -Z730
-122	43.5557212532	730
-121.5	43.7227223217	730
-121.129245669	43.5	730
-121.085925907	43	730
-121.5	42.529766351	730
-121.592010111	42.5	730
-122	42.4385319389	730
-122.138369873	42.5	730
-122.313071847	43	730
-122.057319701	43.5	730
-122	43.5557212532	730
> 740 contour -Z740
-122	43.5424165726	740
-121.5	43.7080812901	740
-121.153617859	43.5	740
-121.101473302	43	740
-121.5	42.5474224091	740
-121.646586329	42.5	740
-122	42.4467544332	740
-122.119860336	42.5	740
-122.300901085	43	740
-122.043633372	43.5	740
-122	43.5424165726	740
> 750 contour -Z750
-122	43.5291119218	750
-121.5	43.6934402585	750
-121.177990019	43.5	750
-121.117020696	43	750
-121.5	42.5650784671	750
-121.701162547	42.5	750
-122	42.4549769275	750
-122.101350799	42.5	750
-122.288730353	43	750
-122.029947039	43.5	750
-122	43.5291119218	750
> 760 contour -Z760
-122	43.5158072412	760
-121.5	43.6787992269	760
-121.20236218	43.5	760
-121.132568121	43	760
-121.5	42.5827344954	760
-121.755738765	42.5	760
-122	42.4631994218	760
-122.082841262	42.5	760
-122.276559591	43	760
-122.016260706	43.5	760
-122	43.5158072412	760
> 770 contour -Z770
-122	43.5025025904	770
-121.5	43.6641581953	770
-121.22673434	43.5	770
-121.148115516	43	770
-121.5	42.6003905535	770
-121.810314983	42.5	770
-122	42.471421916	770
-122.064331718	42.5	770
-122.264388859	43	770
-122.002574374	43.5	770
-122	43.5025025904	770
> 780 contour -Z780
-121.5	43.6495171487	780
-121.251106516	43.5	780
-121.16366294	43	780
-121.5	42.6180466115	780
-121.864891201	42.5	780
-122	42.4796444084	780
-122.045822181	42.5	780
-122.252218097	43	780
-122	43.481149435	780
-121.963176072	43.5	780
-121.5	43.6495171487	780
> 790 contour -Z790
-121.5	43.634876132	790
-121.275478691	43.5	790
-121.179210335	43	790
-121.5	42.6357026696	790
-121.919467427	42.5	790
-122	42.4878669037	790
-122.027312642	42.5	790
-122.240047336	43	790
-122	43.457931608	790
-121.917820901	43.5	790
-121.5	43.634876132	790
> 800 contour -Z800
-121.5	43.6202350855	800
-121.299850851	43.5	800
-121.19475773	43	800
-121.5	42.6533586979	800
-121.974043651	42.5	800
-122	42.496089397	800
-122.008803102	42.5	800
-122.227876589	43	800
-122	43.4347138107	800
-121.87246573	43.5	800
-121.5	43.6202350855	800
> 810 contour -Z810
-121.5	43.6055940688	810
-121.324223027	43.5	810
-121.210305154	43	810
-121.5	42.671014756	810
-122	42.5143689811	810
-122.215705842	43	810
-122	43.4114960134	810
-121.827110559	43.5	810
-121.5	43.6055940688	810
> 820 contour -Z820
-121.5	43.5909530222	820
-121.348595187	43.5	820
-121.225852549	43	820
-121.5	42.688670814	820
-122	42.5417697132	820
-122.203535095	43	820
-122	43.3882782161	820
-121.781755388	43.5	820
-121.5	43.5909530222	820
> 830 contour -Z830
-121.5	43.5763120055	830
-121.372967362	43.5	830
-121.241399974	43	830
-121.5	42.7063268721	830
-122	42.5691704154	830
-122.191364333	43	830
-122	43.3650604188	830
-121.736400232	43.5	830
-121.5	43.5763120055	830
> 840 contour -Z840
-121.5	43.561670959	840
-121.39733953	43.5	840
-121.256947368	43	840
-121.5	42.7239829302	840
-122	42.5965711176	840
-122.179193586	43	840
-122	43.3418426216	840
-121.691045061	43.5	840
-121.5	43.561670959	840
> 850 contour -Z850
-121.5	43.5470299423	850
-121.421711698	43.5	850
-121.272494778	43	850
-121.5	42.7416389585	850
-122	42.6239718497	850
-122.167022839	43	850
-122	43.3186247945	850
-121.645689905	43.5	850
-121.5	43.5470299423	850
> 860 contour -Z860
-121.5	43.5323888958	860
-121.446083866	43.5	860
-121.288042188	43	860
-121.5	42.7592950165	860
-122	42.6513725519	860
-122.154852077	43	860
-122	43.2954069972	860
-121.600334741	43.5	860
-121.5	43.5323888958	860
> 870 contour -Z870
-121.5	43.517747879	870
-121.470456036	43.5	870
-121.303589582	43	870
-121.5	42.7769510746	870
-122	42.678773284	870
-122.14268133	43	870
-122	43.2721891999	870
-121.554979574	43.5	870
-121.5	43.517747879	870
> 880 contour -Z880
-121.5	43.5031068325	880
-121.494828203	43.5	880
-121.319136992	43	880
-121.5	42.7946071178	880
-122	42.7061739862	880
-122.130510584	43	880
-122	43.2489714026	880
-121.509624408	43.5	880
-121.5	43.5031068325	880
> 890 contour -Z890
-122	43.2257536054	890
-121.5	43.4655103385	890
-121.334684402	43	890
-121.5	42.8122631758	890
-122	42.7335747182	890
-122.118339829	43	890
-122	43.2257536054	890
> 900 contour -Z900
-122	43.2025357783	900
-121.5	43.4217305779	900
-121.350231811	43	900
-121.5	42.8299192339	900
-122	42.7609754205	900
-122.106169082	43	900
-122	43.2025357783	900
> 910 contour -Z910
-122	43.179317981	910
-121.5	43.3779508173	910
-121.365779206	43	910
-121.5	42.8475752771	910
-122	42.7883761376	910
-122.093998328	43	910
-122	43.179317981	910
> 920 contour -Z920
-122	43.1561001837	920
-121.5	43.3341710269	920
-121.381326623	43	920
-121.5	42.8652313352	920
-122	42.8157768548	920
-122.081827573	43	920
-122	43.1561001837	920
> 930 contour -Z930
-122	43.1328823864	930
-121.5	43.2903912663	930
-121.396874025	43	930
-121.5	42.8828873783	930
-122	42.8431775719	930
-122.069656827	43	930
-122	43.1328823864	930
> 940 contour -Z940
-122	43.1096645892	940
-121.5	43.2466115057	940
-121.412421435	43	940
-121.5	42.900543429	940
-122	42.8705782741	940
-122.057486076	43	940
-122	43.1096645892	940
> 950 contour -Z950
-122	43.0864467919	950
-121.5	43.2028317302	950
-121.427968837	43	950
-121.5	42.918199487	950
-122	42.8979789987	950
-122.045315322	43	950
-122	43.0864467919	950
> 960 contour -Z960
-122	43.0632289648	960
-121.5	43.1590519696	960
-121.443516247	43	960
-121.5	42.9358555377	960
-122	42.9253797084	960
-122.033144571	43	960
-122	43.0632289648	960
> 970 contour -Z970
-122	43.0400111675	970
-121.5	43.1152722016	970
-121.459063653	43	970
-121.5	42.9535115883	970
-122	42.9527804255	970
-122.02097382	43	970
-122	43.0400111675	970
> 980 contour -Z980
-122	43.0167933702	980
-121.5	43.0714924335	980
-121.474611059	43	980
-121.5	42.971167637	980
-122	42.9801811408	980
-122.00880307	43	980
-122	43.0167933702	980
> 990 contour -Z990
-121.5	43.0277126729	990
-121.490158465	43	990
-121.5	42.9888236895	990
-121.847916067	43	990
-121.5	43.0277126729	990
