> 10 contour -Z10
-115	52.5156576335	10
-114.5	52.6556570679	10
-114	52.7546695471	10
-113.5	52.8085996211	10
-113	52.807335645	10
-112.5	52.7232057005	10
-112.01495719	52.5	10
-112	52.4912718534	10
-111.515970528	52	10
-111.5	51.982432425	10
-111.092465639	51.5	10
-111	51.4288226068	10
-110.5	51.0614524782	10
-110.415708832	51	10
-110	50.5842911676	10
-109.928879291	50.5	10
-109.842785642	50	10
-110	49.6687173247	10
-110.062500119	49.5	10
-110.457310297	49	10
-110.5	48.9676942825	10
-110.990261249	48.5	10
-111	48.4931719932	10
-111.5	48.1061372459	10
-111.612659425	48	10
-112	47.7086385787	10
-112.260075584	47.5	10
-112.5	47.3210847527	10
-112.917684846	47	10
-113	46.9367074147	10
-113.5	46.5350824296	10
-113.54052484	46.5	10
-114	46.1050898731	10
-114.116948038	46	10
-114.5	45.6574975252	10
-114.669880062	45.5	10
-115	45.1893771291	10
-115.198583782	45	10
-115.5	44.7027308345	10
-115.707976878	44.5	10
-116	44.1967577338	10
-116.192650616	44	10
-116.5	43.6717371345	10
-116.661993414	43.5	10
-117	43.136513561	10
-117.127615094	43	10
-117.5	42.6054596603	10
-117.601687312	42.5	10
-118	42.1069049835	10
-118.117410421	42	10
-118.5	41.6717573404	10
-118.739428431	41.5	10
-119	41.3065598756	10
-119.5	41.032461077	10
-119.570937544	41	10
-120	40.7399128377	10
-120.5	40.5692442358	10
-121	40.5001719296	10
-121.003975868	40.5	10
-121.5	40.4524762258	10
-122	40.4721337836	10
-122.140703395	40.5	10
-122.5	40.5299037993	10
-123	40.6437524855	10
-123.5	40.9635233544	10
-123.544100944	41	10
-123.994369239	41.5	10
-124	41.5106185079	10
-124.390051961	42	10
-124.5	42.2309731543	10
-124.703371882	42.5	10
-124.920962811	43	10
-125	43.3741498291	10
-125.049481705	43.5	10
-125.157454833	44	10
-125.171789274	44.5	10
-125.11010465	45	10
-125	45.44399333	10
-124.989099473	45.5	10
-124.814049661	46	10
-124.5	46.4912733138	10
-124.495157748	46.5	10
-124.150000021	47	10
-124	47.1752257794	10
-123.716781437	47.5	10
-123.5	47.7291882336	10
-123.204596952	48	10
-123	48.1875649691	10
-122.589822263	48.5	10
-122.5	48.5712349862	10
-122	48.9176688194	10
-121.871294349	49	10
-121.5	49.255982101	10
-121.112737291	49.5	10
-121	49.5791666135	10
-120.5	49.9120590091	10
-120.352753252	50	10
-120	50.2349814028	10
-119.536279108	50.5	10
-119.5	50.5223112311	10
-119	50.8102284372	10
-118.62202692	51	10
-118.5	51.0667421147	10
-118	51.3198626637	10
-117.607142776	51.5	10
-117.5	51.5543859266	10
-117	51.7854776084	10
-116.5	51.984375	10
-116.455370665	52	10
-116	52.1833130866	10
-115.5	52.3609769344	10
-115.044466432	52.5	10
-115	52.5156576335	10
> 20 contour -Z20
-116	50.0851165056	20
-115.5	50.1871673316	20
-115	50.2288395017	20
-114.5	50.2079757303	20
-114	50.1037883535	20
-113.747358382	50	20
-113.5	49.8806213439	20
-113.020443827	49.5	20
-113	49.4685252905	20
-112.776682436	49	20
-112.84028694	48.5	20
-113	48.2431561351	20
-113.11766234	48	20
-113.5	47.5442723334	20
-113.52986002	47.5	20
-114	47.0347179472	20
-114.028216362	47	20
-114.5	46.5451011658	20
-114.540409118	46.5	20
-115	46.0497513115	20
-115.045913726	46	20
-115.5	45.5520833433	20
-115.549247533	45.5	20
-116	45.0484187901	20
-116.046155691	45	20
-116.5	44.5434348285	20
-116.54134962	44.5	20
-117	44.0302040577	20
-117.028160751	44	20
-117.5	43.5113988221	20
-117.510777414	43.5	20
-118	43.0038204789	20
-118.003938317	43	20
-118.5	42.5220301151	20
-118.525089979	42.5	20
-119	42.072555393	20
-119.07670781	42	20
-119.5	41.6591703594	20
-119.704744488	41.5	20
-120	41.2962025404	20
-120.5	41.0646722913	20
-120.82884486	41	20
-121	40.9300575703	20
-121.5	40.8266070783	20
-122	40.8294468671	20
-122.5	40.9481388628	20
-122.606164359	41	20
-123	41.0655756295	20
-123.5	41.4995359467	20
-123.500444571	41.5	20
-123.921468049	42	20
-124	42.2873229086	20
-124.149007484	42.5	20
-124.30481267	43	20
-124.359038085	43.5	20
-124.328579068	44	20
-124.203633606	44.5	20
-124	44.9757695198	20
-123.989572287	45	20
-123.72457996	45.5	20
-123.5	45.8235668838	20
-123.384269923	46	20
-123	46.4256131947	20
-122.930964172	46.5	20
-122.5	46.9075127542	20
-122.383712113	47	20
-122	47.3117610216	20
-121.720511138	47.5	20
-121.5	47.6627642363	20
-121	47.9735682905	20
-120.950764656	48	20
-120.5	48.2749089897	20
-120.056477074	48.5	20
-120	48.5323908404	20
-119.5	48.7884570062	20
-119.011761294	49	20
-119	49.0058662044	20
-118.5	49.2348274291	20
-118	49.4319183826	20
-117.804333359	49.5	20
-117.5	49.6294301152	20
-117	49.8104366958	20
-116.5	49.9545117319	20
-116.297579825	50	20
-116	50.0851165056	20
> 30 contour -Z30
-115.5	49.0042944551	30
-115.474452682	49	30
-115	48.8966612816	30
-114.5	48.549257379	30
-114.45855251	48.5	30
-114.354811713	48	30
-114.5	47.5836201608	30
-114.521646172	47.5	30
-114.834401801	47	30
-115	46.8140532523	30
-115.222094357	46.5	30
-115.5	46.2007699609	30
-115.656256318	46	30
-116	45.6399850845	30
-116.117699683	45.5	30
-116.5	45.1035154462	30
-116.588550359	45	30
-117	44.5740512609	30
-117.065184355	44.5	30
-117.5	44.0443282723	30
-117.539763451	44	30
-118	43.5228666067	30
-118.020582259	43.5	30
-118.5	43.0290067196	30
-118.526859373	43	30
-119	42.556469053	30
-119.053270727	42.5	30
-119.5	42.0644062161	30
-119.564271897	42	30
-120	41.611010164	30
-120.156033903	41.5	30
-120.5	41.2715574354	30
-121	41.0761306584	30
-121.5	41.0259126425	30
-122	41.0228399336	30
-122.5	41.0537621379	30
-123	41.2081313729	30
-123.33602494	41.5	30
-123.5	41.6961943209	30
-123.755998284	42	30
-123.952287436	42.5	30
-123.989364535	43	30
-123.991930127	43.5	30
-123.940285653	44	30
-123.729839653	44.5	30
-123.5	44.8177173734	30
-123.355429471	45	30
-123	45.4485579729	30
-122.941950351	45.5	30
-122.511061237	46	30
-122.5	46.0116658229	30
-122	46.4497099817	30
-121.925720394	46.5	30
-121.5	46.8020862639	30
-121.139441222	47	30
-121	47.0868610665	30
-120.5	47.3547875881	30
-120.180576712	47.5	30
-120	47.5966537148	30
-119.5	47.8454345465	30
-119.125208363	48	30
-119	48.0617192239	30
-118.5	48.2913698852	30
-118	48.4731151164	30
-117.917061567	48.5	30
-117.5	48.6716170609	30
-117	48.829261452	30
-116.5	48.9431547821	30
-116	48.998611331	30
-115.855930567	49	30
-115.5	49.0042944551	30
> 40 contour -Z40
-117.5	48.0747214854	40
-117	48.1919595301	40
-116.5	48.2331750393	40
-116	48.1773231179	40
-115.63551265	48	40
-115.5	47.7870518863	40
-115.405926593	47.5	40
-115.5	47.1543168426	40
-115.529956222	47	40
-115.791169241	46.5	40
-116	46.2270874083	40
-116.133545458	46	40
-116.5	45.5703208447	40
-116.546396375	45.5	40
-116.985281345	45	40
-117	44.9847626723	40
-117.426717266	44.5	40
-117.5	44.4232022315	40
-117.879622079	44	40
-118	43.8752025962	40
-118.337720394	43.5	40
-118.5	43.3405720145	40
-118.815359727	43	40
-119	42.8269147277	40
-119.308398843	42.5	40
-119.5	42.313174814	40
-119.812521756	42	40
-120	41.8326315582	40
-120.467540972	41.5	40
-120.5	41.4784425721	40
-121	41.1670546234	40
-121.5	41.0781980455	40
-122	41.0688139796	40
-122.5	41.115134418	40
-123	41.3506871164	40
-123.17190218	41.5	40
-123.5	41.8925653771	40
-123.590528518	42	40
-123.878736377	42.5	40
-123.926912904	43	40
-123.914483964	43.5	40
-123.786064595	44	40
-123.5	44.4153381288	40
-123.438394129	44.5	40
-123	44.9781758487	40
-122.969734281	45	40
-122.5	45.4453037381	40
-122.389356285	45.5	40
-122	45.8608410358	40
-121.769816011	46	40
-121.5	46.1991230845	40
-121	46.4835810661	40
-120.965181977	46.5	40
-120.5	46.7779352665	40
-120.00790265	47	40
-120	47.0043878895	40
-119.5	47.2867123187	40
-119	47.4903130531	40
-118.973136097	47.5	40
-118.5	47.7352567464	40
-118	47.9174672961	40
-117.702359572	48	40
-117.5	48.0747214854	40
> 50 contour -Z50
-118	47.5033543706	50
-117.5	47.6214641631	50
-117	47.6562018245	50
-116.5	47.5565158576	50
-116.403715737	47.5	50
-116.15789479	47	50
-116.27656205	46.5	50
-116.5	46.0933178663	50
-116.538166374	46	50
-116.866150782	45.5	50
-117	45.3484980017	50
-117.250272915	45	50
-117.5	44.7267504334	50
-117.66863367	44.5	50
-118	44.1459434927	50
-118.108163357	44	50
-118.5	43.5863392055	50
-118.564007431	43.5	50
-119	43.0488320887	50
-119.038424581	43	50
-119.5	42.5272220671	50
-119.523975998	42.5	50
-120	42.0235906541	50
-120.0229747	42	50
-120.5	41.5749171972	50
-120.625899494	41.5	50
-121	41.2579786032	50
-121.5	41.1304834485	50
-122	41.1147880256	50
-122.5	41.1765066981	50
-123	41.4932428715	50
-123.007779404	41.5	50
-123.489105314	42	50
-123.5	42.0492047369	50
-123.805185348	42.5	50
-123.864461303	43	50
-123.837037832	43.5	50
-123.631843567	44	50
-123.5	44.1914241016	50
-123.275458664	44.5	50
-123	44.8004549444	50
-122.723271027	45	50
-122.5	45.2116588503	50
-122	45.4800267518	50
-121.949988604	45.5	50
-121.5	45.8582015038	50
-121.175725967	46	50
-121	46.1227266267	50
-120.5	46.4185500443	50
-120.303241611	46.5	50
-120	46.6892577261	50
-119.5	46.926415652	50
-119.297912568	47	50
-119	47.1608237475	50
-118.5	47.3599559069	50
-118.00826038	47.5	50
-118	47.5033543706	50
> 60 contour -Z60
-118.5	47.0695283711	60
-118	47.19355537	60
-117.5	47.2280595303	60
-117	47.1116504744	60
-116.84884426	47	60
-116.716523916	46.5	60
-116.874730736	46	60
-117	45.8048447818	60
-117.141811788	45.5	60
-117.5	45.0129998922	60
-117.506816894	45	60
-117.880139597	44.5	60
-118	44.3719322085	60
-118.275650725	44	60
-118.5	43.7631551325	60
-118.695089638	43.5	60
-119	43.1844767928	60
-119.145159543	43	60
-119.5	42.6365475059	60
-119.620265007	42.5	60
-120	42.1199576259	60
-120.116825581	42	60
-120.5	41.6585488319	60
-120.7664437	41.5	60
-121	41.3489025682	60
-121.5	41.1827688217	60
-122	41.1607620716	60
-122.5	41.2378789783	60
-122.908817679	41.5	60
-123	41.5234802961	60
-123.465049982	42	60
-123.5	42.1578484178	60
-123.731634289	42.5	60
-123.802009702	43	60
-123.759591699	43.5	60
-123.5	43.9792536497	60
-123.49292919	44	60
-123.112523206	44.5	60
-123	44.6227340326	60
-122.5	44.9925763905	60
-122.485865742	45	60
-122	45.3666712046	60
-121.666155681	45.5	60
-121.5	45.6322638243	60
-121	45.9233530164	60
-120.80299145	46	60
-120.5	46.210822612	60
-120	46.4454492629	60
-119.849474996	46.5	60
-119.5	46.7041736543	60
-119	46.9022606611	60
-118.659323901	47	60
-118.5	47.0695283711	60
> 70 contour -Z70
-119	46.7113262415	70
-118.5	46.8425519466	70
-118	46.8989447951	70
-117.5	46.8208764195	70
-117.161843598	46.5	70
-117.179988503	46	70
-117.385726176	45.5	70
-117.5	45.3446309268	70
-117.680717826	45	70
-118	44.5954699814	70
-118.054812014	44.5	70
-118.443138093	44	70
-118.5	43.9399710521	70
-118.82617186	43.5	70
-119	43.3201215118	70
-119.251894519	43	70
-119.5	42.7458729446	70
-119.716554046	42.5	70
-120	42.2163245976	70
-120.210676461	42	70
-120.5	41.7421804368	70
-120.906987898	41.5	70
-121	41.4398265481	70
-121.5	41.2350542247	70
-122	41.2067361176	70
-122.5	41.2992512733	70
-122.813098252	41.5	70
-123	41.5481289327	70
-123.44099462	42	70
-123.5	42.2664921284	70
-123.658083245	42.5	70
-123.739558116	43	70
-123.682145551	43.5	70
-123.5	43.8362739384	70
-123.444198608	44	70
-123	44.4835858643	70
-122.97214219	44.5	70
-122.5	44.9136859179	70
-122.335661471	45	70
-122	45.2533156574	70
-121.5	45.4735610187	70
-121.432243764	45.5	70
-121	45.8072035909	70
-120.504448354	46	70
-120.5	46.0030951819	70
-120	46.3075904846	70
-119.5	46.4902848303	70
-119.465785563	46.5	70
-119	46.7113262415	70
> 80 contour -Z80
-119	46.5203918219	80
-118.5	46.6355468631	80
-118	46.6283820868	80
-117.691362023	46.5	80
-117.5	46.141569376	80
-117.466685712	46	80
-117.5	45.9102978483	80
-117.603707373	45.5	80
-117.854618788	45	80
-118	44.8158022165	80
-118.181311041	44.5	80
-118.5	44.1038587689	80
-118.560357153	44	80
-118.957254071	43.5	80
-119	43.4557662345	80
-119.358629495	43	80
-119.5	42.8551984131	80
-119.812843055	42.5	80
-120	42.3126915544	80
-120.304527357	42	80
-120.5	41.8258120418	80
-121	41.5094750524	80
-121.038383871	41.5	80
-121.5	41.2873396277	80
-122	41.2527101785	80
-122.5	41.3606235534	80
-122.71737881	41.5	80
-123	41.5727775693	80
-123.416939288	42	80
-123.5	42.3751358315	80
-123.584532194	42.5	80
-123.677106515	43	80
-123.604699418	43.5	80
-123.5	43.6932942271	80
-123.395468056	44	80
-123	44.430534333	80
-122.882104009	44.5	80
-122.5	44.8347954452	80
-122.185457215	45	80
-122	45.1399600953	80
-121.5	45.4097912014	80
-121.268818378	45.5	80
-121	45.6910541654	80
-120.5	45.9218447804	80
-120.277760208	46	80
-120	46.1697316915	80
-119.5	46.3707876801	80
-119.044945728	46.5	80
-119	46.5203918219	80
> 90 contour -Z90
-120	46.0318728983	90
-119.5	46.25129053	90
-119	46.3774255514	90
-118.5	46.4322286248	90
-118	46.3040641844	90
-117.76004824	46	90
-117.798829317	45.5	90
-118	45.0686192513	90
-118.021600544	45	90
-118.307810038	44.5	90
-118.5	44.2611013502	90
-118.651738107	44	90
-119	43.5751281977	90
-119.043027163	43.5	90
-119.465364471	43	90
-119.5	42.9645238593	90
-119.909132078	42.5	90
-120	42.4090585262	90
-120.398378238	42	90
-120.5	41.9094436616	90
-121	41.5374911129	90
-121.151878387	41.5	90
-121.5	41.3396250308	90
-122	41.2986842245	90
-122.5	41.4219958335	90
-122.621659383	41.5	90
-123	41.5974262059	90
-123.392883927	42	90
-123.5	42.4837795366	90
-123.510981143	42.5	90
-123.614654906	43	90
-123.527253276	43.5	90
-123.5	43.5503145196	90
-123.346737474	44	90
-123	44.3774828017	90
-122.792065829	44.5	90
-122.5	44.7559049726	90
-122.035252944	45	90
-122	45.0266045481	90
-121.5	45.346021384	90
-121.105392992	45.5	90
-121	45.5749047324	90
-120.5	45.8425073922	90
-120.052158937	46	90
-120	46.0318728983	90
> 100 contour -Z100
-119.5	46.1317934096	100
-119	46.2401948571	100
-118.5	46.2359038293	100
-118.066553682	46	100
-118	45.5719252303	100
-117.993951267	45.5	100
-118	45.4870293876	100
-118.153311193	45	100
-118.43430905	44.5	100
-118.5	44.4183439165	100
-118.743119061	44	100
-119	43.6866109371	100
-119.106875122	43.5	100
-119.5	43.0494313836	100
-119.529000878	43	100
-120	42.5025528371	100
-120.001823455	42.5	100
-120.492229119	42	100
-120.5	41.9930752777	100
-121	41.5655071735	100
-121.265372872	41.5	100
-121.5	41.3919104189	100
-122	41.3446582705	100
-122.5	41.4833681174	100
-122.525939956	41.5	100
-123	41.6220748127	100
-123.368828595	42	100
-123.482637078	42.5	100
-123.5	42.7521937937	100
-123.552203298	43	100
-123.5	43.2816374302	100
-123.484177172	43.5	100
-123.298006922	44	100
-123	44.3244313002	100
-122.702027678	44.5	100
-122.5	44.677014485	100
-122	44.9715364277	100
-121.926291555	45	100
-121.5	45.2822515666	100
-121	45.4839101434	100
-120.951650202	45.5	100
-120.5	45.7631700337	100
-120	45.9441546798	100
-119.794625133	46	100
-119.5	46.1317934096	100
> 110 contour -Z110
-119.5	46.0122962594	110
-119	46.1029641703	110
-118.5	46.0395790525	110
-118.427278019	46	110
-118.172924548	45.5	110
-118.285021871	45	110
-118.5	44.613753587	110
-118.540722102	44.5	110
-118.834500015	44	110
-119	43.7980936915	110
-119.17072311	43.5	110
-119.5	43.1226089001	110
-119.571933329	43	110
-120	42.5478960872	110
-120.034211725	42.5	110
-120.5	42.0299765766	110
-120.529729217	42	110
-121	41.5935232639	110
-121.378867365	41.5	110
-121.5	41.4441958144	110
-122	41.3906323239	110
-122.382718235	41.5	110
-122.5	41.5123546124	110
-123	41.6467234492	110
-123.344773233	42	110
-123.462226897	42.5	110
-123.49669677	43	110
-123.45976299	43.5	110
-123.249276355	44	110
-123	44.2713797688	110
-122.611989506	44.5	110
-122.5	44.5981240049	110
-122	44.9343437254	110
-121.829978436	45	110
-121.5	45.2184817642	110
-121	45.4385993481	110
-120.815492094	45.5	110
-120.5	45.6838326603	110
-120	45.8715150952	110
-119.527488358	46	110
-119.5	46.0122962594	110
> 120 contour -Z120
-120.5	45.6044952869	120
-120	45.7988755405	120
-119.5	45.9204458892	120
-119	45.9654547274	120
-118.5	45.7552722096	120
-118.351381227	45.5	120
-118.416732535	45	120
-118.5	44.8503952026	120
-118.625436276	44.5	120
-118.925880976	44	120
-119	43.9095764309	120
-119.234571099	43.5	120
-119.5	43.1957864165	120
-119.61486578	43	120
-120	42.5932393372	120
-120.066599965	42.5	120
-120.5	42.0626593232	120
-120.562142223	42	120
-121	41.6215393245	120
-121.49236186	41.5	120
-121.5	41.4964812112	120
-122	41.4366063774	120
-122.221837908	41.5	120
-122.5	41.5293019116	120
-123	41.6713720858	120
-123.320717901	42	120
-123.441816747	42.5	120
-123.476567388	43	120
-123.435348809	43.5	120
-123.200545788	44	120
-123	44.2183282524	120
-122.521951336	44.5	120
-122.5	44.5192335267	120
-122	44.897151053	120
-121.733665302	45	120
-121.5	45.1547119468	120
-121	45.3932885528	120
-120.679333955	45.5	120
-120.5	45.6044952869	120
> 130 contour -Z130
-120.5	45.5251579285	130
-120	45.7262359709	130
-119.5	45.831766665	130
-119	45.8271076977	130
-118.533022553	45.5	130
-118.539006501	45	130
-118.71015045	44.5	130
-119	44.0261606276	130
-119.00972113	44	130
-119.298419103	43.5	130
-119.5	43.2689639181	130
-119.657798231	43	130
-120	42.6385825872	130
-120.098988205	42.5	130
-120.5	42.0953420401	130
-120.594555259	42	130
-121	41.6495553851	130
-121.5	41.5145607889	130
-121.855558097	41.5	130
-122	41.4825804252	130
-122.060957577	41.5	130
-122.5	41.5462492406	130
-123	41.6960207224	130
-123.296662539	42	130
-123.421406567	42.5	130
-123.456438005	43	130
-123.410934627	43.5	130
-123.151815236	44	130
-123	44.165276736	130
-122.5	44.4852042496	130
-122.463764101	44.5	130
-122	44.8599583507	130
-121.637352169	45	130
-121.5	45.0909421369	130
-121	45.3479777873	130
-120.543175817	45.5	130
-120.5	45.5251579285	130
> 140 contour -Z140
-120	45.6535964012	140
-119.5	45.7430874705	140
-119	45.6887606531	140
-118.730526149	45.5	140
-118.645060033	45	140
-118.79486464	44.5	140
-119	44.1646494269	140
-119.061182618	44	140
-119.362267077	43.5	140
-119.5	43.3421414346	140
-119.700730711	43	140
-120	42.6839258373	140
-120.131376445	42.5	140
-120.5	42.1280247867	140
-120.626968265	42	140
-121	41.6775714457	140
-121.5	41.5301722288	140
-122	41.5087040663	140
-122.5	41.5631965399	140
-123	41.720669359	140
-123.272607207	42	140
-123.400996417	42.5	140
-123.436308622	43	140
-123.386520445	43.5	140
-123.103084669	44	140
-123	44.1122252196	140
-122.5	44.4656382799	140
-122.415845662	44.5	140
-122	44.8227656484	140
-121.541039038	45	140
-121.5	45.027172327	140
-121	45.3026669919	140
-120.5	45.4714626074	140
-120.377940327	45.5	140
-120	45.6535964012	140
> 150 contour -Z150
-120	45.5809568167	150
-119.5	45.6544082612	150
-119	45.5504136197	150
-118.928029746	45.5	150
-118.751113564	45	150
-118.879578821	44.5	150
-119	44.3031382263	150
-119.112644136	44	150
-119.426115073	43.5	150
-119.5	43.4153189361	150
-119.743663162	43	150
-120	42.7292690873	150
-120.163764685	42.5	150
-120.5	42.1607075036	150
-120.6593813	42	150
-121	41.7055875361	150
-121.5	41.5457836688	150
-122	41.5227180421	150
-122.5	41.5801438689	150
-123	41.7453179955	150
-123.24855186	42	150
-123.380586267	42.5	150
-123.41617921	43	150
-123.362106264	43.5	150
-123.054354105	44	150
-123	44.0591736995	150
-122.5	44.44607234	150
-122.367927253	44.5	150
-122	44.7855729461	150
-121.5	44.9865341783	150
-121.454115182	45	150
-121	45.2573561966	150
-120.5	45.4296740592	150
-120.19920291	45.5	150
-120	45.5809568167	150
> 160 contour -Z160
-120	45.5083172619	160
-119.5	45.5657290518	160
-119.230825126	45.5	160
-119	45.339689225	160
-118.85716708	45	160
-118.964293003	44.5	160
-119	44.4416270219	160
-119.164105624	44	160
-119.489963057	43.5	160
-119.5	43.4884964498	160
-119.786595628	43	160
-120	42.7746123224	160
-120.196152925	42.5	160
-120.5	42.1933902502	160
-120.691794306	42	160
-121	41.7336035967	160
-121.5	41.5613951087	160
-122	41.5367319882	160
-122.5	41.5970911682	160
-123	41.7699666321	160
-123.224496514	42	160
-123.360176086	42.5	160
-123.396049827	43	160
-123.337692082	43.5	160
-123.005623541	44	160
-123	44.0061221821	160
-122.5	44.4265064001	160
-122.320008814	44.5	160
-122	44.7483802587	160
-121.5	44.9630704522	160
-121.374162525	45	160
-121	45.2120454311	160
-120.5	45.3878855109	160
-120.02046551	45.5	160
-120	45.5083172619	160
> 170 contour -Z170
-121	45.1667346358	170
-120.5	45.3460969627	170
-120	45.4532056153	170
-119.5	45.4765401483	170
-119	45.0874697715	170
-118.963220611	45	170
-119	44.812601313	170
-119.035050005	44.5	170
-119.215567142	44	170
-119.5	43.5661548376	170
-119.525406331	43.5	170
-119.829528078	43	170
-120	42.8199555725	170
-120.228541195	42.5	170
-120.5	42.2260729671	170
-120.724207312	42	170
-121	41.7616196573	170
-121.5	41.5770065486	170
-122	41.5507459641	170
-122.5	41.6140384972	170
-123	41.7946152687	170
-123.200441167	42	170
-123.339765936	42.5	170
-123.375920445	43	170
-123.3132779	43.5	170
-123	43.9677539468	170
-122.979601562	44	170
-122.5	44.4069404304	170
-122.272090405	44.5	170
-122	44.7111875564	170
-121.5	44.939606756	170
-121.294209838	45	170
-121	45.1667346358	170
> 180 contour -Z180
-121	45.1214238703	180
-120.5	45.3043084145	180
-120	45.4003604352	180
-119.5	45.3858914673	180
-119.066514581	45	180
-119.095637709	44.5	180
-119.267028645	44	180
-119.5	43.6446490288	180
-119.555551529	43.5	180
-119.872460544	43	180
-120	42.8652988076	180
-120.260929421	42.5	180
-120.5	42.2587557137	180
-120.756620347	42	180
-121	41.7896357328	180
-121.5	41.5926179588	180
-122	41.5647599399	180
-122.5	41.6309857965	180
-123	41.8192639053	180
-123.176385835	42	180
-123.319355756	42.5	180
-123.355791032	43	180
-123.288863719	43.5	180
-123	43.9313012362	180
-122.956542015	44	180
-122.5	44.3873744905	180
-122.224171966	44.5	180
-122	44.673994869	180
-121.5	44.9161430299	180
-121.214257181	45	180
-121	45.1214238703	180
> 190 contour -Z190
-121	45.076113075	190
-120.5	45.2625198662	190
-120	45.3475152254	190
-119.5	45.2952427864	190
-119.168343395	45	190
-119.156225383	44.5	190
-119.318490148	44	190
-119.5	43.7231432199	190
-119.585696697	43.5	190
-119.915393002	43	190
-120	42.9106420577	190
-120.293317676	42.5	190
-120.5	42.2914384305	190
-120.789033368	42	190
-121	41.8176517934	190
-121.5	41.6082293987	190
-122	41.578773886	190
-122.5	41.6479331255	190
-123	41.843912527	190
-123.152330488	42	190
-123.298945606	42.5	190
-123.33566165	43	190
-123.264449537	43.5	190
-123	43.8948485255	190
-122.933482468	44	190
-122.5	44.3678085506	190
-122.176253542	44.5	190
-122	44.6368021667	190
-121.5	44.8926793039	190
-121.134304523	45	190
-121	45.076113075	190
> 200 contour -Z200
-121	45.0308022797	200
-120.5	45.2207313031	200
-120	45.2946700454	200
-119.5	45.2045941204	200
-119.270172238	45	200
-119.216813087	44.5	200
-119.369951651	44	200
-119.5	43.8016373813	200
-119.615841866	43.5	200
-119.958325457	43	200
-120	42.9559853077	200
-120.325705916	42.5	200
-120.5	42.3241211623	200
-120.821446389	42	200
-121	41.8456678689	200
-121.5	41.6238408387	200
-122	41.5927878618	200
-122.5	41.6648804247	200
-123	41.8685611635	200
-123.128275141	42	200
-123.278535426	42.5	200
-123.315532267	43	200
-123.24003534	43.5	200
-123	43.8583958149	200
-122.910422921	44	200
-122.5	44.3482426107	200
-122.128335118	44.5	200
-122	44.5996094719	200
-121.5	44.8692156076	200
-121.054351855	45	200
-121	45.0308022797	200
> 210 contour -Z210
-120.5	45.1789427698	210
-120	45.2418248653	210
-119.5	45.1139454469	210
-119.372001082	45	210
-119.277400777	44.5	210
-119.421413153	44	210
-119.5	43.880131565	210
-119.645987064	43.5	210
-120	43.0012443662	210
-120.000484794	43	210
-120.358094156	42.5	210
-120.5	42.356803894	210
-120.85385941	42	210
-121	41.8736839294	210
-121.5	41.6394522786	210
-122	41.6068018079	210
-122.5	41.6818277538	210
-123	41.8932098001	210
-123.104219787	42	210
-123.258125275	42.5	210
-123.295402884	43	210
-123.215621158	43.5	210
-123	43.8219430745	210
-122.887363404	44	210
-122.5	44.328676641	210
-122.080416694	44.5	210
-122	44.5624167733	210
-121.5	44.8457518816	210
-121	44.9933731258	210
-120.96521309	45	210
-120.5	45.1789427698	210
> 220 contour -Z220
-120.5	45.1371541917	220
-120	45.1889796853	220
-119.5	45.0232967753	220
-119.473829914	45	220
-119.337988466	44.5	220
-119.47287466	44	220
-119.5	43.9586257488	220
-119.676132232	43.5	220
-120	43.0437147915	220
-120.017030209	43	220
-120.390482403	42.5	220
-120.5	42.3894866258	220
-120.886272423	42	220
-121	41.9017000049	220
-121.5	41.6550637186	220
-122	41.6208157837	220
-122.5	41.698775053	220
-123	41.9178584367	220
-123.08016444	42	220
-123.23771511	42.5	220
-123.275273472	43	220
-123.191206977	43.5	220
-123	43.7854903638	220
-122.864303857	44	220
-122.5	44.3091107011	220
-122.032498267	44.5	220
-122	44.5252240784	220
-121.5	44.8222881854	220
-121	44.9726770818	220
-120.856571734	45	220
-120.5	45.1371541917	220
> 230 contour -Z230
-120.5	45.0953656435	230
-120	45.1361344904	230
-119.611927837	45	230
-119.5	44.8462972045	230
-119.39857617	44.5	230
-119.5	44.1101355851	230
-119.515617281	44	230
-119.70627743	43.5	230
-120	43.0861852169	230
-120.033575654	43	230
-120.422870651	42.5	230
-120.5	42.4221693575	230
-120.918685444	42	230
-121	41.929716073	230
-121.5	41.6706751585	230
-122	41.6348297596	230
-122.5	41.7157223821	230
-123	41.9425070696	230
-123.056109093	42	230
-123.217304945	42.5	230
-123.255144089	43	230
-123.166792795	43.5	230
-123	43.7490376532	230
-122.84124431	44	230
-122.5	44.2895447612	230
-122	44.4967083037	230
-121.987677485	44.5	230
-121.5	44.7988244593	230
-121	44.9519810379	230
-120.747930408	45	230
-120.5	45.0953656435	230
> 240 contour -Z240
-120.5	45.0535770953	240
-120	45.0832893029	240
-119.762571111	45	240
-119.5	44.6394291669	240
-119.459163859	44.5	240
-119.5	44.3430294245	240
-119.548641711	44	240
-119.736422598	43.5	240
-120	43.1286556423	240
-120.050121099	43	240
-120.455258895	42.5	240
-120.5	42.4548520893	240
-120.951098461	42	240
-121	41.957732141	240
-121.5	41.6862865984	240
-122	41.6488437057	240
-122.5	41.7326696813	240
-123	41.9671557024	240
-123.032053743	42	240
-123.196894795	42.5	240
-123.235014692	43	240
-123.142378613	43.5	240
-123	43.7125849277	240
-122.818184763	44	240
-122.5	44.2699787915	240
-122	44.4864794016	240
-121.949385017	44.5	240
-121.5	44.7753607333	240
-121	44.9312849939	240
-120.639289051	45	240
-120.5	45.0535770953	240
> 250 contour -Z250
-120.5	45.011788547	250
-120	45.030444121	250
-119.913214386	45	250
-119.51605767	44.5	250
-119.581666142	44	250
-119.766567782	43.5	250
-120	43.1711260378	250
-120.066666543	43	250
-120.487647139	42.5	250
-120.5	42.487534822	250
-120.98351148	42	250
-121	41.98574821	250
-121.5	41.7018980384	250
-122	41.6628576815	250
-122.5	41.7496169806	250
-123	41.9918043371	250
-123.007998396	42	250
-123.17648463	42.5	250
-123.214885309	43	250
-123.117964432	43.5	250
-123	43.676132217	250
-122.795125216	44	250
-122.5	44.2504128516	250
-122	44.4762504697	250
-121.91109255	44.5	250
-121.5	44.751897037	250
-121	44.9105889499	250
-120.530647714	45	250
-120.5	45.011788547	250
> 260 contour -Z260
-121.5	44.728433311	260
-121	44.8898928761	260
-120.5	44.9800984561	260
-120	44.977083534	260
-119.565314382	44.5	260
-119.614690602	44	260
-119.79671295	43.5	260
-120	43.2135964632	260
-120.083211988	43	260
-120.5	42.5119841397	260
-120.506599009	42.5	260
-121	42.0052552819	260
-121.013216645	42	260
-121.5	41.7175094783	260
-122	41.6768716276	260
-122.5	41.7665643096	260
-122.976889819	42	260
-123	42.0401412249	260
-123.156074464	42.5	260
-123.194755912	43	260
-123.09355025	43.5	260
-123	43.6396794915	260
-122.772065699	44	260
-122.5	44.2308469117	260
-122	44.4660215378	260
-121.872800082	44.5	260
-121.5	44.728433311	260
> 270 contour -Z270
-121.5	44.7049695849	270
-121	44.8691968322	270
-120.5	44.9523766041	270
-120	44.923022449	270
-119.614571095	44.5	270
-119.647715032	44	270
-119.826858133	43.5	270
-120	43.2560668886	270
-120.099757433	43	270
-120.5	42.5313571692	270
-120.517266661	42.5	270
-121	42.0159519911	270
-121.040118039	42	270
-121.5	41.7331209183	270
-122	41.6908856034	270
-122.5	41.7835116237	270
-122.942267865	42	270
-123	42.1002778411	270
-123.135664299	42.5	270
-123.174626529	43	270
-123.069136061	43.5	270
-123	43.6032267809	270
-122.749006152	44	270
-122.5	44.2112809569	270
-122	44.4557926357	270
-121.834507614	44.5	270
-121.5	44.7049695849	270
> 280 contour -Z280
-121.5	44.6815058887	280
-121	44.8485007882	280
-120.5	44.9246547222	280
-120	44.868961364	280
-119.663827837	44.5	280
-119.680739492	44	280
-119.857003316	43.5	280
-120	43.298537299	280
-120.116302878	43	280
-120.5	42.5507301688	280
-120.527934313	42.5	280
-121	42.0266486704	280
-121.067019433	42	280
-121.5	41.7487323582	280
-122	41.7048995793	280
-122.5	41.8004589379	280
-122.907645911	42	280
-123	42.1604144871	280
-123.115254134	42.5	280
-123.154497132	43	280
-123.044721883	43.5	280
-123	43.5667740628	280
-122.725946605	44	280
-122.5	44.1917150021	280
-122	44.4455637038	280
-121.796215147	44.5	280
-121.5	44.6815058887	280
> 290 contour -Z290
-121.5	44.6580421627	290
-121	44.8278047442	290
-120.5	44.8969328403	290
-120	44.8149003088	290
-119.713084549	44.5	290
-119.713763922	44	290
-119.887148492	43.5	290
-120	43.3410077244	290
-120.132848322	43	290
-120.5	42.5701031983	290
-120.538601935	42.5	290
-121	42.0373453796	290
-121.093920827	42	290
-121.5	41.7643437982	290
-122	41.7189135253	290
-122.5	41.817406252	290
-122.873023957	42	290
-123	42.2205511034	290
-123.094843976	42.5	290
-123.134367734	43	290
-123.020307699	43.5	290
-123	43.5303213447	290
-122.702887073	44	290
-122.5	44.1721490622	290
-122	44.4353347719	290
-121.757922679	44.5	290
-121.5	44.6580421627	290
> 300 contour -Z300
-121.5	44.6345784664	300
-121	44.8071087003	300
-120.5	44.8692109585	300
-120	44.7608392239	300
-119.762341276	44.5	300
-119.746788353	44	300
-119.917293675	43.5	300
-120	43.3834781423	300
-120.149393767	43	300
-120.5	42.589476198	300
-120.549269587	42.5	300
-121	42.0480420589	300
-121.120822221	42	300
-121.5	41.7799552381	300
-122	41.7329275012	300
-122.5	41.8343535662	300
-122.838401973	42	300
-123	42.2806877494	300
-123.074433811	42.5	300
-123.114238352	43	300
-123	43.4856076539	300
-122.998520792	43.5	300
-122.679827526	44	300
-122.5	44.1525831074	300
-122	44.42510584	300
-121.719630212	44.5	300
-121.5	44.6345784664	300
> 310 contour -Z310
-121.5	44.6111147404	310
-121	44.7864126563	310
-120.5	44.8414891064	310
-120	44.7067781538	310
-119.811598003	44.5	310
-119.779812798	44	310
-119.947438851	43.5	310
-120	43.4259485602	310
-120.165939212	43	310
-120.5	42.6088491976	310
-120.559937239	42.5	310
-121	42.0587387681	310
-121.147723615	42	310
-121.5	41.795566678	310
-122	41.7469414473	310
-122.5	41.8513008803	310
-122.803780019	42	310
-123	42.3408243805	310
-123.05402365	42.5	310
-123.094108962	43	310
-123	43.4000410438	310
-122.989726514	43.5	310
-122.656767994	44	310
-122.5	44.1330171674	310
-122	44.4148769379	310
-121.681337759	44.5	310
-121.5	44.6111147404	310
> 320 contour -Z320
-121.5	44.5876510143	320
-121	44.7657166123	320
-120.5	44.8137672246	320
-120	44.6527170837	320
-119.860854715	44.5	320
-119.812837243	44	320
-119.97758403	43.5	320
-120	43.4684189782	320
-120.182484657	43	320
-120.5	42.6282222271	320
-120.570604891	42.5	320
-121	42.0694354773	320
-121.174625009	42	320
-121.5	41.8111781031	320
-122	41.7609554231	320
-122.5	41.8682481945	320
-122.769158065	42	320
-123	42.4009610116	320
-123.033613484	42.5	320
-123.073979564	43	320
-123	43.3144744635	320
-122.980932266	43.5	320
-122.633708447	44	320
-122.5	44.1134512126	320
-122	44.404648006	320
-121.643045291	44.5	320
-121.5	44.5876510143	320
> 330 contour -Z330
-121.5	44.5641873181	330
-121	44.7450205535	330
-120.5	44.7860453427	330
-120	44.5986560136	330
-119.910111442	44.5	330
-119.845861688	44	330
-120	43.5260367393	330
-120.003875792	43.5	330
-120.199030101	43	330
-120.5	42.6475952268	330
-120.581272513	42.5	330
-121	42.0801321566	330
-121.201526374	42	330
-121.5	41.826789543	330
-122	41.7749693841	330
-122.5	41.8851955011	330
-122.734536096	42	330
-123	42.4610976465	330
-123.013203322	42.5	330
-123.053850178	43	330
-123	43.2289078683	330
-122.972137988	43.5	330
-122.610648915	44	330
-122.5	44.0938852653	330
-122	44.3944190741	330
-121.604752824	44.5	330
-121.5	44.5641873181	330
> 340 contour -Z340
-121.5	44.540723592	340
-121	44.7243244946	340
-120.5	44.7583234906	340
-120	44.5445949398	340
-119.959368166	44.5	340
-119.878886126	44	340
-120	43.6275843084	340
-120.018991977	43.5	340
-120.215575546	43	340
-120.5	42.6669682562	340
-120.591940165	42.5	340
-121	42.0908288658	340
-121.228427768	42	340
-121.5	41.842400983	340
-122	41.788983345	340
-122.5	41.9021428153	340
-122.699914142	42	340
-122.998163402	42.5	340
-123	42.5870434046	340
-123.033720784	43	340
-123	43.1433412731	340
-122.96334371	43.5	340
-122.587589376	44	340
-122.5	44.0743193179	340
-122	44.384190172	340
-121.566460356	44.5	340
-121.5	44.540723592	340
> 350 contour -Z350
-121.5	44.517259866	350
-121	44.7036284506	350
-120.5	44.7306016088	350
-120.010307938	44.5	350
-120	44.4691995382	350
-119.911910571	44	350
-120	43.7291319072	350
-120.034108192	43.5	350
-120.232120991	43	350
-120.5	42.6863412559	350
-120.602607816	42.5	350
-121	42.1015255451	350
-121.255329177	42	350
-121.5	41.8580124229	350
-122	41.8029973209	350
-122.5	41.9190901294	350
-122.665292189	42	350
-122.992962003	42.5	350
-123	42.8335550129	350
-123.013591394	43	350
-123	43.0577746853	350
-122.954549432	43.5	350
-122.564529836	44	350
-122.5	44.0547533669	350
-122	44.3739612401	350
-121.52816789	44.5	350
-121.5	44.517259866	350
> 360 contour -Z360
-121	44.6829324067	360
-120.5	44.7028797269	360
-120.069176465	44.5	360
-120	44.2932981551	360
-119.944935009	44	360
-120	43.8306794614	360
-120.049224377	43.5	360
-120.248666435	43	360
-120.5	42.7057142556	360
-120.613275468	42.5	360
-121	42.1122222543	360
-121.282230571	42	360
-121.5	41.8736238629	360
-122	41.8170112818	360
-122.5	41.9360374436	360
-122.63067022	42	360
-122.987760633	42.5	360
-122.998216987	43	360
-122.945755184	43.5	360
-122.541470297	44	360
-122.5	44.0351874195	360
-122	44.3637323081	360
-121.5	44.4975117445	360
-121.485477895	44.5	360
-121	44.6829324067	360
> 370 contour -Z370
-121	44.6622363627	370
-120.5	44.6751578599	370
-120.128045022	44.5	370
-120	44.1173967794	370
-119.97795945	44	370
-120	43.9322270378	370
-120.064340591	43.5	370
-120.26521188	43	370
-120.5	42.725087285	370
-120.62394312	42.5	370
-121	42.1229189634	370
-121.309131965	42	370
-121.5	41.8892353028	370
-122	41.8310252428	370
-122.5	41.952984754	370
-122.596048258	42	370
-122.982559264	42.5	370
-122.992727369	43	370
-122.936960906	43.5	370
-122.518410757	44	370
-122.5	44.0156214703	370
-122	44.3535033762	370
-121.5	44.4881007075	370
-121.430553377	44.5	370
-121	44.6622363627	370
> 380 contour -Z380
-121	44.6415403187	380
-120.5	44.6474359781	380
-120.18691358	44.5	380
-120.007091522	44	380
-120.079456776	43.5	380
-120.281757325	43	380
-120.5	42.7444602847	380
-120.634610742	42.5	380
-121	42.1336156428	380
-121.336033344	42	380
-121.5	41.9048467427	380
-122	41.8450392038	380
-122.5	41.9699320681	380
-122.561426297	42	380
-122.977357894	42.5	380
-122.987237751	43	380
-122.928166628	43.5	380
-122.5	43.9979381859	380
-122.497014314	44	380
-122	44.3432744741	380
-121.5	44.4786897004	380
-121.375628859	44.5	380
-121	44.6415403187	380
> 390 contour -Z390
-121	44.620844245	390
-120.5	44.6197141111	390
-120.245782107	44.5	390
-120.028413028	44	390
-120.094572991	43.5	390
-120.29830277	43	390
-120.5	42.7638332993	390
-120.645278394	42.5	390
-121	42.1443123519	390
-121.362934738	42	390
-121.5	41.9204581752	390
-122	41.8590531647	390
-122.5	41.9868793823	390
-122.526804337	42	390
-122.972156525	42.5	390
-122.981748134	43	390
-122.91937235	43.5	390
-122.5	43.9877108335	390
-122.482204229	44	390
-122	44.3330455422	390
-121.5	44.4692786932	390
-121.320704341	44.5	390
-121	44.620844245	390
> 400 contour -Z400
-121	44.600148201	400
-120.5	44.5919922367	400
-120.304650664	44.5	400
-120.049734533	44	400
-120.109689176	43.5	400
-120.314848214	43	400
-120.5	42.7832063138	400
-120.655946046	42.5	400
-121	42.1550090611	400
-121.38983614	42	400
-121.5	41.9360696152	400
-122	41.8730671406	400
-122.487838537	42	400
-122.5	42.0012544394	400
-122.966955125	42.5	400
-122.976258516	43	400
-122.910578102	43.5	400
-122.5	43.977483511	400
-122.467394143	44	400
-122	44.3228166103	400
-121.5	44.4598676562	400
-121.265779823	44.5	400
-121	44.600148201	400
> 410 contour -Z410
-121	44.579452157	410
-120.5	44.5642703623	410
-120.363519207	44.5	410
-120.071056038	44	410
-120.124805391	43.5	410
-120.331393659	43	410
-120.5	42.8025793284	410
-120.666613698	42.5	410
-121	42.1657057405	410
-121.416737527	42	410
-121.5	41.9516810551	410
-122	41.8870811015	410
-122.433978945	42	410
-122.5	42.0068099201	410
-122.961753756	42.5	410
-122.970768869	43	410
-122.901783824	43.5	410
-122.5	43.9672561884	410
-122.452584058	44	410
-122	44.3125877082	410
-121.5	44.4504566491	410
-121.210855305	44.5	410
-121	44.579452157	410
> 420 contour -Z420
-121	44.5587561131	420
-120.5	44.5365484916	420
-120.422387764	44.5	420
-120.092377543	44	420
-120.139921576	43.5	420
-120.347939104	43	420
-120.5	42.821952343	420
-120.67728132	42.5	420
-121	42.1764024496	420
-121.443638921	42	420
-121.5	41.9672924913	420
-122	41.9010950625	420
-122.380119354	42	420
-122.5	42.0123654008	420
-122.956552386	42.5	420
-122.965279251	43	420
-122.892989546	43.5	420
-122.5	43.957028836	420
-122.437774003	44	420
-122	44.3023587763	420
-121.5	44.4410456121	420
-121.155930787	44.5	420
-121	44.5587561131	420
> 430 contour -Z430
-121	44.5380600691	430
-120.5	44.5088266181	430
-120.48125631	44.5	430
-120.113699049	44	430
-120.155037791	43.5	430
-120.364484549	43	430
-120.5	42.8413253576	430
-120.687948972	42.5	430
-121	42.187099129	430
-121.470540315	42	430
-121.5	41.9829039313	430
-122	41.9151090309	430
-122.326259762	42	430
-122.5	42.0179208815	430
-122.951351017	42.5	430
-122.959789634	43	430
-122.884195298	43.5	430
-122.5	43.9468015134	430
-122.422963917	44	430
-122	44.2921298444	430
-121.5	44.4316346049	430
-121.101006269	44.5	430
-121	44.5380600691	430
> 440 contour -Z440
-121	44.5173640251	440
-120.724122018	44.5	440
-120.5	44.4808533788	440
-120.135020554	44	440
-120.170153975	43.5	440
-120.381029986	43	440
-120.5	42.8606983572	440
-120.698616624	42.5	440
-121	42.1977958381	440
-121.497441708	42	440
-121.5	41.9985153697	440
-122	41.9291229919	440
-122.272400171	42	440
-122.5	42.0234763622	440
-122.946149617	42.5	440
-122.954300016	43	440
-122.87540102	43.5	440
-122.5	43.9365741909	440
-122.408153832	44	440
-122	44.2819009125	440
-121.5	44.422223568	440
-121.046081752	44.5	440
-121	44.5173640251	440
> 450 contour -Z450
-122	44.2716720104	450
-121.5	44.4128125608	450
-121	44.4979115129	450
-120.5	44.4527626932	450
-120.156342059	44	450
-120.18527019	43.5	450
-120.397575431	43	450
-120.5	42.8800713718	450
-120.709284276	42.5	450
-121	42.2084925473	450
-121.5	42.004881978	450
-121.591173917	42	450
-122	41.9431369565	450
-122.218540594	42	450
-122.5	42.0290318727	450
-122.940948248	42.5	450
-122.948810399	43	450
-122.866606742	43.5	450
-122.5	43.9263468385	450
-122.393343776	44	450
-122	44.2716720104	450
> 460 contour -Z460
-122	44.2614430934	460
-121.5	44.4034015238	460
-121	44.4849394262	460
-120.5	44.4246720374	460
-120.177663565	44	460
-120.200386375	43.5	460
-120.414120875	43	460
-120.5	42.8994443864	460
-120.719951928	42.5	460
-121	42.2191892266	460
-121.5	42.010277003	460
-121.691929579	42	460
-122	41.9571509212	460
-122.164681017	42	460
-122.5	42.0345873535	460
-122.935746878	42.5	460
-122.943320781	43	460
-122.857812464	43.5	460
-122.5	43.9161195159	460
-122.378533691	44	460
-122	44.2614430934	460
> 470 contour -Z470
-122	44.2512141764	470
-121.5	44.3939905167	470
-121	44.4719673395	470
-120.5	44.3965813518	470
-120.19898507	44	470
-120.21550259	43.5	470
-120.43066632	43	470
-120.5	42.9188174009	470
-120.73061955	42.5	470
-121	42.2298859358	470
-121.5	42.0156720281	470
-121.792685255	42	470
-122	41.971164884	470
-122.110821426	42	470
-122.5	42.0401428342	470
-122.930545509	42.5	470
-122.937831163	43	470
-122.849018216	43.5	470
-122.5	43.9058921635	470
-122.363723606	44	470
-122	44.2512141764	470
> 480 contour -Z480
-122	44.2409852445	480
-121.5	44.3845794797	480
-121	44.4589952528	480
-120.5	44.3684906662	480
-120.220306575	44	480
-120.230618775	43.5	480
-120.447211765	43	480
-120.5	42.9381904081	480
-120.741287202	42.5	480
-121	42.2405826151	480
-121.5	42.0210670531	480
-121.893440917	42	480
-122	41.9851788478	480
-122.056961838	42	480
-122.5	42.0456983149	480
-122.925344139	42.5	480
-122.932341546	43	480
-122.840223938	43.5	480
-122.5	43.8956648409	480
-122.348913521	44	480
-122	44.2409852445	480
> 490 contour -Z490
-122	44.2307563126	490
-121.5	44.3751684725	490
-121	44.4460231662	490
-120.5	44.3404000103	490
-120.241628081	44	490
-120.24573499	43.5	490
-120.463757206	43	490
-120.5	42.9575634189	490
-120.751954854	42.5	490
-121	42.2512793243	490
-121.5	42.0264620781	490
-121.994196587	42	490
-122	41.9991928114	490
-122.003102252	42	490
-122.5	42.0512538254	490
-122.92014274	42.5	490
-122.926851928	43	490
-122.83142966	43.5	490
-122.5	43.8854375184	490
-122.334103465	44	490
-122	44.2307563126	490
> 500 contour -Z500
-122	44.2205273807	500
-121.5	44.3657574654	500
-121	44.4330510795	500
-120.5	44.3123093247	500
-120.262949586	44	500
-120.260851189	43.5	500
-120.48030265	43	500
-120.5	42.9769364316	500
-120.762622491	42.5	500
-121	42.2619760185	500
-121.5	42.0318571031	500
-122	42.0039794743	500
-122.5	42.0568093061	500
-122.91494137	42.5	500
-122.921362311	43	500
-122.822635382	43.5	500
-122.5	43.875210166	500
-122.31929338	44	500
-122	44.2205273807	500
> 510 contour -Z510
-122	44.2102984488	510
-121.5	44.3563464284	510
-121	44.4200789928	510
-120.5	44.2842186689	510
-120.284271091	44	510
-120.275967389	43.5	510
-120.496848095	43	510
-120.5	42.9963094436	510
-120.773290142	42.5	510
-121	42.2726727128	510
-121.5	42.0372521579	510
-122	42.0082021654	510
-122.5	42.0623647869	510
-122.909740001	42.5	510
-122.915872693	43	510
-122.813841134	43.5	510
-122.5	43.8649828434	510
-122.304483294	44	510
-122	44.2102984488	510
> 520 contour -Z520
-122	44.2000695467	520
-121.5	44.3469354212	520
-121	44.4071069062	520
-120.5	44.2561279833	520
-120.305592597	44	520
-120.291083589	43.5	520
-120.5	43.0276653767	520
-120.506374568	43	520
-120.783957779	42.5	520
-121	42.283369422	520
-121.5	42.0426471829	520
-122	42.0124248862	520
-122.5	42.0679202676	520
-122.904538631	42.5	520
-122.910383075	43	520
-122.805046856	43.5	520
-122.5	43.8547555208	520
-122.289673239	44	520
-122	44.2000695467	520
> 530 contour -Z530
-122	44.1898406148	530
-121.5	44.3375243843	530
-121	44.3941348195	530
-120.5	44.2280373126	530
-120.326914102	44	530
-120.306199789	43.5	530
-120.5	43.0618412793	530
-120.514249295	43	530
-120.794625431	42.5	530
-121	42.2940661162	530
-121.5	42.048042208	530
-122	42.0166475773	530
-122.5	42.0734757483	530
-122.899337232	42.5	530
-122.904893458	43	530
-122.796252578	43.5	530
-122.5	43.8445281684	530
-122.274863154	44	530
-122	44.1898406148	530
> 540 contour -Z540
-122	44.1796116829	540
-121.5	44.3281133771	540
-121	44.3811627328	540
-120.5	44.1999466419	540
-120.348235607	44	540
-120.321315989	43.5	540
-120.5	43.0960171521	540
-120.522124052	43	540
-120.805293083	42.5	540
-121	42.3047628105	540
-121.5	42.053437233	540
-122	42.0208702981	540
-122.5	42.0790312588	540
-122.894135863	42.5	540
-122.89940384	43	540
-122.787458301	43.5	540
-122.5	43.8343008459	540
-122.260053068	44	540
-122	44.1796116829	540
> 550 contour -Z550
-122	44.1693827808	550
-121.5	44.3187023401	550
-121	44.3681906462	550
-120.5	44.1718559712	550
-120.369557127	44	550
-120.336432189	43.5	550
-120.5	43.1301930547	550
-120.529998779	43	550
-120.81596072	42.5	550
-121	42.3154595047	550
-121.5	42.058832258	550
-122	42.025093019	550
-122.5	42.0845867395	550
-122.888934493	42.5	550
-122.893914223	43	550
-122.778664052	43.5	550
-122.5	43.8240735233	550
-122.245242998	44	550
-122	44.1693827808	550
> 560 contour -Z560
-122	44.1591538489	560
-121.5	44.309291333	560
-121	44.3552185595	560
-120.5	44.1437653005	560
-120.390878625	44	560
-120.351548389	43.5	560
-120.5	43.1643689573	560
-120.537873507	43	560
-120.826628372	42.5	560
-121	42.3261562139	560
-121.5	42.064227283	560
-122	42.0293157101	560
-122.5	42.0901422203	560
-122.883733124	42.5	560
-122.888424605	43	560
-122.769869775	43.5	560
-122.5	43.8138461709	560
-122.230432913	44	560
-122	44.1591538489	560
> 570 contour -Z570
-122	44.148924917	570
-121.5	44.299880296	570
-121	44.3422464728	570
-120.5	44.1156746298	570
-120.412200131	44	570
-120.366664588	43.5	570
-120.5	43.1985448301	570
-120.545748264	43	570
-120.837296009	42.5	570
-121	42.3368529081	570
-121.5	42.069622308	570
-122	42.0335384309	570
-122.5	42.095697701	570
-122.878531724	42.5	570
-122.882934988	43	570
-122.761075497	43.5	570
-122.5	43.8036188483	570
-122.215622842	44	570
-122	44.148924917	570
> 580 contour -Z580
-122	44.1386959851	580
-121.5	44.2904692888	580
-121	44.3292743862	580
-120.5	44.0875839517	580
-120.433521643	44	580
-120.381780781	43.5	580
-120.5	43.2327207327	580
-120.553622991	43	580
-120.847963661	42.5	580
-121	42.3475496024	580
-121.5	42.0750173628	580
-122	42.037761122	580
-122.5	42.1012532115	580
-122.873330355	42.5	580
-122.87744537	43	580
-122.752281219	43.5	580
-122.5	43.7933914959	580
-122.200812757	44	580
-122	44.1386959851	580
> 590 contour -Z590
-122	44.128467083	590
-121.5	44.2810582519	590
-121	44.3163022995	590
-120.5	44.0594932809	590
-120.454843149	44	590
-120.396896981	43.5	590
-120.5	43.2668966055	590
-120.561497718	43	590
-120.858631298	42.5	590
-121	42.3582462966	590
-121.5	42.0804123878	590
-122	42.0419838428	590
-122.5	42.1068086922	590
-122.868128985	42.5	590
-122.871955752	43	590
-122.743486956	43.5	590
-122.5	43.7831641734	590
-122.186002687	44	590
-122	44.128467083	590
> 600 contour -Z600
-122	44.1182381511	600
-121.5	44.2716472447	600
-121	44.3033302128	600
-120.5	44.0314026065	600
-120.476164654	44	600
-120.412013181	43.5	600
-120.5	43.3010725081	600
-120.569372445	43	600
-120.86929895	42.5	600
-121	42.3689429909	600
-121.5	42.0858074129	600
-122	42.0462065637	600
-122.5	42.1123641729	600
-122.862927616	42.5	600
-122.866466135	43	600
-122.734692693	43.5	600
-122.5	43.7729368508	600
-122.171192616	44	600
-122	44.1182381511	600
> 610 contour -Z610
-122	44.1080092192	610
-121.5	44.2622362077	610
-121	44.2903581262	610
-120.5	44.0033119356	610
-120.49748616	44	610
-120.42712938	43.5	610
-120.5	43.3352483958	610
-120.577247202	43	610
-120.879966594	42.5	610
-121	42.3796396926	610
-121.5	42.0912024379	610
-122	42.0504292548	610
-122.5	42.1179196537	610
-122.857726246	42.5	610
-122.860976487	43	610
-122.725898415	43.5	610
-122.5	43.7627094984	610
-122.156382531	44	610
-122	44.1080092192	610
> 620 contour -Z620
-122	44.0977803171	620
-121.5	44.2528252006	620
-121	44.2773860395	620
-120.519808739	44	620
-120.5	43.9062155187	620
-120.44224558	43.5	620
-120.5	43.3694242835	620
-120.58512193	43	620
-120.890634239	42.5	620
-121	42.3903363943	620
-121.5	42.0965974629	620
-122	42.0546519756	620
-122.5	42.1234751344	620
-122.852524847	42.5	620
-122.85548687	43	620
-122.717104152	43.5	620
-122.5	43.7524821758	620
-122.141572461	44	620
-122	44.0977803171	620
> 630 contour -Z630
-122	44.0875513852	630
-121.5	44.2434141785	630
-121	44.2644139528	630
-120.542265087	44	630
-120.5	43.7998957932	630
-120.45736178	43.5	630
-120.5	43.4036001712	630
-120.592996657	43	630
-120.901301883	42.5	630
-121	42.4010330886	630
-121.5	42.1019924879	630
-122	42.0588746667	630
-122.5	42.1290306449	630
-122.847323477	42.5	630
-122.849997252	43	630
-122.708309874	43.5	630
-122.5	43.7422548383	630
-122.126762375	44	630
-122	44.0875513852	630
> 640 contour -Z640
-122	44.0773224533	640
-121.5	44.2340031564	640
-121	44.2514418662	640
-120.564721465	44	640
-120.5	43.6935760379	640
-120.47247798	43.5	640
-120.5	43.4377760589	640
-120.600871384	43	640
-120.911969528	42.5	640
-121	42.4117297903	640
-121.5	42.1073875427	640
-122	42.0630973876	640
-122.5	42.1345861256	640
-122.842122108	42.5	640
-122.844507635	43	640
-122.699515611	43.5	640
-122.5	43.7320275158	640
-122.111952305	44	640
-122	44.0773224533	640
> 650 contour -Z650
-122	44.0670935214	650
-121.5	44.2245921344	650
-121	44.2384697795	650
-120.587177843	44	650
-120.5	43.5872562975	650
-120.48759418	43.5	650
-120.5	43.4719519485	650
-120.608746141	43	650
-120.922637172	42.5	650
-121	42.4224264845	650
-121.5	42.1127825677	650
-122	42.0673201084	650
-122.5	42.1401416063	650
-122.836920738	42.5	650
-122.839018017	43	650
-122.690721333	43.5	650
-122.5	43.7218001783	650
-122.097142227	44	650
-122	44.0670935214	650
> 660 contour -Z660
-122	44.0568646193	660
-121.5	44.2151811123	660
-121	44.2254976928	660
-120.609634191	44	660
-120.501890957	43.5	660
-120.616620868	43	660
-120.933304816	42.5	660
-121	42.4331231788	660
-121.5	42.1181775928	660
-122	42.0715427995	660
-122.5	42.145697087	660
-122.831719339	42.5	660
-122.833528399	43	660
-122.68192707	43.5	660
-122.5	43.7115728408	660
-122.082332149	44	660
-122	44.0568646193	660
> 670 contour -Z670
-122	44.0466356874	670
-121.5	44.2057701051	670
-121	44.2125256062	670
-120.632090569	44	670
-120.512437195	43.5	670
-120.624495596	43	670
-120.943972465	42.5	670
-121	42.4438198805	670
-121.5	42.1235726178	670
-122	42.0757655203	670
-122.5	42.1512525976	670
-122.826517969	42.5	670
-122.828038782	43	670
-122.673132792	43.5	670
-122.5	43.7013455033	670
-122.067522071	44	670
-122	44.0466356874	670
> 680 contour -Z680
-122	44.0364067554	680
-121.5	44.1963590831	680
-121	44.1995535195	680
-120.654546946	44	680
-120.522983432	43.5	680
-120.632370323	43	680
-120.954640109	42.5	680
-121	42.4545165785	680
-121.5	42.1289676428	680
-122	42.0799882114	680
-122.5	42.1568080783	680
-122.8213166	42.5	680
-122.822549164	43	680
-122.664338529	43.5	680
-122.5	43.6911181808	680
-122.052711997	44	680
-122	44.0364067554	680
> 690 contour -Z690
-122	44.0261778533	690
-121.5	44.186948061	690
-121	44.1865814328	690
-120.677003294	44	690
-120.533529669	43.5	690
-120.64024508	43	690
-120.965307754	42.5	690
-121	42.4652132727	690
-121.5	42.1343626678	690
-122	42.0842109323	690
-122.5	42.162363559	690
-122.81611523	42.5	690
-122.817059547	43	690
-122.655544251	43.5	690
-122.5	43.6808908433	690
-122.037901919	44	690
-122	44.0261778533	690
> 700 contour -Z700
-122	44.0159489214	700
-121.5	44.1775370389	700
-121	44.1736093462	700
-120.699459672	44	700
-120.544075876	43.5	700
-120.648119807	43	700
-120.9759754	42.5	700
-121	42.4759099726	700
-121.5	42.1397576928	700
-122	42.0884336531	700
-122.5	42.1679190397	700
-122.810913861	42.5	700
-122.811569929	43	700
-122.646749988	43.5	700
-122.5	43.6706635058	700
-122.023091841	44	700
-122	44.0159489214	700
> 710 contour -Z710
-122	44.0057199895	710
-121.5	44.1681260169	710
-121	44.1606372595	710
-120.72191605	44	710
-120.554622114	43.5	710
-120.655994534	43	710
-120.986643045	42.5	710
-121	42.4866066696	710
-121.5	42.1451527476	710
-122	42.0926563442	710
-122.5	42.1734745204	710
-122.805712461	42.5	710
-122.806080312	43	710
-122.63795571	43.5	710
-122.5	43.6604361683	710
-122.008281766	44	710
-122	44.0057199895	710
> 720 contour -Z720
-121.5	44.1587149501	720
-121	44.1476651728	720
-120.744372398	44	720
-120.565168351	43.5	720
-120.663869262	43	720
-120.997310691	42.5	720
-121	42.4973033667	720
-121.5	42.1505477726	720
-122	42.096879065	720
-122.5	42.179030031	720
-122.800511092	42.5	720
-122.800590694	43	720
-122.629161447	43.5	720
-122.5	43.6502088457	720
-122	43.9969998598	720
-121.987264186	44	720
-121.5	44.1587149501	720
> 730 contour -Z730
-121.5	44.1493039429	730
-121	44.1346930861	730
-120.766828775	44	730
-120.575714588	43.5	730
-120.671744019	43	730
-121	42.508812815	730
-121.005795807	42.5	730
-121.5	42.1559427977	730
-122	42.1011017561	730
-122.5	42.1845855117	730
-122.795309722	42.5	730
-122.795101076	43	730
-122.620367177	43.5	730
-122.5	43.6399815083	730
-122	43.9901937544	730
-121.958371818	44	730
-121.5	44.1493039429	730
> 740 contour -Z740
-121.5	44.1398929358	740
-121	44.121720992	740
-120.789285138	44	740
-120.586260796	43.5	740
-120.679618746	43	740
-121	42.5205962062	740
-121.013545215	42.5	740
-121.5	42.1613378227	740
-122	42.105324477	740
-122.5	42.1901409924	740
-122.790108353	42.5	740
-122.789611459	43	740
-122.611572906	43.5	740
-122.5	43.6297541708	740
-122	43.9833876193	740
-121.92947942	44	740
-121.5	44.1398929358	740
> 750 contour -Z750
-121.5	44.1304818988	750
-121	44.1087489054	750
-120.811741516	44	750
-120.596807033	43.5	750
-120.687493473	43	750
-121	42.5323795974	750
-121.021294653	42.5	750
-121.5	42.1667328477	750
-122	42.1095471978	750
-122.5	42.1956964731	750
-122.784906954	42.5	750
-122.784121841	43	750
-122.602778636	43.5	750
-122.5	43.6195268407	750
-122	43.9765815139	750
-121.900587052	44	750
-121.5	44.1304818988	750
> 760 contour -Z760
-121.5	44.1210708916	760
-121	44.0957768187	760
-120.834197879	44	760
-120.60735327	43.5	760
-120.695368201	43	760
-121	42.5441629887	760
-121.029044092	42.5	760
-121.5	42.1721278727	760
-122	42.1137698889	760
-122.5	42.2012519836	760
-122.779705584	42.5	760
-122.778632224	43	760
-122.593984365	43.5	760
-122.5	43.6092995107	760
-122	43.9697754085	760
-121.871694684	44	760
-121.5	44.1210708916	760
> 770 contour -Z770
-121.5	44.1116598547	770
-121	44.082804732	770
-120.856654242	44	770
-120.617899507	43.5	770
-120.703242958	43	770
-121	42.5559463799	770
-121.0367935	42.5	770
-121.5	42.1775228977	770
-122	42.1179926097	770
-122.5	42.2068074644	770
-122.774504215	42.5	770
-122.773142606	43	770
-122.585190095	43.5	770
-122.5	43.5990721732	770
-122	43.9629693031	770
-121.842802286	44	770
-121.5	44.1116598547	770
> 780 contour -Z780
-121.5	44.1022488475	780
-121	44.0698326454	780
-120.879110619	44	780
-120.628445715	43.5	780
-120.711117685	43	780
-121	42.5677297711	780
-121.044542938	42.5	780
-121.5	42.1829179525	780
-122	42.1222153306	780
-122.5	42.2123629451	780
-122.769302845	42.5	780
-122.767652988	43	780
-122.576395825	43.5	780
-122.5	43.5888448432	780
-122	43.9561631978	780
-121.813909918	44	780
-121.5	44.1022488475	780
> 790 contour -Z790
-121.5	44.0928378105	790
-121	44.0568605587	790
-120.901566982	44	790
-120.638991952	43.5	790
-120.718992412	43	790
-121	42.5795131624	790
-121.052292377	42.5	790
-121.5	42.1883129776	790
-122	42.1264380217	790
-122.5	42.2179184258	790
-122.764101475	42.5	790
-122.762163371	43	790
-122.567601554	43.5	790
-122.5	43.5786175057	790
-122	43.9493570924	790
-121.78501755	44	790
-121.5	44.0928378105	790
> 800 contour -Z800
-121.5	44.0834268034	800
-121	44.043888472	800
-120.924023353	44	800
-120.649538189	43.5	800
-120.726867139	43	800
-121	42.5912965536	800
-121.060041785	42.5	800
-121.5	42.1937080026	800
-122	42.1306607425	800
-122.5	42.2234739065	800
-122.758900076	42.5	800
-122.756673723	43	800
-122.55880728	43.5	800
-122.5	43.5683901757	800
-122	43.9425509572	800
-121.756125182	44	800
-121.5	44.0834268034	800
> 810 contour -Z810
-121.5	44.0740157664	810
-121	44.0309163854	810
-120.946479719	44	810
-120.660084426	43.5	810
-120.734741896	43	810
-121	42.6030799448	810
-121.067791224	42.5	810
-121.5	42.1991030276	810
-122	42.1348834336	810
-122.5	42.229029417	810
-122.753698707	42.5	810
-122.751184106	43	810
-122.550013009	43.5	810
-122.5	43.5581628419	810
-122	43.9357448518	810
-121.727232799	44	810
-121.5	44.0740157664	810
> 820 contour -Z820
-121.5	44.0646047592	820
-121	44.0179442987	820
-120.968936088	44	820
-120.670630634	43.5	820
-120.742616624	43	820
-121	42.6148633361	820
-121.075540632	42.5	820
-121.5	42.2044980526	820
-122	42.1391061544	820
-122.5	42.2345848978	820
-122.748497337	42.5	820
-122.745694503	43	820
-122.541218739	43.5	820
-122.5	43.5479355082	820
-122	43.9289387465	820
-121.698340416	44	820
-121.5	44.0646047592	820
> 830 contour -Z830
-121.5	44.0551937222	830
-121	44.0049722111	830
-120.991392457	44	830
-120.681176871	43.5	830
-120.750491351	43	830
-121	42.6266467273	830
-121.08329007	42.5	830
-121.5	42.2098930776	830
-122	42.1433288753	830
-122.5	42.2401403785	830
-122.743295953	42.5	830
-122.740204886	43	830
-122.532424469	43.5	830
-122.5	43.5377081744	830
-122	43.9221326411	830
-121.669448033	44	830
-121.5	44.0551937222	830
> 840 contour -Z840
-121.5	44.0457827151	840
-121.056252778	44	840
-121	43.9896692336	840
-120.691723108	43.5	840
-120.758366093	43	840
-121	42.6384301186	840
-121.091039509	42.5	840
-121.5	42.2152881324	840
-122	42.1475515664	840
-122.5	42.2456958592	840
-122.738094583	42.5	840
-122.734715253	43	840
-122.5236302	43.5	840
-122.5	43.5274808407	840
-122	43.9153265357	840
-121.640555665	44	840
-121.5	44.0457827151	840
> 850 contour -Z850
-121.5	44.0363717079	850
-121.147468686	44	850
-121	43.972917527	850
-120.702269346	43.5	850
-120.76624082	43	850
-121	42.6502135098	850
-121.098788917	42.5	850
-121.5	42.2206831574	850
-122	42.1517742872	850
-122.5	42.2512513548	850
-122.732893199	42.5	850
-122.729225636	43	850
-122.514835929	43.5	850
-122.5	43.5172535069	850
-122	43.9085204303	850
-121.611663289	44	850
-121.5	44.0363717079	850
> 860 contour -Z860
-121.5	44.0269606709	860
-121.238684595	44	860
-121	43.9561658204	860
-120.712815553	43.5	860
-120.774115562	43	860
-121	42.661996901	860
-121.106538355	42.5	860
-121.5	42.2260781825	860
-122	42.1559969783	860
-122.5	42.2568068504	860
-122.727691829	42.5	860
-122.723736018	43	860
-122.50604166	43.5	860
-122.5	43.5070261732	860
-122	43.9017142951	860
-121.582770914	44	860
-121.5	44.0269606709	860
> 870 contour -Z870
-121.5	44.0175496936	870
-121.329900488	44	870
-121	43.9394141138	870
-120.72336179	43.5	870
-120.78199029	43	870
-121	42.6737802923	870
-121.114287794	42.5	870
-121.5	42.2314732075	870
-122	42.1602196991	870
-122.5	42.2623623312	870
-122.72249046	42.5	870
-122.7182464	43	870
-122.5	43.4960942566	870
-122.497317255	43.5	870
-122	43.8949081898	870
-121.553878535	44	870
-121.5	44.0175496936	870
> 880 contour -Z880
-121.5	44.0081386566	880
-121.421116389	44	880
-121	43.9226624072	880
-120.733908027	43.5	880
-120.789865032	43	880
-121	42.6855636835	880
-121.122037202	42.5	880
-121.5	42.2368682325	880
-122	42.16444242	880
-122.5	42.2679178268	880
-122.717289075	42.5	880
-122.712756783	43	880
-122.5	43.4836158454	880
-122.488746136	43.5	880
-122	43.8881020844	880
-121.524986157	44	880
-121.5	44.0081386566	880
> 890 contour -Z890
-122	43.8812959716	890
-121.5	43.9988766611	890
-121	43.9059107006	890
-120.744454265	43.5	890
-120.797739759	43	890
-121	42.6973470747	890
-121.12978664	42.5	890
-121.5	42.2422632575	890
-122	42.1686651111	890
-122.5	42.2734733075	890
-122.712087706	42.5	890
-122.707267165	43	890
-122.5	43.4711374342	890
-122.480175048	43.5	890
-122	43.8812959716	890
> 900 contour -Z900
-122	43.8744898587	900
-121.5	43.990567863	900
-121	43.889158994	900
-120.755000487	43.5	900
-120.805614501	43	900
-121	42.709130466	900
-121.137536049	42.5	900
-121.5	42.2476582825	900
-122	42.1728878319	900
-122.5	42.2790287882	900
-122.706886321	42.5	900
-122.701777548	43	900
-122.5	43.458659023	900
-122.47160396	43.5	900
-122	43.8744898587	900
> 910 contour -Z910
-122	43.8676837534	910
-121.5	43.9822590649	910
-121	43.8724072874	910
-120.765546709	43.5	910
-120.813489228	43	910
-121	42.7209138572	910
-121.145285487	42.5	910
-121.5	42.2530533224	910
-122	42.177110523	910
-122.5	42.2845842838	910
-122.701684952	42.5	910
-122.69628793	43	910
-122.5	43.4461806118	910
-122.463032871	43.5	910
-122	43.8676837534	910
> 920 contour -Z920
-122	43.860877648	920
-121.5	43.9739502668	920
-121	43.8556555808	920
-120.776092932	43.5	920
-120.821363971	43	920
-121	42.7326972485	920
-121.153034925	42.5	920
-121.5	42.2584483474	920
-122	42.1813332438	920
-122.5	42.2901397645	920
-122.696483567	42.5	920
-122.690798312	43	920
-122.5	43.4337022007	920
-122.454461753	43.5	920
-122	43.860877648	920
> 930 contour -Z930
-122	43.8540715277	930
-121.5	43.9656414688	930
-121	43.8389038742	930
-120.786639169	43.5	930
-120.829238698	43	930
-121	42.7444806397	930
-121.160784334	42.5	930
-121.5	42.2638433874	930
-122	42.1855559647	930
-122.5	42.2956952602	930
-122.691282198	42.5	930
-122.685308695	43	930
-122.5	43.4212237895	930
-122.445890665	43.5	930
-122	43.8540715277	930
> 940 contour -Z940
-122	43.8472654223	940
-121.5	43.9573327005	940
-121	43.8221521676	940
-120.797185391	43.5	940
-120.83711344	43	940
-121	42.7562640309	940
-121.168533772	42.5	940
-121.5	42.2692384124	940
-122	42.1897786558	940
-122.5	42.3012507409	940
-122.686080813	42.5	940
-122.679819062	43	940
-122.5	43.4087453783	940
-122.437319577	43.5	940
-122	43.8472654223	940
> 950 contour -Z950
-122	43.840459317	950
-121.5	43.9490239024	950
-121	43.805400461	950
-120.807731628	43.5	950
-120.844988167	43	950
-121	42.7680474222	950
-121.176283211	42.5	950
-121.5	42.2746334374	950
-122	42.1940013766	950
-122.5	42.3068062365	950
-122.680879444	42.5	950
-122.674329445	43	950
-122.5	43.3962669671	950
-122.428748459	43.5	950
-122	43.840459317	950
> 960 contour -Z960
-122	43.8336531967	960
-121.5	43.9407151043	960
-121	43.7886487544	960
-120.818277851	43.5	960
-120.852862909	43	960
-121	42.7798308134	960
-121.184032619	42.5	960
-121.5	42.2800284773	960
-122	42.1982240677	960
-122.5	42.3123617172	960
-122.675678074	42.5	960
-122.668839827	43	960
-122.5	43.3837885559	960
-122.42017737	43.5	960
-122	43.8336531967	960
> 970 contour -Z970
-122	43.8268470913	970
-121.5	43.9324063063	970
-121	43.7718970478	970
-120.828824088	43.5	970
-120.860737637	43	970
-121	42.7916142046	970
-121.191782057	42.5	970
-121.5	42.2854235023	970
-122	42.2024467885	970
-122.5	42.3179172128	970
-122.67047669	42.5	970
-122.66335021	43	970
-122.5	43.3713101447	970
-122.411606282	43.5	970
-122	43.8268470913	970
> 980 contour -Z980
-122	43.8200409859	980
-121.5	43.9240975082	980
-121	43.7551453412	980
-120.83937031	43.5	980
-120.868612379	43	980
-121	42.8033975959	980
-121.199531466	42.5	980
-121.5	42.2908185273	980
-122	42.2066695094	980
-122.5	42.3234726936	980
-122.66527532	42.5	980
-122.657860592	43	980
-122.5	43.3588317335	980
-122.403035194	43.5	980
-122	43.8200409859	980
> 990 contour -Z990
-122	43.8132348657	990
-121.5	43.9157887101	990
-121	43.7383936346	990
-120.849916548	43.5	990
-120.876487114	43	990
-121	42.8151809871	990
-121.207280904	42.5	990
-121.5	42.2962135673	990
-122	42.2108922005	990
-122.5	42.3290281743	990
-122.660073936	42.5	990
-122.652370974	43	990
-122.5	43.3463533223	990
-122.394464076	43.5	990
-122	43.8132348657	990
> 1000 contour -Z1000
-122	43.8064287603	1000
-121.5	43.907479912	1000
-121	43.721641928	1000
-120.86046277	43.5	1000
-120.884361848	43	1000
-121	42.8269643784	1000
-121.215030342	42.5	1000
-121.5	42.3016085923	1000
-122	42.2151149213	1000
-122.5	42.3345836699	1000
-122.654872566	42.5	1000
-122.646881357	43	1000
-122.5	43.3338749111	1000
-122.385892987	43.5	1000
-122	43.8064287603	1000
> 1010 contour -Z1010
-122	43.7996226549	1010
-121.5	43.899171114	1010
-121	43.7048902214	1010
-120.871009007	43.5	1010
-120.892236583	43	1010
-121	42.8387477696	1010
-121.222779751	42.5	1010
-121.5	42.3070036173	1010
-122	42.2193376124	1010
-122.5	42.3401391506	1010
-122.649671182	42.5	1010
-122.641391739	43	1010
-122.5	43.3213964999	1010
-122.377321899	43.5	1010
-122	43.7996226549	1010
> 1020 contour -Z1020
-122	43.7928165346	1020
-121.5	43.8908623457	1020
-121	43.6881385148	1020
-120.881555237	43.5	1020
-120.900111318	43	1020
-121	42.8505311608	1020
-121.230529189	42.5	1020
-121.5	42.3123986423	1020
-122	42.2235603333	1020
-122.5	42.3456946462	1020
-122.644469813	42.5	1020
-122.635902122	43	1020
-122.5	43.3089180589	1020
-122.368750811	43.5	1020
-122	43.7928165346	1020
> 1030 contour -Z1030
-122	43.7860104293	1030
-121.5	43.8825535476	1030
-121	43.6713868082	1030
-120.892101467	43.5	1030
-120.907986052	43	1030
-121	42.8623145521	1030
-121.238278627	42.5	1030
-121.5	42.3177936822	1030
-122	42.2277830541	1030
-122.5	42.351250127	1030
-122.639268428	42.5	1030
-122.630412504	43	1030
-122.5	43.2964396477	1030
-122.360179693	43.5	1030
-122	43.7860104293	1030
> 1040 contour -Z1040
-122	43.7792043239	1040
-121.5	43.8742447495	1040
-121	43.6546351016	1040
-120.902647696	43.5	1040
-120.915860787	43	1040
-121	42.8740979433	1040
-121.246028036	42.5	1040
-121.5	42.3231887072	1040
-122	42.2320057452	1040
-122.5	42.3568056226	1040
-122.634067059	42.5	1040
-122.624922879	43	1040
-122.5	43.2839612365	1040
-122.351608604	43.5	1040
-122	43.7792043239	1040
> 1050 contour -Z1050
-122	43.7723982036	1050
-121.5	43.8659359515	1050
-121	43.637883395	1050
-120.913193926	43.5	1050
-120.923735522	43	1050
-121	42.8858813345	1050
-121.253777474	42.5	1050
-121.5	42.3285837322	1050
-122	42.236228466	1050
-122.5	42.3623611033	1050
-122.628865689	42.5	1050
-122.619433261	43	1050
-122.5	43.2714828253	1050
-122.343037516	43.5	1050
-122	43.7723982036	1050
> 1060 contour -Z1060
-122	43.7655920982	1060
-121.5	43.8576271534	1060
-121	43.6211316884	1060
-120.923740156	43.5	1060
-120.931610256	43	1060
-121	42.8976647258	1060
-121.261526898	42.5	1060
-121.5	42.3339787722	1060
-122	42.2404511869	1060
-122.5	42.3679165989	1060
-122.623664305	42.5	1060
-122.613943636	43	1060
-122.5	43.2590044141	1060
-122.334466428	43.5	1060
-122	43.7655920982	1060
> 1070 contour -Z1070
-122	43.758785978	1070
-121.5	43.8493183553	1070
-121	43.6043799818	1070
-120.934286378	43.5	1070
-120.939484987	43	1070
-121	42.909448117	1070
-121.269276321	42.5	1070
-121.5	42.3393737972	1070
-122	42.244673878	1070
-122.5	42.3734720796	1070
-122.618462928	42.5	1070
-122.608454019	43	1070
-122.5	43.2465260178	1070
-122.325895309	43.5	1070
-122	43.758785978	1070
> 1080 contour -Z1080
-122	43.7519798726	1080
-121.5	43.8410095572	1080
-121	43.5876282752	1080
-120.944832612	43.5	1080
-120.947359726	43	1080
-121	42.9212315083	1080
-121.277025744	42.5	1080
-121.5	42.3447688222	1080
-122	42.2488965988	1080
-122.5	42.3790275678	1080
-122.613261551	42.5	1080
-122.602964401	43	1080
-122.5	43.2340476066	1080
-122.317324221	43.5	1080
-122	43.7519798726	1080
> 1090 contour -Z1090
-122	43.7451737523	1090
-121.5	43.832700789	1090
-121	43.5708765686	1090
-120.955378842	43.5	1090
-120.955234461	43	1090
-121	42.9330148995	1090
-121.284775183	42.5	1090
-121.5	42.3501638621	1090
-122	42.2531193048	1090
-122.5	42.384583056	1090
-122.608060181	42.5	1090
-122.597474784	43	1090
-122.5	43.2215691954	1090
-122.308753133	43.5	1090
-122	43.7451737523	1090
> 1100 contour -Z1100
-122	43.7383676469	1100
-121.5	43.8243919909	1100
-121	43.554124862	1100
-120.965925071	43.5	1100
-120.963109195	43	1100
-121	42.9447982907	1100
-121.292524606	42.5	1100
-121.5	42.3555588871	1100
-122	42.2573420107	1100
-122.5	42.3901385441	1100
-122.602858804	42.5	1100
-122.591985166	43	1100
-122.5	43.2090907842	1100
-122.300182045	43.5	1100
-122	43.7383676469	1100
> 1110 contour -Z1110
-122	43.7315615416	1110
-121.5	43.8160831928	1110
-121	43.5373731554	1110
-120.976471299	43.5	1110
-120.970983928	43	1110
-121	42.956581682	1110
-121.300274029	42.5	1110
-121.5	42.3609539121	1110
-122	42.2615647167	1110
-122.5	42.3956940323	1110
-122.597657427	42.5	1110
-122.586495541	43	1110
-122.5	43.196612373	1110
-122.291610926	43.5	1110
-122	43.7315615416	1110
> 1120 contour -Z1120
-122	43.7247554362	1120
-121.5	43.8077743948	1120
-121	43.5206214488	1120
-120.98701753	43.5	1120
-120.978858663	43	1120
-121	42.9683650732	1120
-121.308023453	42.5	1120
-121.5	42.3663489521	1120
-122	42.2657874227	1120
-122.5	42.401249513	1120
-122.59245605	42.5	1120
-122.581005923	43	1120
-122.5	43.1841339618	1120
-122.283039838	43.5	1120
-122	43.7247554362	1120
> 1130 contour -Z1130
-122	43.7179493308	1130
-121.5	43.7994655967	1130
-121	43.5038697424	1130
-120.997563759	43.5	1130
-120.986733398	43	1130
-121	42.9801484663	1130
-121.315772891	42.5	1130
-121.5	42.3717439771	1130
-122	42.2700101435	1130
-122.5	42.4068050012	1130
-122.587254673	42.5	1130
-122.575516306	43	1130
-122.5	43.1716555506	1130
-122.27446875	43.5	1130
-122	43.7179493308	1130
> 1140 contour -Z1140
-122	43.7111432254	1140
-121.5	43.7911567986	1140
-121.010736853	43.5	1140
-121	43.2355042994	1140
-120.994608133	43	1140
-121	42.9919318575	1140
-121.323522314	42.5	1140
-121.5	42.3771390021	1140
-122	42.2742328495	1140
-122.5	42.4123604894	1140
-122.582053296	42.5	1140
-122.570026688	43	1140
-122.5	43.1591771245	1140
-122.265897661	43.5	1140
-122	43.7111432254	1140
> 1150 contour -Z1150
-122	43.7043370903	1150
-121.5	43.7828480005	1150
-121.024699032	43.5	1150
-121.002680033	43	1150
-121.331271738	42.5	1150
-121.5	42.3825340346	1150
-122	42.2784555554	1150
-122.5	42.4179159775	1150
-122.576851919	42.5	1150
-122.564537071	43	1150
-122.5	43.1466987133	1150
-122.257326543	43.5	1150
-122	43.7043370903	1150
> 1160 contour -Z1160
-122	43.6975309849	1160
-121.5	43.7745392025	1160
-121.038661212	43.5	1160
-121.011180043	43	1160
-121.339021161	42.5	1160
-121.5	42.3879290596	1160
-122	42.2826782614	1160
-122.5	42.4234714657	1160
-122.571650542	42.5	1160
-122.559047449	43	1160
-122.5	43.1342203021	1160
-122.248755455	43.5	1160
-122	43.6975309849	1160
> 1170 contour -Z1170
-122	43.6907248795	1170
-121.5	43.7662304342	1170
-121.052623421	43.5	1170
-121.019680083	43	1170
-121.346770599	42.5	1170
-121.5	42.393324092	1170
-122	42.2869009674	1170
-122.5	42.4290269539	1170
-122.566449165	42.5	1170
-122.553557828	43	1170
-122.5	43.1217418984	1170
-122.240184352	43.5	1170
-122	43.6907248795	1170
> 1180 contour -Z1180
-122	43.6839187741	1180
-121.5	43.7579216361	1180
-121.0665856	43.5	1180
-121.028180122	43	1180
-121.354520023	42.5	1180
-121.5	42.3987191245	1180
-122	42.2911236882	1180
-122.5	42.434582442	1180
-122.561247792	42.5	1180
-122.54806821	43	1180
-122.5	43.1092634872	1180
-122.231613263	43.5	1180
-122	43.6839187741	1180
> 1190 contour -Z1190
-122	43.6771126688	1190
-121.5	43.749612838	1190
-121.08054781	43.5	1190
-121.036680162	43	1190
-121.362269446	42.5	1190
-121.5	42.4041141495	1190
-122	42.2953463942	1190
-122.5	42.4401379265	1190
-122.556046415	42.5	1190
-122.542578589	43	1190
-122.5	43.096785076	1190
-122.22304216	43.5	1190
-122	43.6771126688	1190
> 1200 contour -Z1200
-122	43.6703065336	1200
-121.5	43.74130404	1200
-121.094509989	43.5	1200
-121.045180202	43	1200
-121.37001887	42.5	1200
-121.5	42.409509182	1200
-122	42.2995691001	1200
-122.5	42.4456934147	1200
-122.550845038	42.5	1200
-122.537088972	43	1200
-122.5	43.0843066573	1200
-122.214471072	43.5	1200
-122	43.6703065336	1200
> 1210 contour -Z1210
-122	43.6635004282	1210
-121.5	43.7329952419	1210
-121.108472168	43.5	1210
-121.053680241	43	1210
-121.3777683	42.5	1210
-121.5	42.414904207	1210
-122	42.3037918061	1210
-122.5	42.4512489028	1210
-122.545643665	42.5	1210
-122.531599354	43	1210
-122.5	43.0718282461	1210
-122.205899969	43.5	1210
-122	43.6635004282	1210
> 1220 contour -Z1220
-122	43.6566943228	1220
-121.5	43.7246864438	1220
-121.122434378	43.5	1220
-121.062180251	43	1220
-121.385517731	42.5	1220
-121.5	42.4202992395	1220
-122	42.3080145121	1220
-122.5	42.456804391	1220
-122.540442288	42.5	1220
-122.526109733	43	1220
-122.5	43.0593498386	1220
-122.19732888	43.5	1220
-122	43.6566943228	1220
> 1230 contour -Z1230
-122	43.6498882174	1230
-121.5	43.7163776606	1230
-121.136396557	43.5	1230
-121.07068029	43	1230
-121.393267155	42.5	1230
-121.5	42.4256942719	1230
-122	42.3122372329	1230
-122.5	42.4623598792	1230
-122.535240911	42.5	1230
-122.520620113	43	1230
-122.5	43.0468714237	1230
-122.188757777	43.5	1230
-122	43.6498882174	1230
> 1240 contour -Z1240
-122	43.6430821121	1240
-121.5	43.7080688626	1240
-121.150358766	43.5	1240
-121.07918033	43	1240
-121.401016586	42.5	1240
-121.5	42.4310892969	1240
-122	42.3164599389	1240
-122.5	42.4679153636	1240
-122.530039534	42.5	1240
-122.515130495	43	1240
-122.5	43.0343930125	1240
-122.180186689	43.5	1240
-122	43.6430821121	1240
> 1250 contour -Z1250
-122	43.6362760067	1250
-121.5	43.6997600645	1250
-121.164320946	43.5	1250
-121.08768037	43	1250
-121.408766009	42.5	1250
-121.5	42.4364843294	1250
-122	42.3206826448	1250
-122.5	42.4734708518	1250
-122.524838159	42.5	1250
-122.509640875	43	1250
-122.5	43.0219146013	1250
-122.171615586	43.5	1250
-122	43.6362760067	1250
> 1260 contour -Z1260
-122	43.6294698715	1260
-121.5	43.6914512664	1260
-121.178283125	43.5	1260
-121.096180409	43	1260
-121.41651544	42.5	1260
-121.5	42.4418793581	1260
-122	42.3249053508	1260
-122.5	42.4790263399	1260
-122.519636782	42.5	1260
-122.504151256	43	1260
-122.5	43.0094361892	1260
-122.163044497	43.5	1260
-122	43.6294698715	1260
> 1270 contour -Z1270
-122	43.6226637661	1270
-121.5	43.6831424832	1270
-121.192245334	43.5	1270
-121.104680449	43	1270
-121.424264863	42.5	1270
-121.5	42.4472743869	1270
-122	42.3291280568	1270
-122.5	42.4845818272	1270
-122.514435406	42.5	1270
-122.5	42.9596239626	1270
-122.497943729	43	1270
-122.154473394	43.5	1270
-122	43.6226637661	1270
> 1280 contour -Z1280
-122	43.6158576608	1280
-121.5	43.6748336852	1280
-121.206207514	43.5	1280
-121.113180459	43	1280
-121.432014294	42.5	1280
-121.5	42.4526694156	1280
-122	42.3333507776	1280
-122.5	42.4901373144	1280
-122.50923403	42.5	1280
-122.5	42.7940119207	1280
-122.489509374	43	1280
-122.145902306	43.5	1280
-122	43.6158576608	1280
> 1290 contour -Z1290
-122	43.6090515554	1290
-121.5	43.6665248871	1290
-121.220169693	43.5	1290
-121.121680498	43	1290
-121.439763717	42.5	1290
-121.5	42.4580644481	1290
-122	42.3375734836	1290
-122.5	42.4956928017	1290
-122.504032654	42.5	1290
-122.5	42.6283998787	1290
-122.481075048	43	1290
-122.137331203	43.5	1290
-122	43.6090515554	1290
> 1300 contour -Z1300
-122	43.60224545	1300
-121.5	43.658216089	1300
-121.234131902	43.5	1300
-121.130180538	43	1300
-121.447513144	42.5	1300
-121.5	42.4634594768	1300
-122	42.3417961895	1300
-122.497019142	42.5	1300
-122.472640723	43	1300
-122.128760114	43.5	1300
-122	43.60224545	1300
> 1310 contour -Z1310
-122	43.5954393446	1310
-121.5	43.6499073058	1310
-121.248094082	43.5	1310
-121.138680577	43	1310
-121.455262572	42.5	1310
-121.5	42.4688545056	1310
-122	42.3460188955	1310
-122.483752936	42.5	1310
-122.464206368	43	1310
-122.120189011	43.5	1310
-122	43.5954393446	1310
> 1320 contour -Z1320
-122	43.5886332095	1320
-121.5	43.6415985078	1320
-121.262056276	43.5	1320
-121.147180617	43	1320
-121.463011999	42.5	1320
-121.5	42.4742495343	1320
-122	42.3502416164	1320
-122.470486701	42.5	1320
-122.455772042	43	1320
-122.111617915	43.5	1320
-122	43.5886332095	1320
> 1330 contour -Z1330
-122	43.5818271041	1330
-121.5	43.6332897097	1330
-121.276018471	43.5	1330
-121.155680656	43	1330
-121.470761426	42.5	1330
-121.5	42.4796445649	1330
-122	42.3544643223	1330
-122.457220465	42.5	1330
-122.447337717	43	1330
-122.10304682	43.5	1330
-122	43.5818271041	1330
> 1340 contour -Z1340
-122	43.5750209987	1340
-121.5	43.6249809191	1340
-121.289980665	43.5	1340
-121.164180666	43	1340
-121.478510853	42.5	1340
-121.5	42.4850395937	1340
-122	42.3586870283	1340
-122.443954259	42.5	1340
-122.438903362	43	1340
-122.094475724	43.5	1340
-122	43.5750209987	1340
> 1350 contour -Z1350
-122	43.5682148933	1350
-121.5	43.6166721284	1350
-121.303942859	43.5	1350
-121.172680706	43	1350
-121.486260281	42.5	1350
-121.5	42.4904346233	1350
-122	42.3629097342	1350
-122.430688024	42.5	1350
-122.430469036	43	1350
-122.085904628	43.5	1350
-122	43.5682148933	1350
> 1360 contour -Z1360
-122	43.561408788	1360
-121.5	43.6083633304	1360
-121.317905039	43.5	1360
-121.181180745	43	1360
-121.494009708	42.5	1360
-121.5	42.4958296525	1360
-122	42.3671324402	1360
-122.417421788	42.5	1360
-122.422034711	43	1360
-122.077333532	43.5	1360
-122	43.561408788	1360
> 1370 contour -Z1370
-122	43.5546026826	1370
-121.5	43.6000545397	1370
-121.331867233	43.5	1370
-121.189680785	43	1370
-121.5	42.503089726	1370
-121.503698051	42.5	1370
-122	42.3713551611	1370
-122.404155582	42.5	1370
-122.413600355	43	1370
-122.068762437	43.5	1370
-122	43.5546026826	1370
> 1380 contour -Z1380
-122	43.5477965474	1380
-121.5	43.5917457417	1380
-121.345829427	43.5	1380
-121.198180825	43	1380
-121.5	42.5167007148	1380
-121.519988954	42.5	1380
-122	42.375577867	1380
-122.390889347	42.5	1380
-122.40516603	43	1380
-122.060191337	43.5	1380
-122	43.5477965474	1380
> 1390 contour -Z1390
-122	43.540990442	1390
-121.5	43.583436951	1390
-121.359791622	43.5	1390
-121.206680834	43	1390
-121.5	42.5303117335	1390
-121.536279827	42.5	1390
-122	42.379800573	1390
-122.377623111	42.5	1390
-122.396731704	43	1390
-122.051620241	43.5	1390
-122	43.540990442	1390
> 1400 contour -Z1400
-122	43.5341843367	1400
-121.5	43.575128153	1400
-121.373753801	43.5	1400
-121.215180874	43	1400
-121.5	42.5439227223	1400
-121.55257073	42.5	1400
-122	42.3840232864	1400
-122.364356905	42.5	1400
-122.388297349	43	1400
-122.043049145	43.5	1400
-122	43.5341843367	1400
> 1410 contour -Z1410
-122	43.5273782313	1410
-121.5	43.5668193623	1410
-121.387715995	43.5	1410
-121.223680913	43	1410
-121.5	42.5575337112	1410
-121.568861604	42.5	1410
-122	42.3882459924	1410
-122.35109067	42.5	1410
-122.379863024	43	1410
-122.03447805	43.5	1410
-122	43.5273782313	1410
> 1420 contour -Z1420
-122	43.5205721259	1420
-121.5	43.5585105643	1420
-121.40167819	43.5	1420
-121.232180953	43	1420
-121.5	42.5711447299	1420
-121.585152507	42.5	1420
-122	42.3924686983	1420
-122.337824464	42.5	1420
-122.371428698	43	1420
-122.025906954	43.5	1420
-122	43.5205721259	1420
> 1430 contour -Z1430
-122	43.5137660205	1430
-121.5	43.5502017699	1430
-121.415640384	43.5	1430
-121.240680993	43	1430
-121.5	42.5847557187	1430
-121.60144338	42.5	1430
-122	42.3966914117	1430
-122.324558228	42.5	1430
-122.362994343	43	1430
-122.017335858	43.5	1430
-122	43.5137660205	1430
> 1440 contour -Z1440
-122	43.5069598854	1440
-121.5	43.5418929756	1440
-121.429602571	43.5	1440
-121.249181032	43	1440
-121.5	42.5983667076	1440
-121.617734283	42.5	1440
-122	42.4009141177	1440
-122.311291993	42.5	1440
-122.354560018	43	1440
-122.008764762	43.5	1440
-122	43.5069598854	1440
> 1450 contour -Z1450
-122	43.50015378	1450
-121.5	43.5335841812	1450
-121.443564761	43.5	1450
-121.257681057	43	1450
-121.5	42.6119777262	1450
-121.634025156	42.5	1450
-122	42.4051368311	1450
-122.298025787	42.5	1450
-122.346125692	43	1450
-122.000193666	43.5	1450
-122	43.50015378	1450
> 1460 contour -Z1460
-121.5	43.5252753794	1460
-121.457526952	43.5	1460
-121.266181096	43	1460
-121.5	42.6255887151	1460
-121.65031606	42.5	1460
-122	42.4093595371	1460
-122.284759551	42.5	1460
-122.337691337	43	1460
-122	43.4880848229	1460
-121.878414363	43.5	1460
-121.5	43.5252753794	1460
> 1470 contour -Z1470
-121.5	43.5169665813	1470
-121.471489144	43.5	1470
-121.274681121	43	1470
-121.5	42.6391997039	1470
-121.666606933	42.5	1470
-122	42.4135822505	1470
-122.271493316	42.5	1470
-122.329257011	43	1470
-122	43.4758941829	1470
-121.754017979	43.5	1470
-121.5	43.5169665813	1470
> 1480 contour -Z1480
-121.5	43.5086578131	1480
-121.485451336	43.5	1480
-121.283181161	43	1480
-121.5	42.6528107226	1480
-121.682897836	42.5	1480
-122	42.4178049564	1480
-122.25822711	42.5	1480
-122.320822686	43	1480
-122	43.4637035429	1480
-121.62962158	43.5	1480
-121.5	43.5086578131	1480
> 1490 contour -Z1490
-121.5	43.500349015	1490
-121.499413527	43.5	1490
-121.2916812	43	1490
-121.5	42.6664217114	1490
-121.699188709	42.5	1490
-122	42.4220276624	1490
-122.244960874	42.5	1490
-122.312388331	43	1490
-122	43.4515129328	1490
-121.505225195	43.5	1490
-121.5	43.500349015	1490
> 1500 contour -Z1500
-122	43.4393222891	1500
-121.5	43.4804219007	1500
-121.300181225	43	1500
-121.5	42.6800327003	1500
-121.715479612	42.5	1500
-122	42.4262503758	1500
-122.231694654	42.5	1500
-122.303954005	43	1500
-122	43.4393222891	1500
> 1510 contour -Z1510
-122	43.4271316603	1510
-121.5	43.4599853754	1510
-121.308681265	43	1510
-121.5	42.6936436892	1510
-121.731770486	42.5	1510
-122	42.4304730818	1510
-122.218428418	42.5	1510
-122.29551968	43	1510
-122	43.4271316603	1510
> 1520 contour -Z1520
-122	43.4149410278	1520
-121.5	43.4395488203	1520
-121.317181289	43	1520
-121.5	42.7072547078	1520
-121.748061389	42.5	1520
-122	42.4346958026	1520
-122.205162197	42.5	1520
-122.287085325	43	1520
-122	43.4149410278	1520
> 1530 contour -Z1530
-122	43.4027503952	1530
-121.5	43.4191122949	1530
-121.325681329	43	1530
-121.5	42.7208656967	1530
-121.764352262	42.5	1530
-122	42.4389185086	1530
-122.191895977	42.5	1530
-122.278650999	43	1530
-122	43.4027503952	1530
> 1540 contour -Z1540
-122	43.3905597627	1540
-121.5	43.3986757696	1540
-121.334181368	43	1540
-121.5	42.7344766855	1540
-121.78064315	42.5	1540
-122	42.4431412183	1540
-122.178629756	42.5	1540
-122.270216674	43	1540
-122	43.3905597627	1540
> 1550 contour -Z1550
-122	43.3783691302	1550
-121.5	43.3782392442	1550
-121.342681393	43	1550
-121.5	42.7480877042	1550
-121.796934038	42.5	1550
-122	42.4473639242	1550
-122.16536352	42.5	1550
-122.261782318	43	1550
-122	43.3783691302	1550
> 1560 contour -Z1560
-122	43.3661784977	1560
-121.5	43.3578026891	1560
-121.351181433	43	1560
-121.5	42.761698693	1560
-121.813224927	42.5	1560
-122	42.4515866339	1560
-122.1520973	42.5	1560
-122.253347993	43	1560
-122	43.3661784977	1560
> 1570 contour -Z1570
-122	43.3539878577	1570
-121.5	43.3373661637	1570
-121.359681472	43	1570
-121.5	42.7753096968	1570
-121.829515815	42.5	1570
-122	42.4558093436	1570
-122.138831079	42.5	1570
-122.244913653	43	1570
-122	43.3539878577	1570
> 1580 contour -Z1580
-122	43.3417972326	1580
-121.5	43.3169296384	1580
-121.368181497	43	1580
-121.5	42.7889207006	1580
-121.845806703	42.5	1580
-122	42.4600320533	1580
-122.125564858	42.5	1580
-122.236479327	43	1580
-122	43.3417972326	1580
> 1590 contour -Z1590
-122	43.3296065927	1590
-121.5	43.296493113	1590
-121.376681536	43	1590
-121.5	42.8025316894	1590
-121.862097591	42.5	1590
-122	42.4642547593	1590
-122.112298623	42.5	1590
-122.228044987	43	1590
-122	43.3296065927	1590
> 1600 contour -Z1600
-122	43.3174159676	1600
-121.5	43.2760565877	1600
-121.385181569	43	1600
-121.5	42.8161426932	1600
-121.878388479	42.5	1600
-122	42.4684774689	1600
-122.099032402	42.5	1600
-122.219610646	43	1600
-122	43.3174159676	1600
> 1610 contour -Z1610
-122	43.3052253276	1610
-121.5	43.2556200325	1610
-121.393681608	43	1610
-121.5	42.829753682	1610
-121.894679368	42.5	1610
-122	42.4727001786	1610
-122.085766174	42.5	1610
-122.211176321	43	1610
-122	43.3052253276	1610
> 1620 contour -Z1620
-122	43.2930347025	1620
-121.5	43.2351835221	1620
-121.40218164	43	1620
-121.5	42.8433646858	1620
-121.910970256	42.5	1620
-122	42.4769228864	1620
-122.072499953	42.5	1620
-122.202741981	43	1620
-122	43.2930347025	1620
> 1630 contour -Z1630
-122	43.2808440775	1630
-121.5	43.2147469819	1630
-121.410681672	43	1630
-121.5	42.8569756895	1630
-121.927261144	42.5	1630
-122	42.4811455961	1630
-122.059233725	42.5	1630
-122.19430764	43	1630
-122	43.2808440775	1630
> 1640 contour -Z1640
-122	43.2686534375	1640
-121.5	43.1943104565	1640
-121.419181712	43	1640
-121.5	42.8705866784	1640
-121.943552036	42.5	1640
-122	42.485368304	1640
-122.045967501	42.5	1640
-122.185873315	43	1640
-122	43.2686534375	1640
> 1650 contour -Z1650
-122	43.2564628124	1650
-121.5	43.1738739163	1650
-121.427681744	43	1650
-121.5	42.8841976821	1650
-121.95984292	42.5	1650
-122	42.4895910127	1650
-122.032701276	42.5	1650
-122.177438974	43	1650
-122	43.2564628124	1650
> 1660 contour -Z1660
-122	43.2442721725	1660
-121.5	43.1534373909	1660
-121.436181776	43	1660
-121.5	42.8978086859	1660
-121.97613381	42.5	1660
-122	42.4938137215	1660
-122.019435052	42.5	1660
-122.169004634	43	1660
-122	43.2442721725	1660
> 1670 contour -Z1670
-122	43.2320815325	1670
-121.5	43.1330008507	1670
-121.444681812	43	1670
-121.5	42.9114196822	1670
-121.992424698	42.5	1670
-122	42.4980364302	1670
-122.006168827	42.5	1670
-122.160570309	43	1670
-122	43.2320815325	1670
> 1680 contour -Z1680
-122	43.2198909223	1680
-121.5	43.1125643253	1680
-121.453181848	43	1680
-121.5	42.9250306785	1680
-122	42.5144028068	1680
-122.152135968	43	1680
-122	43.2198909223	1680
> 1690 contour -Z1690
-122	43.2077002823	1690
-121.5	43.0921277925	1690
-121.461681884	43	1690
-121.5	42.9386416785	1690
-122	42.5413240492	1690
-122.143701643	43	1690
-122	43.2077002823	1690
> 1700 contour -Z1700
-122	43.1955096424	1700
-121.5	43.0716912597	1700
-121.470181916	43	1700
-121.5	42.9522526786	1700
-122	42.5682452917	1700
-122.135267302	43	1700
-122	43.1955096424	1700
> 1710 contour -Z1710
-122	43.1833190024	1710
-121.5	43.0512547307	1710
-121.478681952	43	1710
-121.5	42.9658636749	1710
-122	42.5951665342	1710
-122.126832962	43	1710
-122	43.1833190024	1710
> 1720 contour -Z1720
-122	43.1711283922	1720
-121.5	43.0308181997	1720
-121.487181986	43	1720
-121.5	42.979474673	1720
-122	42.6220877767	1720
-122.118398629	43	1720
-122	43.1711283922	1720
> 1730 contour -Z1730
-122	43.1589377522	1730
-121.5	43.0103816679	1730
-121.49568202	43	1730
-121.5	42.9930856726	1730
-122	42.6490090191	1730
-122.109964296	43	1730
-122	43.1589377522	1730
> 1740 contour -Z1740
-122	43.1467471123	1740
-121.519633532	43	1740
-122	42.6759302616	1740
-122.101529956	43	1740
-122	43.1467471123	1740
> 1750 contour -Z1750
-122	43.1345564723	1750
-121.559538722	43	1750
-122	42.7028515041	1750
-122.093095623	43	1750
-122	43.1345564723	1750
> 1760 contour -Z1760
-122	43.1223658621	1760
-121.599443913	43	1760
-122	42.7297727466	1760
-122.08466129	43	1760
-122	43.1223658621	1760
> 1770 contour -Z1770
-122	43.1101752222	1770
-121.639349073	43	1770
-122	42.7566940039	1770
-122.07622695	43	1770
-122	43.1101752222	1770
> 1780 contour -Z1780
-122	43.0979845822	1780
-121.679254264	43	1780
-122	42.7836152464	1780
-122.067792617	43	1780
-122	43.0979845822	1780
> 1790 contour -Z1790
-122	43.0857939422	1790
-121.719159454	43	1790
-122	42.8105364889	1790
-122.059358284	43	1790
-122	43.0857939422	1790
> 1800 contour -Z1800
-122	43.073603332	1800
-121.759064645	43	1800
-122	42.8374577314	1800
-122.050923947	43	1800
-122	43.073603332	1800
> 1810 contour -Z1810
-122	43.0614126921	1810
-121.798969835	43	1810
-122	42.8643789738	1810
-122.042489611	43	1810
-122	43.0614126921	1810
> 1820 contour -Z1820
-122	43.0492220521	1820
-121.838875011	43	1820
-122	42.8913002163	1820
-122.034055278	43	1820
-122	43.0492220521	1820
> 1830 contour -Z1830
-122	43.0370314121	1830
-121.878780201	43	1830
-122	42.9182214662	1830
-122.025620941	43	1830
-122	43.0370314121	1830
> 1840 contour -Z1840
-122	43.024840802	1840
-121.918685392	43	1840
-122	42.9451427087	1840
-122.017186606	43	1840
-122	43.024840802	1840
> 1850 contour -Z1850
-122	43.012650162	1850
-121.958590575	43	1850
-122	42.9720639512	1850
-122.008752271	43	1850
-122	43.012650162	1850
> 1860 contour -Z1860
-122	43.000459522	1860
-121.998495762	43	1860
-122	42.9989851953	1860
-122.000317935	43	1860
-122	43.000459522	1860
