> 10 contour -Z10
-117.5	51.6470669508	10
-117	51.7743871212	10
-116.5	51.8605582416	10
-116	51.9145635664	10
-115.5	51.9412752092	10
-115	51.9488908052	10
-114.5	51.9519352317	10
-114	51.9489902258	10
-113.5	51.9405549467	10
-113	51.9221996367	10
-112.5	51.8923755586	10
-112	51.8493598402	10
-111.5	51.7793577909	10
-111	51.6778511703	10
-110.5	51.5410876945	10
-110.369318292	51.5	10
-110	51.3622232676	10
-109.5	51.1264337003	10
-109.274805278	51	10
-109	50.798214376	10
-108.639775783	50.5	10
-108.5	50.3031589389	10
-108.297648147	50	10
-108.170643538	49.5	10
-108.233374119	49	10
-108.5	48.5106383264	10
-108.504663736	48.5	10
-108.87320821	48	10
-109	47.8743879646	10
-109.334573388	47.5	10
-109.5	47.367970705	10
-109.914763838	47	10
-110	46.9365475327	10
-110.5	46.5366334319	10
-110.539417952	46.5	10
-111	46.1206655502	10
-111.136053503	46	10
-111.5	45.7004319429	10
-111.734580368	45.5	10
-112	45.2823382914	10
-112.341096908	45	10
-112.5	44.867176041	10
-112.947791632	44.5	10
-113	44.4534274228	10
-113.5	44.0175891817	10
-113.519433081	44	10
-114	43.5324370861	10
-114.034130275	43.5	10
-114.5	43.0001958013	10
-114.50018993	43	10
-114.867638588	42.5	10
-115	42.2950379997	10
-115.181868255	42	10
-115.5	41.5564732552	10
-115.53983736	41.5	10
-115.961726986	41	10
-116	40.9495526701	10
-116.36107783	40.5	10
-116.5	40.3582484424	10
-116.883558579	40	10
-117	39.9003358856	10
-117.5	39.5318574607	10
-117.555114448	39.5	10
-118	39.269816339	10
-118.5	39.1360630393	10
-119	39.0905459523	10
-119.5	39.104665041	10
-120	39.1812242568	10
-120.5	39.3411341012	10
-120.788870692	39.5	10
-121	39.5812854469	10
-121.5	39.86246714	10
-121.677367598	40	10
-122	40.141372323	10
-122.415896326	40.5	10
-122.5	40.5329873264	10
-122.987404913	41	10
-123	41.0075422823	10
-123.481472611	41.5	10
-123.5	41.5249189436	10
-123.931251645	42	10
-124	42.1325205564	10
-124.325147003	42.5	10
-124.430603445	43	10
-124.447096735	43.5	10
-124.425151944	44	10
-124.344535679	44.5	10
-124.197694957	45	10
-124	45.4919044971	10
-123.997890443	45.5	10
-123.858121097	46	10
-123.66391781	46.5	10
-123.5	46.8086352646	10
-123.417488843	47	10
-123.145733595	47.5	10
-123	47.7227547765	10
-122.827796936	48	10
-122.5	48.4435022175	10
-122.453466028	48.5	10
-122.02445258	49	10
-122	49.0281749647	10
-121.513161644	49.5	10
-121.5	49.5132846143	10
-121	49.9422823489	10
-120.915240586	50	10
-120.5	50.320938319	10
-120.191795453	50.5	10
-120	50.6288228184	10
-119.5	50.8974722326	10
-119.254802316	51	10
-119	51.1291154176	10
-118.5	51.3325189054	10
-118	51.48418805	10
-117.938640207	51.5	10
-117.5	51.6470669508	10
> 20 contour -Z20
-115.5	51.0308384299	20
-115	51.0512761436	20
-114.5	51.0551482551	20
-114	51.0301553011	20
-113.742231876	51	20
-113.5	50.9695813656	20
-113	50.8648397624	20
-112.5	50.7099927515	20
-112.013150781	50.5	20
-112	50.4924289882	20
-111.5	50.1529255956	20
-111.309602603	50	20
-111	49.6435185969	20
-110.88772893	49.5	20
-110.655327022	49	20
-110.548811942	48.5	20
-110.672131181	48	20
-110.94863366	47.5	20
-111	47.4367108047	20
-111.299977779	47	20
-111.5	46.7800733894	20
-111.716499746	46.5	20
-112	46.2167138755	20
-112.186980635	46	20
-112.5	45.7053229213	20
-112.699716508	45.5	20
-113	45.2245414853	20
-113.22870487	45	20
-113.5	44.754075557	20
-113.767567202	44.5	20
-114	44.2844359428	20
-114.299091473	44	20
-114.5	43.8062820584	20
-114.816541657	43.5	20
-115	43.3127145618	20
-115.319075823	43	20
-115.5	42.8011842817	20
-115.802303165	42.5	20
-116	42.2593162656	20
-116.228993654	42	20
-116.5	41.6713482738	20
-116.639423013	41.5	20
-117	41.1402170956	20
-117.146966726	41	20
-117.5	40.6436178684	20
-117.665865868	40.5	20
-118	40.2340116501	20
-118.460831545	40	20
-118.5	39.9800552167	20
-119	39.8192559332	20
-119.5	39.7546476126	20
-120	39.7691706568	20
-120.5	39.872988835	20
-120.784925759	40	20
-121	40.0526014864	20
-121.5	40.2279997766	20
-121.96040079	40.5	20
-122	40.5087942481	20
-122.5	40.7107208669	20
-122.801910579	41	20
-123	41.1186212897	20
-123.372871399	41.5	20
-123.5	41.6709853709	20
-123.798660874	42	20
-124	42.388105087	20
-124.099004976	42.5	20
-124.284413189	43	20
-124.290670753	43.5	20
-124.20331426	44	20
-124	44.4814561605	20
-123.995576978	44.5	20
-123.855465919	45	20
-123.640338942	45.5	20
-123.5	45.7714008987	20
-123.397507429	46	20
-123.165715754	46.5	20
-123	46.7850557268	20
-122.875312656	47	20
-122.5301301	47.5	20
-122.5	47.5416141152	20
-122.12636511	48	20
-122	48.1452088803	20
-121.637447223	48.5	20
-121.5	48.6337542385	20
-121.048179641	49	20
-121	49.0408664607	20
-120.5	49.4051548541	20
-120.335545391	49.5	20
-120	49.7210684419	20
-119.5	49.9746742845	20
-119.440953106	50	20
-119	50.2283389866	20
-118.5	50.4229997396	20
-118.248360947	50.5	20
-118	50.595322676	20
-117.5	50.7458111644	20
-117	50.8563489914	20
-116.5	50.9360255301	20
-116	50.9895038903	20
-115.844887018	51	20
-115.5	51.0308384299	20
> 30 contour -Z30
-118	50.0377268493	30
-117.5	50.1813740134	30
-117	50.2909692526	30
-116.5	50.3706086874	30
-116	50.4194224775	30
-115.5	50.4336311817	30
-115	50.4175053835	30
-114.5	50.3597781062	30
-114	50.2404812574	30
-113.5	50.0370917693	30
-113.426481932	50	30
-113	49.7174418867	30
-112.719873369	49.5	30
-112.5	49.2765562534	30
-112.265153721	49	30
-112.019595534	48.5	30
-112	48.4311720729	30
-111.890579149	48	30
-112	47.5525346696	30
-112.010344863	47.5	30
-112.247409821	47	30
-112.5	46.6149045229	30
-112.563476473	46.5	30
-112.925158828	46	30
-113	45.9232186154	30
-113.353634015	45.5	30
-113.5	45.3559025824	30
-113.832788482	45	30
-114	44.8397556245	30
-114.336313844	44.5	30
-114.5	44.3427663594	30
-114.846725643	44	30
-115	43.8506119102	30
-115.358903632	43.5	30
-115.5	43.3610068262	30
-115.88727092	43	30
-116	42.887568593	30
-116.427830204	42.5	30
-116.5	42.4210961983	30
-116.913402542	42	30
-117	41.8983697444	30
-117.340381518	41.5	30
-117.5	41.3460235149	30
-117.896573283	41	30
-118	40.9069753438	30
-118.5	40.5670154393	30
-118.647123069	40.5	30
-119	40.3441545367	30
-119.5	40.2162033617	30
-120	40.1726237535	30
-120.5	40.2051253617	30
-121	40.3122338951	30
-121.471139997	40.5	30
-121.5	40.5042566657	30
-122	40.615780443	30
-122.5	40.8884544149	30
-122.616416261	41	30
-123	41.2297003269	30
-123.264270186	41.5	30
-123.5	41.8170517832	30
-123.666070029	42	30
-123.978482872	42.5	30
-124	42.6864429116	30
-124.138222918	43	30
-124.134244785	43.5	30
-124	43.9556653202	30
-123.994675905	44	30
-123.870279402	44.5	30
-123.630159512	45	30
-123.5	45.2437141389	30
-123.377381712	45.5	30
-123.087487563	46	30
-123	46.1569870412	30
-122.792809129	46.5	30
-122.5	46.9351777732	30
-122.451331079	47	30
-122.040194135	47.5	30
-122	47.5467215404	30
-121.552179765	48	30
-121.5	48.0513496138	30
-121	48.4791861773	30
-120.971461952	48.5	30
-120.5	48.8571365178	30
-120.262902498	49	30
-120	49.1729207039	30
-119.5	49.4368622601	30
-119.355447531	49.5	30
-119	49.6822537631	30
-118.5	49.8798489273	30
-118.100367092	50	30
-118	50.0377268493	30
> 40 contour -Z40
-118	49.6327006519	40
-117.5	49.7576934695	40
-117	49.8533068895	40
-116.5	49.9145115316	40
-116	49.9360857308	40
-115.5	49.9021934569	40
-115	49.8087698221	40
-114.5	49.6335669458	40
-114.240992218	49.5	40
-114	49.3388943374	40
-113.591795444	49	40
-113.5	48.8922390938	40
-113.202204317	48.5	40
-113	48.0533708967	40
-112.975780688	48	40
-112.885401003	47.5	40
-113	47.0735203028	40
-113.015662342	47	40
-113.227256447	46.5	40
-113.5	46.043112129	40
-113.521582037	46	40
-113.869913533	45.5	40
-114	45.3618187755	40
-114.303007767	45	40
-114.5	44.8013052195	40
-114.782916531	44.5	40
-115	44.2849643528	40
-115.282622829	44	40
-115.5	43.7867176831	40
-115.797523364	43.5	40
-116	43.308424741	40
-116.345067918	43	40
-116.5	42.8562947065	40
-116.913887493	42.5	40
-117	42.4126831293	40
-117.436341532	42	40
-117.5	41.9278664216	40
-117.908458367	41.5	40
-118	41.4179272577	40
-118.5	41.0533518493	40
-118.591263831	41	40
-119	40.7679376155	40
-119.5	40.5831913948	40
-119.99964746	40.5	40
-120	40.4999345738	40
-120.5	40.4855044484	40
-120.57869076	40.5	40
-121	40.5305876732	40
-121.5	40.6003440022	40
-122	40.7227666378	40
-122.437173158	41	40
-122.5	41.0151527524	40
-123	41.3407793343	40
-123.155668974	41.5	40
-123.5	41.9631182067	40
-123.533479203	42	40
-123.940209746	42.5	40
-123.998302042	43	40
-123.994663268	43.5	40
-123.930914223	44	40
-123.74498181	44.5	40
-123.5	44.911188215	40
-123.448272914	45	40
-123.175540909	45.5	40
-123	45.7739212215	40
-122.833054215	46	40
-122.5	46.4587979317	40
-122.463391036	46.5	40
-122.076377913	47	40
-122	47.0908644274	40
-121.611520514	47.5	40
-121.5	47.6125502139	40
-121.059957307	48	40
-121	48.0526742488	40
-120.5	48.4322945774	40
-120.393022746	48.5	40
-120	48.7628470063	40
-119.549382627	49	40
-119.5	49.0287322905	40
-119	49.2791874707	40
-118.5	49.4660414159	40
-118.380844355	49.5	40
-118	49.6327006519	40
> 50 contour -Z50
-116.5	49.5091609955	50
-116.330584332	49.5	50
-116	49.4792917967	50
-115.5	49.363528192	50
-115	49.1480077058	50
-114.753840938	49	50
-114.5	48.7871153355	50
-114.211831659	48.5	50
-114	48.1699249297	50
-113.900370233	48	50
-113.690604746	47.5	50
-113.667058259	47	50
-113.789367318	46.5	50
-114	46.0528214872	50
-114.020636678	46	50
-114.317459628	45.5	50
-114.5	45.282554999	50
-114.701881379	45	50
-115	44.684809655	50
-115.161155909	44.5	50
-115.5	44.158821106	50
-115.657659441	44	50
-116	43.6678930223	50
-116.176716715	43.5	50
-116.5	43.204413265	50
-116.737441212	43	50
-117	42.7667514235	50
-117.32127139	42.5	50
-117.5	42.3288820386	50
-117.879602335	42	50
-118	41.8751126155	50
-118.447988421	41.5	50
-118.5	41.4606174529	50
-119	41.1239503026	50
-119.248168588	41	50
-119.5	40.8768426552	50
-120	40.7078067958	50
-120.5	40.6397024393	50
-121	40.6410922408	50
-121.5	40.696431309	50
-122	40.8297528476	50
-122.268465132	41	50
-122.5	41.055842191	50
-123	41.4518583566	50
-123.047067761	41.5	50
-123.476076752	42	50
-123.5	42.0332242846	50
-123.90193665	42.5	50
-123.967146665	43	50
-123.957027704	43.5	50
-123.867152542	44	50
-123.619684227	44.5	50
-123.5	44.7008832544	50
-123.325783938	45	50
-123	45.4766487181	50
-122.980095297	45.5	50
-122.600474447	46	50
-122.5	46.1384083033	50
-122.178717837	46.5	50
-122	46.7204198986	50
-121.733785748	47	50
-121.5	47.2434888482	50
-121.220013708	47.5	50
-121	47.6988800764	50
-120.606562555	48	50
-120.5	48.082937412	50
-120	48.4149639606	50
-119.84659633	48.5	50
-119.5	48.7058786154	50
-119	48.9392187595	50
-118.835310191	49	50
-118.5	49.1426261365	50
-118	49.291880697	50
-117.5	49.3978392482	50
-117	49.4747533798	50
-116.61734239	49.5	50
-116.5	49.5091609955	50
> 60 contour -Z60
-117.5	49.0819434226	60
-117	49.1321937889	60
-116.5	49.1135230958	60
-116	49.0097201671	60
-115.972691203	49	60
-115.5	48.7611651421	60
-115.147851914	48.5	60
-115	48.3306568265	60
-114.73843646	48	60
-114.5	47.5644151494	60
-114.46686573	47.5	60
-114.290873587	47	60
-114.306404144	46.5	60
-114.461592793	46	60
-114.5	45.9344423711	60
-114.721030802	45.5	60
-115	45.1028674245	60
-115.064473182	45	60
-115.499932282	44.5	60
-115.5	44.4999318153	60
-115.996275206	44	60
-116	43.9963865513	60
-116.5	43.5175666511	60
-116.518788338	43.5	60
-117	43.0730843842	60
-117.088901311	43	60
-117.5	42.6462962925	60
-117.685547024	42.5	60
-118	42.2194655538	60
-118.275902838	42	60
-118.5	41.8030597419	60
-118.890295498	41.5	60
-119	41.4238543287	60
-119.5	41.1163713634	60
-119.794302553	41	60
-120	40.9156551659	60
-120.5	40.7870212197	60
-121	40.7515968233	60
-121.5	40.7925186306	60
-122	40.9367390424	60
-122.09975709	41	60
-122.5	41.0965316296	60
-122.972973734	41.5	60
-123	41.5196163952	60
-123.444072455	42	60
-123.5	42.0776714981	60
-123.863663495	42.5	60
-123.935991317	43	60
-123.919392109	43.5	60
-123.803390861	44	60
-123.5	44.4953362346	60
-123.496944606	44.5	60
-123.203294963	45	60
-123	45.2974372506	60
-122.82733494	45.5	60
-122.5	45.8952338696	60
-122.394490451	46	60
-122	46.4254377186	60
-121.909502059	46.5	60
-121.5	46.9242531359	60
-121.408568442	47	60
-121	47.3806947172	60
-120.850067705	47.5	60
-120.5	47.7815901339	60
-120.173544556	48	60
-120	48.119700022	60
-119.5	48.4097369611	60
-119.309021324	48.5	60
-119	48.6586036682	60
-118.5	48.8485587239	60
-118	48.9811091125	60
-117.895909786	49	60
-117.5	49.0819434226	60
> 70 contour -Z70
-118.5	48.5776440501	70
-118	48.7041161805	70
-117.5	48.7741935253	70
-117	48.7768369317	70
-116.5	48.688553974	70
-116.054592282	48.5	70
-116	48.4623702168	70
-115.524367064	48	70
-115.5	47.9631881416	70
-115.201566964	47.5	70
-115	47.1247680932	70
-114.938278779	47	70
-114.812216043	46.5	70
-114.881774746	46	70
-115	45.7449473441	70
-115.097444415	45.5	70
-115.406143188	45	70
-115.5	44.8922322094	70
-115.804724231	44.5	70
-116	44.3034301102	70
-116.278732911	44	70
-116.5	43.787822336	70
-116.807839021	43.5	70
-117	43.3295209259	70
-117.400835954	43	70
-117.5	42.9146806076	70
-118	42.5168524683	70
-118.018946767	42.5	70
-118.5	42.0879583657	70
-118.611350715	42	70
-119	41.6705293059	70
-119.224715352	41.5	70
-119.5	41.3168043047	70
-120	41.0777952373	70
-120.28570056	41	70
-120.5	40.9343400076	70
-121	40.862101391	70
-121.5	40.8886059523	70
-121.869674802	41	70
-122	41.0132923126	70
-122.5	41.1372210681	70
-122.92527476	41.5	70
-123	41.5542376339	70
-123.412068158	42	70
-123.5	42.1221187115	70
-123.825390369	42.5	70
-123.904835939	43	70
-123.881756514	43.5	70
-123.739629164	44	70
-123.5	44.3912346363	70
-123.428743899	44.5	70
-123.08080598	45	70
-123	45.1182258055	70
-122.674574569	45.5	70
-122.5	45.7107864916	70
-122.208734244	46	70
-122	46.2251091748	70
-121.666358724	46.5	70
-121.5	46.6723513007	70
-121.10450612	47	70
-121	47.0973763987	70
-120.5	47.4959032536	70
-120.494124264	47.5	70
-120	47.8518979847	70
-119.74809362	48	70
-119.5	48.1513257027	70
-119	48.3916305304	70
-118.698641434	48.5	70
-118.5	48.5776440501	70
> 80 contour -Z80
-119	48.1423906684	80
-118.5	48.3165878057	80
-118	48.4243139923	80
-117.5	48.4646292925	80
-117	48.3972388804	80
-116.5	48.1841872633	80
-116.256786406	48	80
-116	47.6588692069	80
-115.890457101	47.5	80
-115.592621088	47	80
-115.5	46.8329845965	80
-115.343432158	46.5	80
-115.304327488	46	80
-115.456356205	45.5	80
-115.5	45.4282085747	80
-115.734573066	45	80
-116	44.6522458196	80
-116.107626468	44.5	80
-116.5	44.0704683065	80
-116.560294092	44	80
-117	43.5880992115	80
-117.092168868	43.5	80
-117.5	43.1575070322	80
-117.682702065	43	80
-118	42.7380130887	80
-118.26759164	42.5	80
-118.5	42.3009328097	80
-118.880965181	42	80
-119	41.899090305	80
-119.5	41.5134245157	80
-119.518608272	41.5	80
-120	41.2087195516	80
-120.5	41.0444093645	80
-120.84548755	41	80
-121	40.9726059586	80
-121.5	40.9846932683	80
-121.550797265	41	80
-122	41.0458158255	80
-122.5	41.1779105067	80
-122.877575755	41.5	80
-123	41.5888588727	80
-123.380063862	42	80
-123.5	42.1665658951	80
-123.787117243	42.5	80
-123.873680562	43	80
-123.84412095	43.5	80
-123.675867483	44	80
-123.5	44.287133038	80
-123.360543162	44.5	80
-123	44.9697608054	80
-122.969393075	45	80
-122.521814201	45.5	80
-122.5	45.5263391118	80
-122.022978034	46	80
-122	46.0247806311	80
-121.5	46.454407692	80
-121.424457073	46.5	80
-121	46.8649977148	80
-120.805816829	47	80
-120.5	47.2520483732	80
-120.14437601	47.5	80
-120	47.6028195396	80
-119.5	47.90062356	80
-119.289794087	48	80
-119	48.1423906684	80
> 90 contour -Z90
-118.5	48.0594920516	90
-118	48.1366434842	90
-117.5	48.1133823916	90
-117.098507524	48	90
-117	47.9515714943	90
-116.532417417	47.5	90
-116.5	47.4480202198	90
-116.227491558	47	90
-116	46.6387528181	90
-115.91727078	46.5	90
-115.749814451	46	90
-115.819278806	45.5	90
-116	45.1325202882	90
-116.058602422	45	90
-116.407171138	44.5	90
-116.5	44.3983801529	90
-116.840861976	44	90
-117	43.8509251773	90
-117.367135912	43.5	90
-117.5	43.388421908	90
-117.950554434	43	90
-118	42.9591737315	90
-118.5	42.5106884539	90
-118.510714412	42.5	90
-119	42.0788730383	90
-119.104369104	42	90
-119.5	41.6695232987	90
-119.734983563	41.5	90
-120	41.3396438807	90
-120.5	41.1245272756	90
-121	41.0377757549	90
-121.5	41.0296819508	90
-122	41.0783393383	90
-122.5	41.2185999453	90
-122.829876751	41.5	90
-123	41.6234801412	90
-123.348059565	42	90
-123.5	42.2110131085	90
-123.748844147	42.5	90
-123.842525214	43	90
-123.806485355	43.5	90
-123.612105802	44	90
-123.5	44.1830314398	90
-123.292342454	44.5	90
-123	44.8809003532	90
-122.87945208	45	90
-122.5	45.4155651033	90
-122.402085751	45.5	90
-122	45.9003388882	90
-121.855099529	46	90
-121.5	46.310036689	90
-121.185245499	46.5	90
-121	46.659295693	90
-120.509941372	47	90
-120.5	47.0081934882	90
-120	47.3636320829	90
-119.766576558	47.5	90
-119.5	47.660815388	90
-119	47.893933326	90
-118.675276548	48	90
-118.5	48.0594920516	90
> 100 contour -Z100
-119	47.6465187967	100
-118.5	47.7832976282	100
-118	47.8156988919	100
-117.5	47.6971105337	100
-117.18620047	47.5	100
-117	47.2658909261	100
-116.826457784	47	100
-116.517976314	46.5	100
-116.5	46.4704209864	100
-116.24471125	46	100
-116.206116289	45.5	100
-116.385442607	45	100
-116.5	44.8315876424	100
-116.714743614	44.5	100
-117	44.1603557765	100
-117.135631531	44	100
-117.5	43.6538553238	100
-117.62635079	43.5	100
-118	43.1739557087	100
-118.145357966	43	100
-118.5	42.6743706465	100
-118.674794078	42.5	100
-119	42.2200960219	100
-119.291243106	42	100
-119.5	41.8256220818	100
-119.951358818	41.5	100
-120	41.4705681987	100
-120.5	41.2046452165	100
-121	41.0880028009	100
-121.5	41.0649881959	100
-122	41.1108628213	100
-122.5	41.2592893839	100
-122.782177746	41.5	100
-123	41.6581013799	100
-123.316055268	42	100
-123.5	42.2554603219	100
-123.710571036	42.5	100
-123.811369836	43	100
-123.76884979	43.5	100
-123.548344113	44	100
-123.5	44.0789298415	100
-123.224141717	44.5	100
-123	44.792039901	100
-122.789511055	45	100
-122.5	45.3170642853	100
-122.287860096	45.5	100
-122	45.7866094708	100
-121.689744666	46	100
-121.5	46.1656656861	100
-121	46.4695086181	100
-120.93753469	46.5	100
-120.5	46.810256809	100
-120.184636399	47	100
-120	47.1313979924	100
-119.5	47.4212941229	100
-119.321289062	47.5	100
-119	47.6465187967	100
> 110 contour -Z110
-118.5	47.5013532341	110
-118.477252841	47.5	110
-118	47.4526427984	110
-117.5	47.1218902469	110
-117.397939466	47	110
-117.105420679	46.5	110
-117	46.3166924417	110
-116.806318372	46	110
-116.641847879	45.5	110
-116.74369657	45	110
-117	44.5543449819	110
-117.028992087	44.5	110
-117.44901289	44	110
-117.5	43.9515629932	110
-117.870837659	43.5	110
-118	43.3872936368	110
-118.323623821	43	110
-118.5	42.8380528688	110
-118.838873759	42.5	110
-119	42.3613190204	110
-119.478117099	42	110
-119.5	41.9817208685	110
-120	41.5746906996	110
-120.11196807	41.5	110
-120.5	41.2847631425	110
-121	41.1382298172	110
-121.5	41.100294441	110
-122	41.1433863342	110
-122.5	41.2999788225	110
-122.734478757	41.5	110
-123	41.6927226186	110
-123.284050971	42	110
-123.5	42.2999075353	110
-123.672297925	42.5	110
-123.780214459	43	110
-123.731214195	43.5	110
-123.5	43.9810658991	110
-123.489923418	44	110
-123.155940995	44.5	110
-123	44.7031794637	110
-122.69957006	45	110
-122.5	45.2185634375	110
-122.17363441	45.5	110
-122	45.6728800535	110
-121.524389816	46	110
-121.5	46.0212947	110
-121	46.3343515694	110
-120.660649091	46.5	110
-120.5	46.6139166206	110
-120	46.9107502103	110
-119.818690479	47	110
-119.5	47.1823569387	110
-119	47.3872483075	110
-118.505816351	47.5	110
-118.5	47.5013532341	110
> 120 contour -Z120
-119	47.110760808	120
-118.5	47.1442665607	120
-118.04250735	47	120
-118	46.9727153778	120
-117.653604031	46.5	120
-117.5	46.1946799606	120
-117.392585717	46	120
-117.164969832	45.5	120
-117.145848632	45	120
-117.377036132	44.5	120
-117.5	44.3516295254	120
-117.708792657	44	120
-118	43.6438549459	120
-118.084755868	43.5	120
-118.5	43.0022829771	120
-118.501398265	43	120
-119	42.5023697317	120
-119.001982391	42.5	120
-119.5	42.0816759169	120
-119.602732092	42	120
-120	41.6710409522	120
-120.256405771	41.5	120
-120.5	41.3648810685	120
-121	41.1884568632	120
-121.5	41.1356006861	120
-122	41.1759098172	120
-122.5	41.340668276	120
-122.686779752	41.5	120
-123	41.7273438573	120
-123.252046674	42	120
-123.5	42.3443547487	120
-123.634024814	42.5	120
-123.749059096	43	120
-123.693578616	43.5	120
-123.5	43.9027610421	120
-123.448250145	44	120
-123.087740272	44.5	120
-123	44.6143190116	120
-122.60962905	45	120
-122.5	45.120062612	120
-122.059408732	45.5	120
-122	45.5591506325	120
-121.5	45.9200881124	120
-121.316769153	46	120
-121	46.1991945356	120
-120.5	46.4399376214	120
-120.351985127	46.5	120
-120	46.7052004039	120
-119.5	46.9405652881	120
-119.314245462	47	120
-119	47.110760808	120
> 130 contour -Z130
-119.5	46.6895737648	130
-119	46.7920627594	130
-118.5	46.71135436	130
-118.222553819	46.5	130
-118	46.1703992933	130
-117.909213781	46	130
-117.700878233	45.5	130
-117.595413536	45	130
-117.69794929	44.5	130
-117.958156846	44	130
-118	43.9488260411	130
-118.264437437	43.5	130
-118.5	43.2176516354	130
-118.63330698	43	130
-119	42.634021461	130
-119.112114549	42.5	130
-119.5	42.1741845608	130
-119.719089657	42	130
-120	41.7673912197	130
-120.400843449	41.5	130
-120.5	41.4449989982	130
-121	41.2386838794	130
-121.5	41.1709069312	130
-122	41.2084333301	130
-122.5	41.3813577071	130
-122.639080763	41.5	130
-123	41.7619651109	130
-123.220042363	42	130
-123.5	42.3888019472	130
-123.595751695	42.5	130
-123.717903733	43	130
-123.655943036	43.5	130
-123.5	43.8244561553	130
-123.406576872	44	130
-123.019539544	44.5	130
-123	44.5254585668	130
-122.519688044	45	130
-122.5	45.0215617865	130
-122	45.4653306305	130
-121.939427942	45.5	130
-121.5	45.8263498247	130
-121.101835638	46	130
-121	46.0640374944	130
-120.5	46.2968637943	130
-120	46.4997000396	130
-119.998877257	46.5	130
-119.5	46.6895737648	130
> 140 contour -Z140
-120.5	46.1537899673	140
-120	46.3232397735	140
-119.5	46.4409620166	140
-119	46.4432562888	140
-118.5	46.1621283293	140
-118.375917949	46	140
-118.138091594	45.5	140
-118.007155001	45	140
-118.003332257	44.5	140
-118.166028291	44	140
-118.444119018	43.5	140
-118.5	43.433020331	140
-118.76521571	43	140
-119	42.7656731606	140
-119.222246706	42.5	140
-119.5	42.2666931897	140
-119.835447177	42	140
-120	41.8637414873	140
-120.5	41.5196194649	140
-120.534708321	41.5	140
-121	41.2889109105	140
-121.5	41.2062131763	140
-122	41.2409568429	140
-122.5	41.4220471531	140
-122.591381766	41.5	140
-123	41.7965863496	140
-123.188038066	42	140
-123.5	42.4332491606	140
-123.557478581	42.5	140
-123.686748371	43	140
-123.618307449	43.5	140
-123.5	43.7461513132	140
-123.364903629	44	140
-123	44.4623276293	140
-122.962208331	44.5	140
-122.5	44.9589218795	140
-122.437233776	45	140
-122	45.3930877745	140
-121.813209951	45.5	140
-121.5	45.7326115519	140
-121	45.9468410313	140
-120.835675538	46	140
-120.5	46.1537899673	140
> 150 contour -Z150
-120.5	46.0107161403	150
-120	46.1467795223	150
-119.5	46.1996958405	150
-119	46.0843444914	150
-118.878200203	46	150
-118.506541282	45.5	150
-118.5	45.4814907312	150
-118.323750973	45	150
-118.255768165	44.5	150
-118.365533426	44	150
-118.5	43.7527511716	150
-118.5928922	43.5	150
-118.897124439	43	150
-119	42.8973248824	150
-119.332378849	42.5	150
-119.5	42.3592018336	150
-119.951804727	42	150
-120	41.9600917399	150
-120.5	41.5822016299	150
-120.645420909	41.5	150
-121	41.3391379267	150
-121.5	41.2415194511	150
-122	41.2734803408	150
-122.5	41.4627365917	150
-122.543682765	41.5	150
-123	41.8312075883	150
-123.156033754	42	150
-123.5	42.4776963666	150
-123.519205468	42.5	150
-123.655593008	43	150
-123.580671862	43.5	150
-123.5	43.6678464562	150
-123.323230356	44	150
-123	44.4095282257	150
-122.909241647	44.5	150
-122.5	44.9063318372	150
-122.356877655	45	150
-122	45.3208449483	150
-121.686991975	45.5	150
-121.5	45.6388732791	150
-121	45.845816642	150
-120.523389969	46	150
-120.5	46.0107161403	150
> 160 contour -Z160
-121.5	45.5451349914	160
-121	45.7447922379	160
-120.5	45.8935417831	160
-120	45.9754830897	160
-119.5	45.9637962878	160
-119	45.7227055728	160
-118.812202081	45.5	160
-118.601646304	45	160
-118.506223619	44.5	160
-118.550564528	44	160
-118.727713972	43.5	160
-119	43.049136132	160
-119.020959944	43	160
-119.442511003	42.5	160
-119.5	42.4517104775	160
-120	42.0368136168	160
-120.046775699	42	160
-120.5	41.6447837651	160
-120.756133482	41.5	160
-121	41.3893649653	160
-121.5	41.2768256813	160
-122	41.3060038388	160
-122.493040204	41.5	160
-122.5	41.5038778484	160
-123	41.8658288419	160
-123.124029458	42	160
-123.478224784	42.5	160
-123.5	42.5554503798	160
-123.62443763	43	160
-123.543036278	43.5	160
-123.5	43.5895415917	160
-123.281557083	44	160
-123	44.3567287922	160
-122.856274992	44.5	160
-122.5	44.853741765	160
-122.276521534	45	160
-122	45.2486020923	160
-121.560773991	45.5	160
-121.5	45.5451349914	160
> 170 contour -Z170
-121	45.6437678337	170
-120.5	45.7784643471	170
-120	45.8297232985	170
-119.5	45.7536769807	170
-119.121037185	45.5	170
-119	45.3283016682	170
-118.830940992	45	170
-118.697721124	44.5	170
-118.705670655	44	170
-118.86253573	43.5	170
-119	43.2723802775	170
-119.116188973	43	170
-119.5	42.5530121326	170
-119.534898132	42.5	170
-120	42.0996568799	170
-120.126624942	42	170
-120.5	41.7073659003	170
-120.86684607	41.5	170
-121	41.4395919889	170
-121.5	41.3121319264	170
-122	41.3385273367	170
-122.410381913	41.5	170
-122.5	41.5499331951	170
-123	41.9004500806	170
-123.092025161	42	170
-123.434516966	42.5	170
-123.5	42.6667519808	170
-123.593282267	43	170
-123.505400697	43.5	170
-123.5	43.5112367282	170
-123.239883825	44	170
-123	44.3039293587	170
-122.803308338	44.5	170
-122.5	44.8011517227	170
-122.196165398	45	170
-122	45.1763592511	170
-121.5	45.4615829289	170
-121.366476178	45.5	170
-121	45.6437678337	170
> 180 contour -Z180
-121	45.5427434444	180
-120.5	45.6633869112	180
-120	45.6839634925	180
-119.5	45.5435576886	180
-119.434930064	45.5	180
-119.048695028	45	180
-119	44.8438541293	180
-118.889218621	44.5	180
-118.860776767	44	180
-118.997357505	43.5	180
-119	43.4956244337	180
-119.211417973	43	180
-119.5	42.6639162302	180
-119.607906818	42.5	180
-120	42.1625001729	180
-120.206474215	42	180
-120.5	41.7699480653	180
-120.977558641	41.5	180
-121	41.4898190172	180
-121.5	41.3474381864	180
-122	41.3710508347	180
-122.327723593	41.5	180
-122.5	41.5959885716	180
-123	41.9350713268	180
-123.060020857	42	180
-123.390809149	42.5	180
-123.5	42.7780535668	180
-123.562126901	43	180
-123.5	43.3497684002	180
-123.468497813	43.5	180
-123.198210567	44	180
-123	44.2511299253	180
-122.750341684	44.5	180
-122.5	44.7485616654	180
-122.115809277	45	180
-122	45.10411641	180
-121.5	45.3874902129	180
-121.108956598	45.5	180
-121	45.5427434444	180
> 190 contour -Z190
-120.5	45.5483094752	190
-120	45.538203679	190
-119.87575838	45.5	190
-119.5	45.3220570683	190
-119.234058708	45	190
-119.058995575	44.5	190
-119.011780977	44	190
-119.096473277	43.5	190
-119.306647003	43	190
-119.5	42.7748203278	190
-119.680915505	42.5	190
-120	42.225343436	190
-120.286323458	42	190
-120.5	41.8325302005	190
-121	41.5356163681	190
-121.096797377	41.5	190
-121.5	41.382744424	190
-122	41.40357434	190
-122.245065302	41.5	190
-122.5	41.6420439184	190
-123	41.9696925711	190
-123.028016558	42	190
-123.347101301	42.5	190
-123.5	42.8893551528	190
-123.530971533	43	190
-123.5	43.1743667126	190
-123.431717694	43.5	190
-123.156537294	44	190
-123	44.1983305067	190
-122.697375014	44.5	190
-122.5	44.6959716231	190
-122.035453144	45	190
-122	45.0318735614	190
-121.5	45.3133974671	190
-121	45.4536515176	190
-120.710594967	45.5	190
-120.5	45.5483094752	190
> 200 contour -Z200
-121.5	45.2393047512	200
-121	45.373310864	200
-120.5	45.446487844	200
-120	45.4019193947	200
-119.5	45.0975801349	200
-119.419422403	45	200
-119.198961437	44.5	200
-119.126829267	44	200
-119.19487524	43.5	200
-119.40187601	43	200
-119.5	42.8857244179	200
-119.753924206	42.5	200
-120	42.2881867141	200
-120.366172701	42	200
-120.5	41.895112358	200
-121	41.5802875459	200
-121.218203723	41.5	200
-121.5	41.4180506766	200
-122	41.4360978454	200
-122.162406996	41.5	200
-122.5	41.6880992949	200
-122.990966946	42	200
-123	42.0088168979	200
-123.303393483	42.5	200
-123.499744445	43	200
-123.394937575	43.5	200
-123.114864029	44	200
-123	44.1455310732	200
-122.644408345	44.5	200
-122.5	44.6433815658	200
-122	44.9734013677	200
-121.926252484	45	200
-121.5	45.2393047512	200
> 210 contour -Z210
-121.5	45.1652120054	210
-121	45.2929702103	210
-120.5	45.3542573452	210
-120	45.2690007687	210
-119.609169185	45	210
-119.5	44.8352951109	210
-119.338927329	44.5	210
-119.241877586	44	210
-119.293277204	43.5	210
-119.49710503	43	210
-119.5	42.9966285061	210
-119.826932892	42.5	210
-120	42.3510299921	210
-120.446021952	42	210
-120.5	41.9576945044	210
-121	41.6249587238	210
-121.339610085	41.5	210
-121.5	41.4533569217	210
-122	41.4686213471	210
-122.07974869	41.5	210
-122.5	41.7341546714	210
-122.918470591	42	210
-123	42.0795782804	210
-123.259685665	42.5	210
-123.456433028	43	210
-123.358157456	43.5	210
-123.073190771	44	210
-123	44.0927316546	210
-122.591441683	44.5	210
-122.5	44.5907915086	210
-122	44.9258018136	210
-121.794277608	45	210
-121.5	45.1652120054	210
> 220 contour -Z220
-121.5	45.0911192596	220
-121	45.2126295716	220
-120.5	45.2620268762	220
-120	45.1360821575	220
-119.802286431	45	220
-119.5	44.5439367183	220
-119.478893207	44.5	220
-119.356925875	44	220
-119.391679168	43.5	220
-119.5	43.2341576815	220
-119.565492272	43	220
-119.899941579	42.5	220
-120	42.4138732776	220
-120.5	42.014522016	220
-120.520985574	42	220
-121	41.6696298718	220
-121.461016439	41.5	220
-121.5	41.4886631696	220
-121.95060277	41.5	220
-122	41.5017692149	220
-122.5	41.7802100182	220
-122.845974237	42	220
-123	42.150339663	220
-123.215977848	42.5	220
-123.413121611	43	220
-123.321377337	43.5	220
-123.031517506	44	220
-123	44.0399322249	220
-122.538475022	44.5	220
-122.5	44.538201455	220
-122	44.8782022595	220
-121.662302747	45	220
-121.5	45.0911192596	220
> 230 contour -Z230
-121.5	45.0170265436	230
-121	45.1322889328	230
-120.5	45.1697963774	230
-120	45.0031635505	230
-119.995403682	45	230
-119.595744938	44.5	230
-119.5	44.1114569306	230
-119.471974181	44	230
-119.490081126	43.5	230
-119.5	43.4756569769	230
-119.633037925	43	230
-119.972950269	42.5	230
-120	42.4767165538	230
-120.5	42.0593429506	230
-120.585755765	42	230
-121	41.7143010497	230
-121.5	41.5289115012	230
-122	41.5520300567	230
-122.5	41.8262653947	230
-122.773477912	42	230
-123	42.2211010456	230
-123.172270015	42.5	230
-123.369810194	43	230
-123.284597188	43.5	230
-123	43.9847334623	230
-122.990191132	44	230
-122.5	44.4890141189	230
-122.481050313	44.5	230
-122	44.8306027055	230
-121.530327879	45	230
-121.5	45.0170265436	230
> 240 contour -Z240
-121	45.0519482791	240
-120.5	45.0775658786	240
-120.268599913	45	240
-120	44.8629588187	240
-119.7084921	44.5	240
-119.558937192	44	240
-119.560469151	43.5	240
-119.700583577	43	240
-120	42.5621752739	240
-120.033268154	42.5	240
-120.5	42.1041638851	240
-120.650525957	42	240
-121	41.7589722425	240
-121.5	41.5714973211	240
-122	41.6022908986	240
-122.5	41.8723207563	240
-122.700981557	42	240
-123	42.2918624431	240
-123.128562197	42.5	240
-123.326498777	43	240
-123.247817084	43.5	240
-123	43.9220885932	240
-122.949941248	44	240
-122.5	44.4488608837	240
-122.411789596	44.5	240
-122	44.7830031216	240
-121.5	44.96123299	240
-121.228190422	45	240
-121	45.0519482791	240
> 250 contour -Z250
-122	44.7354035676	250
-121.5	44.9108992815	250
-121	44.9805728197	250
-120.5	44.9875094593	250
-120	44.7225764245	250
-119.821239248	44.5	250
-119.636855215	44	250
-119.627716839	43.5	250
-119.768129244	43	250
-120	42.6609446108	250
-120.086116672	42.5	250
-120.5	42.1489848197	250
-120.715296179	42	250
-121	41.8036434054	250
-121.5	41.6140831411	250
-122	41.6525517702	250
-122.5	41.9183761179	250
-122.628485218	42	250
-123	42.3626238257	250
-123.084854372	42.5	250
-123.28318736	43	250
-123.21103695	43.5	250
-123	43.8594437242	250
-122.909691364	44	250
-122.5	44.4087076485	250
-122.34252885	44.5	250
-122	44.7354035676	250
> 260 contour -Z260
-122	44.6878040135	260
-121.5	44.860565573	260
-121	44.9256005883	260
-120.5	44.908952415	260
-120	44.5821940377	260
-119.933986418	44.5	260
-119.714773268	44	260
-119.694964558	43.5	260
-119.835674897	43	260
-120	42.7597139329	260
-120.138965219	42.5	260
-120.5	42.1938057542	260
-120.780066356	42	260
-121	41.8483145833	260
-121.5	41.6566689312	260
-122	41.7028126121	260
-122.5	41.9644314796	260
-122.555988871	42	260
-123	42.4333852157	260
-123.04114655	42.5	260
-123.239875957	43	260
-123.174256831	43.5	260
-123	43.7967988253	260
-122.869441479	44	260
-122.5	44.3685544133	260
-122.273268133	44.5	260
-122	44.6878040135	260
> 270 contour -Z270
-122	44.6402044594	270
-121.5	44.8102318645	270
-121	44.8706283271	270
-120.5	44.8303953409	270
-120.04485628	44.5	270
-120	44.4326039553	270
-119.792691335	44	270
-119.762212247	43.5	270
-119.903220557	43	270
-120	42.8584832698	270
-120.191813737	42.5	270
-120.5	42.2386266887	270
-120.844836563	42	270
-121	41.8929857612	270
-121.5	41.6992547512	270
-122	41.7530734688	270
-122.477852702	42	270
-122.5	42.0029228032	270
-122.999244511	42.5	270
-123	42.5063737035	270
-123.19656454	43	270
-123.137476712	43.5	270
-123	43.7341539562	270
-122.829191625	44	270
-122.5	44.3284011781	270
-122.204007387	44.5	270
-122	44.6402044594	270
> 280 contour -Z280
-122	44.5926048756	280
-121.5	44.7598981559	280
-121	44.8156560957	280
-120.5	44.7518382967	280
-120.153074354	44.5	280
-120	44.2700074911	280
-119.870609388	44	280
-119.829459935	43.5	280
-119.970766218	43	280
-120	42.957252603	280
-120.244662285	42.5	280
-120.5	42.2834476382	280
-120.909606755	42	280
-121	41.9376569353	280
-121.5	41.7418405712	280
-122	41.8033343256	280
-122.380587816	42	280
-122.5	42.0157589614	280
-122.986352414	42.5	280
-123	42.6151402891	280
-123.153253123	43	280
-123.100696586	43.5	280
-123	43.6715090871	280
-122.788941741	44	280
-122.5	44.2882479429	280
-122.134746656	44.5	280
-122	44.5926048756	280
> 290 contour -Z290
-122	44.5450053215	290
-121.5	44.7095644474	290
-121	44.7606838346	290
-120.5	44.6732812524	290
-120.261292428	44.5	290
-120	44.1074110195	290
-119.948527433	44	290
-119.896707639	43.5	290
-120	43.1348421872	290
-120.027322829	43	290
-120.297510818	42.5	290
-120.5	42.3282685727	290
-120.974376952	42	290
-121	41.9823281113	290
-121.5	41.7844263613	290
-122	41.8535951674	290
-122.283322901	42	290
-122.5	42.0285950899	290
-122.973460287	42.5	290
-123	42.7239068747	290
-123.109941706	43	290
-123.063916467	43.5	290
-123	43.6088642105	290
-122.748691857	44	290
-122.5	44.2480947226	290
-122.065485932	44.5	290
-122	44.5450053215	290
> 300 contour -Z300
-121.5	44.6592307389	300
-121	44.7057115883	300
-120.5	44.5947242007	300
-120.369510502	44.5	300
-120.023187906	44	300
-120	43.8061450124	300
-119.963955335	43.5	300
-120	43.3725753725	300
-120.07549423	43	300
-120.350359365	42.5	300
-120.5	42.3730895072	300
-121	42.0238969028	300
-121.064759523	42	300
-121.5	41.8270121813	300
-122	41.9038560241	300
-122.186058	42	300
-122.5	42.0414312482	300
-122.96056819	42.5	300
-123	42.8326734602	300
-123.066630289	43	300
-123.027136341	43.5	300
-123	43.5462193303	300
-122.708441988	44	300
-122.5	44.2079414874	300
-122	44.4977853596	300
-121.991531819	44.5	300
-121.5	44.6592307389	300
> 310 contour -Z310
-121.5	44.6088970304	310
-121	44.650739342	310
-120.5	44.5161671508	310
-120.47772857	44.5	310
-120.091507912	44	310
-120.02297765	43.5	310
-120.123665661	43	310
-120.403207891	42.5	310
-120.5	42.4179104418	310
-121	42.0634351075	310
-121.171906173	42	310
-121.5	41.8695979863	310
-122	41.9541168772	310
-122.088793106	42	310
-122.5	42.0542673767	310
-122.947676063	42.5	310
-123	42.9414400421	310
-123.023318877	43	310
-123	43.336247474	310
-122.990789562	43.5	310
-122.668192104	44	310
-122.5	44.1677882522	310
-122	44.4571508169	310
-121.836155921	44.5	310
-121.5	44.6088970304	310
> 320 contour -Z320
-121.5	44.5585633218	320
-121	44.5957670957	320
-120.65656653	44.5	320
-120.5	44.4312179387	320
-120.159827918	44	320
-120.072498292	43.5	320
-120.171837062	43	320
-120.456056431	42.5	320
-120.5	42.46273138	320
-121	42.1029733121	320
-121.279052839	42	320
-121.5	41.9121837914	320
-121.979736596	42	320
-122	42.0015396476	320
-122.5	42.0671035349	320
-122.934783965	42.5	320
-122.990265846	43	320
-122.955662161	43.5	320
-122.627942234	44	320
-122.5	44.1276350319	320
-122	44.4165162742	320
-121.680780008	44.5	320
-121.5	44.5585633218	320
> 330 contour -Z330
-121.5	44.5082296133	330
-121	44.5407948494	330
-120.853704274	44.5	330
-120.5	44.3446123004	330
-120.228147924	44	330
-120.122018903	43.5	330
-120.220008492	43	330
-120.5	42.5140864849	330
-120.509147555	42.5	330
-121	42.142511487	330
-121.386199504	42	330
-121.5	41.9547696039	330
-121.747091949	42	330
-122	42.0192165077	330
-122.5	42.0799396932	330
-122.921891838	42.5	330
-122.969177961	43	330
-122.92053476	43.5	330
-122.587692358	44	330
-122.5	44.0874817967	330
-122	44.3758817315	330
-121.525404111	44.5	330
-121.5	44.5082296133	330
> 340 contour -Z340
-122.5	44.0473285615	340
-122	44.335247159	340
-121.5	44.4669237137	340
-121	44.4868159592	340
-120.5	44.2580066919	340
-120.296467945	44	340
-120.171539545	43.5	340
-120.268179908	43	340
-120.5	42.5976859629	340
-120.563435793	42.5	340
-121	42.1820496917	340
-121.493346169	42	340
-121.5	41.997355412	340
-121.514447284	42	340
-122	42.036893338	340
-122.5	42.0927758217	340
-122.908999711	42.5	340
-122.948090076	43	340
-122.885407358	43.5	340
-122.547442477	44	340
-122.5	44.0473285615	340
> 350 contour -Z350
-122.5	44.0071753263	350
-122	44.2946126163	350
-121.5	44.4273823798	350
-121	44.4356954098	350
-120.5	44.1714010686	350
-120.364787966	44	350
-120.221060187	43.5	350
-120.316351324	43	350
-120.5	42.6812854409	350
-120.617724031	42.5	350
-121	42.2215878963	350
-121.5	42.0312800109	350
-122	42.0545701683	350
-122.5	42.10561198	350
-122.896107614	42.5	350
-122.927002192	43	350
-122.850279957	43.5	350
-122.507192602	44	350
-122.5	44.0071753263	350
> 360 contour -Z360
-122	44.2539780736	360
-121.5	44.3878410757	360
-121	44.3845748603	360
-120.5	44.0847954378	360
-120.43310798	44	360
-120.270580798	43.5	360
-120.36452274	43	360
-120.5	42.764884904	360
-120.672012269	42.5	360
-121	42.2611260861	360
-121.5	42.0646311343	360
-122	42.0722470284	360
-122.5	42.1184481084	360
-122.883215487	42.5	360
-122.905914307	43	360
-122.815152556	43.5	360
-122.5	43.9580669403	360
-122.441929609	44	360
-122	44.2539780736	360
> 370 contour -Z370
-122	44.2133435309	370
-121.5	44.3482997417	370
-121	44.3334542811	370
-120.501597047	44	370
-120.5	43.9971396923	370
-120.32010144	43.5	370
-120.412694156	43	370
-120.5	42.848484382	370
-120.726300508	42.5	370
-121	42.3006642908	370
-121.5	42.0979822576	370
-122	42.0899238586	370
-122.5	42.1312842667	370
-122.87032339	42.5	370
-122.884826422	43	370
-122.780025154	43.5	370
-122.5	43.9070100784	370
-122.371224254	44	370
-122	44.2133435309	370
> 380 contour -Z380
-122	44.1727089882	380
-121.5	44.3087584078	380
-121	44.2823337317	380
-120.578005224	44	380
-120.5	43.8602921665	380
-120.369622067	43.5	380
-120.460865576	43	380
-120.5	42.9320838451	380
-120.780588746	42.5	380
-121	42.3402024806	380
-121.5	42.1313333809	380
-122	42.1076006889	380
-122.5	42.144120425	380
-122.857431263	42.5	380
-122.863738537	43	380
-122.744897753	43.5	380
-122.5	43.8559531868	380
-122.3005189	44	380
-122	44.1727089882	380
> 390 contour -Z390
-122	44.1320744455	390
-121.5	44.2692170739	390
-121	44.2312131822	390
-120.654413402	44	390
-120.5	43.7234446555	390
-120.419142701	43.5	390
-120.5	43.0515272915	390
-120.509190083	43	390
-120.834876984	42.5	390
-121	42.3797406778	390
-121.5	42.1646845043	390
-122	42.125277549	390
-122.5	42.1569565535	390
-122.844539165	42.5	390
-122.842650652	43	390
-122.709770352	43.5	390
-122.5	43.8048963249	390
-122.229813546	44	390
-122	44.1320744455	390
> 400 contour -Z400
-122	44.091439873	400
-121.5	44.2296757549	400
-121	44.1800926179	400
-120.73082158	44	400
-120.5	43.5865971446	400
-120.468663331	43.5	400
-120.5	43.3261920661	400
-120.558177501	43	400
-120.889165215	42.5	400
-121	42.419278875	400
-121.5	42.1980356276	400
-122	42.1429543793	400
-122.5	42.1697927117	400
-122.831647038	42.5	400
-122.821562797	43	400
-122.674642935	43.5	400
-122.5	43.753839463	400
-122.159108192	44	400
-122	44.091439873	400
> 410 contour -Z410
-122	44.0508053303	410
-121.5	44.1901344359	410
-121	44.1289720684	410
-120.807229772	44	410
-120.520359278	43.5	410
-120.607164919	43	410
-120.943453453	42.5	410
-121	42.4588170722	410
-121.5	42.2313867509	410
-122	42.1606312096	410
-122.5	42.18262887	410
-122.818754911	42.5	410
-122.800474912	43	410
-122.639515534	43.5	410
-122.5	43.7027826011	410
-122.088402838	44	410
-122	44.0508053303	410
> 420 contour -Z420
-122	44.0101707876	420
-121.5	44.150593102	420
-121	44.0778515115	420
-120.88363795	44	420
-120.575803936	43.5	420
-120.656152338	43	420
-120.99774169	42.5	420
-121	42.4983552699	420
-121.5	42.2647378892	420
-122	42.1783080697	420
-122.5	42.1954649985	420
-122.805862814	42.5	420
-122.779387027	43	420
-122.60438814	43.5	420
-122.5	43.6517257392	420
-122.017697485	44	420
-122	44.0101707876	420
> 430 contour -Z430
-121.5	44.1110517681	430
-121	44.0267309584	430
-120.960046131	44	430
-120.631248623	43.5	430
-120.705139756	43	430
-121	42.5686779618	430
-121.068335235	42.5	430
-121.5	42.2980890125	430
-122	42.1959849	430
-122.5	42.2083011568	430
-122.792970687	42.5	430
-122.758299142	43	430
-122.569260739	43.5	430
-122.5	43.6006688774	430
-122	43.9633906484	430
-121.894651651	44	430
-121.5	44.1110517681	430
> 440 contour -Z440
-121.5	44.071510464	440
-121.104370803	44	440
-121	43.961071521	440
-120.686693281	43.5	440
-120.75412719	43	440
-121	42.6403368413	440
-121.139636457	42.5	440
-121.5	42.3314401358	440
-122	42.2136617303	440
-122.5	42.2211372852	440
-122.78007859	42.5	440
-122.737211257	43	440
-122.534133334	43.5	440
-122.5	43.549612008	440
-122	43.9145587385	440
-121.754131168	44	440
-121.5	44.071510464	440
> 450 contour -Z450
-121.5	44.03196913	450
-121.323131874	44	450
-121	43.8794775009	450
-120.742137939	43.5	450
-120.803114608	43	450
-121	42.7119957209	450
-121.210937709	42.5	450
-121.5	42.3647912592	450
-122	42.2313385606	450
-122.5	42.2339734435	450
-122.767186463	42.5	450
-122.716123372	43	450
-122.5	43.4986231923	450
-122.498117864	43.5	450
-122	43.8657267988	450
-121.613610692	44	450
-121.5	44.03196913	450
> 460 contour -Z460
-122	43.816894874	460
-121.5	43.9886272848	460
-121	43.797883451	460
-120.797582626	43.5	460
-120.852102026	43	460
-121	42.7836546153	460
-121.28223896	42.5	460
-121.5	42.3981423825	460
-122	42.2490154207	460
-122.5	42.2468096018	460
-122.754294366	42.5	460
-122.695035487	43	460
-122.5	43.4499708414	460
-122.431609064	43.5	460
-122	43.816894874	460
> 470 contour -Z470
-122	43.7680629492	470
-121.5	43.9292399287	470
-121	43.7162894309	470
-120.853027284	43.5	470
-120.901089452	43	470
-121	42.8553134948	470
-121.353540212	42.5	470
-121.5	42.4314935058	470
-122	42.266692251	470
-122.5	42.2596457303	470
-122.741402239	42.5	470
-122.673947617	43	470
-122.5	43.4013185203	470
-122.365100235	43.5	470
-122	43.7680629492	470
> 480 contour -Z480
-122	43.7192310393	480
-121.5	43.8698525727	480
-121	43.6346953958	480
-120.908471964	43.5	480
-120.950076871	43	480
-121	42.9269723669	480
-121.424841464	42.5	480
-121.5	42.4648446292	480
-122	42.2843690962	480
-122.5	42.2724818885	480
-122.728510126	42.5	480
-122.652859733	43	480
-122.5	43.3526661694	480
-122.298591435	43.5	480
-122	43.7192310393	480
> 490 contour -Z490
-122	43.6703990996	490
-121.5	43.8104652464	490
-121	43.5531013608	490
-120.963916633	43.5	490
-120.999064294	43	490
-121	42.9986312472	490
-121.496142709	42.5	490
-121.5	42.4981957538	490
-122	42.3020459414	490
-122.5	42.2853180319	490
-122.715618014	42.5	490
-122.631771848	43	490
-122.5	43.3040138483	490
-122.23208262	43.5	490
-122	43.6703990996	490
> 500 contour -Z500
-122	43.6215671897	500
-121.5	43.7510778904	500
-121.0381473	43.5	500
-121.072173744	43	500
-121.5	42.569958955	500
-121.542438418	42.5	500
-122	42.3197227716	500
-122.5	42.2981541753	500
-122.702725902	42.5	500
-122.610683963	43	500
-122.5	43.2553614974	500
-122.16557382	43.5	500
-122	43.6215671897	500
> 510 contour -Z510
-122	43.57273525	510
-121.5	43.6916905493	510
-121.147389114	43.5	510
-121.145752907	43	510
-121.5	42.6439190209	510
-121.587303996	42.5	510
-122	42.3373996168	510
-122.5	42.3109903187	510
-122.68983379	42.5	510
-122.589596085	43	510
-122.5	43.2067091763	510
-122.099065006	43.5	510
-122	43.57273525	510
> 520 contour -Z520
-122	43.5239033103	520
-121.5	43.6323032081	520
-121.256630912	43.5	520
-121.219332099	43	520
-121.5	42.7178791165	520
-121.632169574	42.5	520
-122	42.3550764471	520
-122.5	42.3238264769	520
-122.676941663	42.5	520
-122.5685082	43	520
-122.5	43.1580568403	520
-122.032556191	43.5	520
-122	43.5239033103	520
> 530 contour -Z530
-121.5	43.5729158819	530
-121.365872741	43.5	530
-121.292911261	43	530
-121.5	42.7918391973	530
-121.677035183	42.5	530
-122	42.3727532923	530
-122.5	42.3366626203	530
-122.664049551	42.5	530
-122.547420319	43	530
-122.5	43.1094045043	530
-122	43.4656211734	530
-121.853161663	43.5	530
-121.5	43.5729158819	530
> 540 contour -Z540
-121.5	43.5135285258	540
-121.475114549	43.5	540
-121.366490439	43	540
-121.5	42.865799278	540
-121.721900761	42.5	540
-122	42.3904301375	540
-122.5	42.3494987637	540
-122.651157439	42.5	540
-122.526332438	43	540
-122.5	43.0607521683	540
-122	43.3982774317	540
-121.565524243	43.5	540
-121.5	43.5135285258	540
> 550 contour -Z550
-122.5	43.0120998323	550
-122	43.3309337199	550
-121.5	43.2566653192	550
-121.44006962	43	550
-121.5	42.9397593662	550
-121.76676634	42.5	550
-122	42.4081069753	550
-122.5	42.3623349071	550
-122.638265327	42.5	550
-122.505244555	43	550
-122.5	43.0120998323	550
> 560 contour -Z560
-122	43.2635899931	560
-121.522623926	43	560
-121.811631918	42.5	560
-122	42.425783813	560
-122.5	42.3751710579	560
-122.625373214	42.5	560
-122.5	42.9641421735	560
-122.419481695	43	560
-122	43.2635899931	560
> 570 contour -Z570
-122	43.1962462664	570
-121.644587129	43	570
-121.856497496	42.5	570
-122	42.4434606545	570
-122.5	42.3880072013	570
-122.612481102	42.5	570
-122.5	42.9164144993	570
-122.312309742	43	570
-122	43.1962462664	570
> 580 contour -Z580
-122	43.1289025545	580
-121.766550347	43	580
-121.901363082	42.5	580
-122	42.4611374922	580
-122.5	42.4008433521	580
-122.599588983	42.5	580
-122.5	42.8686867952	580
-122.205137759	43	580
-122	43.1289025545	580
> 590 contour -Z590
-122	43.0615588427	590
-121.888513543	43	590
-121.946228664	42.5	590
-122	42.4788143337	590
-122.5	42.4136794955	590
-122.586696871	42.5	590
-122.5	42.820959121	590
-122.097965799	43	590
-122	43.0615588427	590
> 600 contour -Z600
-122.5	42.7732314169	600
-122	42.8489784598	600
-121.991094247	42.5	600
-122	42.4964911733	600
-122.5	42.4265156463	600
-122.573804758	42.5	600
-122.5	42.7732314169	600
> 610 contour -Z610
-122.5	42.7255037129	610
-122.072517008	42.5	610
-122.5	42.4393517934	610
-122.560912643	42.5	610
-122.5	42.7255037129	610
> 620 contour -Z620
-122.5	42.6777760386	620
-122.162993461	42.5	620
-122.5	42.4521879368	620
-122.548020527	42.5	620
-122.5	42.6777760386	620
> 630 contour -Z630
-122.5	42.6300483346	630
-122.253469899	42.5	630
-122.5	42.4650240839	630
-122.535128415	42.5	630
-122.5	42.6300483346	630
> 640 contour -Z640
-122.5	42.5823206604	640
-122.343946353	42.5	640
-122.5	42.4778602328	640
-122.522236301	42.5	640
-122.5	42.5823206604	640
> 650 contour -Z650
-122.5	42.5345929563	650
-122.434422798	42.5	650
-122.5	42.490696379	650
-122.509344186	42.5	650
-122.5	42.5345929563	650
