> 10 contour -Z10
-118.5	52.5345782638	10
-118	52.5944172516	10
-117.5	52.6297777742	10
-117	52.6373004168	10
-116.5	52.6022796035	10
-116	52.5067660566	10
-115.97793567	52.5	10
-115.5	52.3760667443	10
-115	52.1731909811	10
-114.672939122	52	10
-114.5	51.9239408672	10
-114	51.6665866971	10
-113.732987314	51.5	10
-113.5	51.3763265312	10
-113	51.0657998845	10
-112.902944528	51	10
-112.5	50.7017493248	10
-112.266666681	50.5	10
-112	50.2285618037	10
-111.788437471	50	10
-111.5	49.7058636099	10
-111.280346856	49.5	10
-111	49.2922650278	10
-110.634184808	49	10
-110.5	48.8414088786	10
-110.243632823	48.5	10
-110.164470911	48	10
-110.292517677	47.5	10
-110.5	47.1877334416	10
-110.588802844	47	10
-110.991801861	46.5	10
-111	46.4916946581	10
-111.429133274	46	10
-111.5	45.9331344813	10
-111.946118116	45.5	10
-112	45.4471556768	10
-112.5	45.0040917993	10
-112.504790068	45	10
-113	44.5381982028	10
-113.04901436	44.5	10
-113.5	44.0492558181	10
-113.559347183	44	10
-114	43.5276586711	10
-114.029877484	43.5	10
-114.449278854	43	10
-114.5	42.9331855699	10
-114.824786335	42.5	10
-115	42.2651177943	10
-115.187148988	42	10
-115.5	41.6044033766	10
-115.581812084	41.5	10
-116	41.0457074046	10
-116.045974255	41	10
-116.5	40.5998928249	10
-116.636098176	40.5	10
-117	40.2452464104	10
-117.493621372	40	10
-117.5	39.9965692633	10
-118	39.7719113082	10
-118.5	39.6340888739	10
-119	39.5892575085	10
-119.5	39.6229594052	10
-120	39.7356554568	10
-120.5	39.9736081138	10
-120.53538534	40	10
-121	40.2802221924	10
-121.241681397	40.5	10
-121.5	40.5912497938	10
-122	40.8441701233	10
-122.188030109	41	10
-122.5	41.06730178	10
-122.997881413	41.5	10
-123	41.5010869205	10
-123.479914278	42	10
-123.5	42.0503254235	10
-123.889868528	42.5	10
-123.968353719	43	10
-123.992625475	43.5	10
-123.999549776	44	10
-124	44.0813404322	10
-124.014787914	44.5	10
-124	44.9268299043	10
-123.998612672	45	10
-123.973857254	45.5	10
-123.987681299	46	10
-123.927215159	46.5	10
-123.769788831	47	10
-123.552499097	47.5	10
-123.5	47.6163013428	10
-123.379860371	48	10
-123.216802537	48.5	10
-123.015723256	49	10
-123	49.0332336016	10
-122.802350134	49.5	10
-122.509756553	50	10
-122.5	50.0151925143	10
-122.182087183	50.5	10
-122	50.7212367803	10
-121.744114399	51	10
-121.5	51.2420375198	10
-121.174062818	51.5	10
-121	51.6334530562	10
-120.5	51.9279440641	10
-120.336410642	52	10
-120	52.1618404388	10
-119.5	52.3351533413	10
-119	52.4513834119	10
-118.672000036	52.5	10
-118.5	52.5345782638	10
> 20 contour -Z20
-119.5	51.6898392737	20
-119	51.8445738852	20
-118.5	51.9360367656	20
-118	51.9760596156	20
-117.5	51.9837590456	20
-117	51.9599697888	20
-116.5	51.897477895	20
-116	51.7709275186	20
-115.5	51.5712884963	20
-115.354571477	51.5	20
-115	51.3573890924	20
-114.5	51.1129229963	20
-114.304424524	51	20
-114	50.828766197	20
-113.52946201	50.5	20
-113.5	50.4765706956	20
-113	50.0289016627	20
-112.969647989	50	20
-112.50908646	49.5	20
-112.5	49.4913914204	20
-112	49.0784161761	20
-111.903174229	49	20
-111.5	48.6851081848	20
-111.303027615	48.5	20
-111.02235508	48	20
-111.014913797	47.5	20
-111.188215077	47	20
-111.5	46.5254679918	20
-111.512838334	46.5	20
-111.899340391	46	20
-112	45.9010803998	20
-112.378847241	45.5	20
-112.5	45.3865009472	20
-112.952457685	45	20
-113	44.9556650147	20
-113.5	44.5414416492	20
-113.555465877	44.5	20
-114	44.1000315845	20
-114.133746952	44	20
-114.5	43.6496285498	20
-114.687190592	43.5	20
-115	43.1778841019	20
-115.198260874	43	20
-115.5	42.664539814	20
-115.665178567	42.5	20
-116	42.1084292233	20
-116.102196604	42	20
-116.5	41.5620289743	20
-116.560759932	41.5	20
-117	41.0976468623	20
-117.120333374	41	20
-117.5	40.7265165746	20
-117.926519014	40.5	20
-118	40.4611553475	20
-118.5	40.2664546967	20
-119	40.1813446581	20
-119.5	40.2046687305	20
-120	40.3253308535	20
-120.390929908	40.5	20
-120.5	40.5269244015	20
-121	40.6820429862	20
-121.5	40.875163272	20
-121.702626705	41	20
-122	41.0394978523	20
-122.5	41.1816633046	20
-122.866292089	41.5	20
-123	41.5685970187	20
-123.414974988	42	20
-123.5	42.2130328715	20
-123.748800933	42.5	20
-123.88909936	43	20
-123.910228729	43.5	20
-123.867130995	44	20
-123.763560653	44.5	20
-123.536163505	45	20
-123.5	45.0802380145	20
-123.330628484	45.5	20
-123.218670398	46	20
-123.216161177	46.5	20
-123.121816725	47	20
-123	47.3746504486	20
-122.967836022	47.5	20
-122.824966818	48	20
-122.657186702	48.5	20
-122.5	48.8609349132	20
-122.440988839	49	20
-122.163777843	49.5	20
-122	49.736949861	20
-121.806110889	50	20
-121.5	50.3561814427	20
-121.359108508	50.5	20
-121	50.8312400877	20
-120.769126445	51	20
-120.5	51.1928960234	20
-120	51.4665395021	20
-119.92309615	51.5	20
-119.5	51.6898392737	20
> 30 contour -Z30
-118	51.5102934539	30
-117.5	51.5018313305	30
-117.478958964	51.5	30
-117	51.4642945826	30
-116.5	51.3836244047	30
-116	51.246053502	30
-115.5	51.0474150926	30
-115.400338925	51	30
-115	50.8237433434	30
-114.5	50.5442221537	30
-114.430760026	50.5	30
-114	50.1952651143	30
-113.766270518	50	30
-113.5	49.7302497029	30
-113.282010198	49.5	30
-113	49.1982297599	30
-112.791340411	49	30
-112.5	48.786639899	30
-112.111093789	48.5	30
-112	48.4036047161	30
-111.653551966	48	30
-111.527558357	47.5	30
-111.635760784	47	30
-111.878602773	46.5	30
-112	46.3495466858	30
-112.238170236	46	30
-112.5	45.7267070413	30
-112.706168652	45.5	30
-113	45.2357067466	30
-113.271969333	45	30
-113.5	44.8035648763	30
-113.906293809	44.5	30
-114	44.4156880975	30
-114.5	44.0317041576	30
-114.545982629	44	30
-115	43.6129003167	30
-115.155527413	43.5	30
-115.5	43.1812580526	30
-115.727661192	43	30
-116	42.7284348309	30
-116.256894872	42.5	30
-116.5	42.2459946275	30
-116.7529459	42	30
-117	41.7491286993	30
-117.264785722	41.5	30
-117.5	41.2981349677	30
-117.923401088	41	30
-118	40.9510294534	30
-118.5	40.726565659	30
-119	40.6327360868	30
-119.5	40.6498349011	30
-120	40.7205095291	30
-120.5	40.8103389442	30
-121	40.9423647486	30
-121.141614452	41	30
-121.5	41.0318081081	30
-122	41.1007063687	30
-122.5	41.2960248142	30
-122.734702736	41.5	30
-123	41.6361071169	30
-123.350035697	42	30
-123.5	42.3757403046	30
-123.607733339	42.5	30
-123.809844971	43	30
-123.827831984	43.5	30
-123.734712243	44	30
-123.522909939	44.5	30
-123.5	44.5468043089	30
-123.302806646	45	30
-123	45.4377203286	30
-122.953870833	45.5	30
-122.754817039	46	30
-122.709469318	46.5	30
-122.654455125	47	30
-122.519244611	47.5	30
-122.5	47.5599163212	30
-122.376314998	48	30
-122.196477115	48.5	30
-122	48.8977998495	30
-121.947170496	49	30
-121.615400992	49.5	30
-121.5	49.6484653205	30
-121.200466946	50	30
-121	50.2038465291	30
-120.654357791	50.5	30
-120.5	50.620406419	30
-120	50.9324159622	30
-119.865060121	51	30
-119.5	51.1851165444	30
-119	51.3706431389	30
-118.5	51.4750670791	30
-118.132494166	51.5	30
-118	51.5102934539	30
> 40 contour -Z40
-118.5	51.0683315694	40
-118	51.1028671563	40
-117.5	51.0938850865	40
-117	51.0515149422	40
-116.726914406	51	40
-116.5	50.9643127918	40
-116	50.830450505	40
-115.5	50.6288512051	40
-115.246452719	50.5	40
-115	50.3673177361	40
-114.5	50.0365102924	40
-114.451726966	50	40
-114	49.5983994976	40
-113.902627863	49.5	40
-113.5	49.030698847	40
-113.471158704	49	40
-113	48.6056451797	40
-112.858957782	48.5	40
-112.5	48.2286784053	40
-112.24411121	48	40
-112	47.5332016908	40
-111.986863893	47.5	40
-112	47.3574278355	40
-112.026430219	47	40
-112.215196818	46.5	40
-112.5	46.0734683573	40
-112.541231215	46	40
-112.999355009	45.5	40
-113	45.4994198481	40
-113.5	45.0567225218	40
-113.566940904	45	40
-114	44.6556645632	40
-114.217400312	44.5	40
-114.5	44.2715238184	40
-114.893808663	44	40
-115	43.9094602242	40
-115.5	43.5445378721	40
-115.56786707	43.5	40
-116	43.1496350169	40
-116.19339624	43	40
-116.5	42.7228145003	40
-116.748127848	42.5	40
-117	42.2536840439	40
-117.26398702	42	40
-117.5	41.7746472657	40
-117.825173363	41.5	40
-118	41.3648253679	40
-118.5	41.114695102	40
-119	41.0205575824	40
-119.5	41.0238856971	40
-120	41.0297164023	40
-120.5	41.0392901897	40
-121	41.0601087213	40
-121.5	41.0885778964	40
-122	41.1619148552	40
-122.5	41.4103863314	40
-122.603113391	41.5	40
-123	41.7036172152	40
-123.285096467	42	40
-123.490009487	42.5	40
-123.5	42.5375579894	40
-123.730590612	43	40
-123.745435223	43.5	40
-123.602293476	44	40
-123.5	44.2302807719	40
-123.39452824	44.5	40
-123.088884585	45	40
-123	45.1284865886	40
-122.724828243	45.5	40
-122.5	45.8777709901	40
-122.436919063	46	40
-122.32981813	46.5	40
-122.271565437	47	40
-122.153274879	47.5	40
-122	47.9555341899	40
-121.984591901	48	40
-121.776481122	48.5	40
-121.5	48.9823953211	40
-121.488840073	49	40
-121.105668508	49.5	40
-121	49.62111938	40
-120.61656145	50	40
-120.5	50.102170296	40
-120	50.463429302	40
-119.938622326	50.5	40
-119.5	50.7406574041	40
-119	50.9464327693	40
-118.777777642	51	40
-118.5	51.0683315694	40
> 50 contour -Z50
-119	50.5478676856	50
-118.5	50.6812748611	50
-118	50.7287883312	50
-117.5	50.7312312871	50
-117	50.7008272558	50
-116.5	50.6201734692	50
-116.113117635	50.5	50
-116	50.4630874991	50
-115.5	50.233786419	50
-115.10169372	50	50
-115	49.9346736372	50
-114.5	49.5490957797	50
-114.445989385	49.5	50
-114	49.0082546817	50
-113.992776833	49	50
-113.514918953	48.5	50
-113.5	48.4872966707	50
-113	48.1134044826	50
-112.855256766	48	50
-112.5	47.5806147307	50
-112.448642183	47.5	50
-112.395053074	47	50
-112.5	46.6445693672	50
-112.536280483	46.5	50
-112.811955169	46	50
-113	45.7947884947	50
-113.255035281	45.5	50
-113.5	45.2830692679	50
-113.834063441	45	50
-114	44.8680599481	50
-114.5	44.5098970532	50
-114.515906632	44.5	50
-115	44.1627542078	50
-115.267562762	44	50
-115.5	43.8285803646	50
-116	43.5005337298	50
-116.000848562	43.5	50
-116.5	43.1280531883	50
-116.652441919	43	50
-117	42.6888636351	50
-117.186197191	42.5	50
-117.5	42.1971870959	50
-117.713622183	42	50
-118	41.7514130771	50
-118.439525742	41.5	50
-118.5	41.4676030725	50
-119	41.3564662635	50
-119.5	41.2950059623	50
-120	41.2108036578	50
-120.5	41.1580635011	50
-121	41.1373097003	50
-121.5	41.1453477144	50
-122	41.2231233418	50
-122.477172494	41.5	50
-122.5	41.509105593	50
-123	41.7711272985	50
-123.220157176	42	50
-123.447730482	42.5	50
-123.5	42.6965000629	50
-123.651336238	43	50
-123.663038477	43.5	50
-123.5	43.9484407306	50
-123.4866395	44	50
-123.277959108	44.5	50
-123	44.9015661776	50
-122.914773554	45	50
-122.5	45.4967866242	50
-122.497556388	45.5	50
-122.238301441	46	50
-122.014081813	46.5	50
-122	46.5815952197	50
-121.923434913	47	50
-121.797947586	47.5	50
-121.611513175	48	50
-121.5	48.2423775643	50
-121.365631938	48.5	50
-121.04065083	49	50
-121	49.0514873564	50
-120.597421728	49.5	50
-120.5	49.5964097753	50
-120.003042331	50	50
-120	50.002259721	50
-119.5	50.3176500201	50
-119.108511031	50.5	50
-119	50.5478676856	50
> 60 contour -Z60
-119	50.1465981603	60
-118.5	50.3002426326	60
-118	50.3703858852	60
-117.5	50.3881235123	60
-117	50.3639242351	60
-116.5	50.2769705355	60
-116	50.1015545353	60
-115.793121293	50	60
-115.5	49.844361037	60
-115	49.5096481293	60
-114.987685737	49.5	60
-114.5	49.0598315671	60
-114.444865547	49	60
-114.041308403	48.5	60
-114	48.4560385048	60
-113.5	48.0303418655	60
-113.460033633	48	60
-113	47.5724433959	60
-112.936413713	47.5	60
-112.770128444	47	60
-112.849583268	46.5	60
-113	46.194398433	60
-113.087667972	46	60
-113.5	45.5140730739	60
-113.511338234	45.5	60
-114	45.0872127414	60
-114.11004588	45	60
-114.5	44.7191371322	60
-114.852199435	44.5	60
-115	44.3970340714	60
-115.5	44.1076568365	60
-115.721830606	44	60
-116	43.8341339529	60
-116.5	43.5264054835	60
-116.538261682	43.5	60
-117	43.1343996823	60
-117.12680766	43	60
-117.5	42.6205467284	60
-117.611430466	42.5	60
-118	42.1427193582	60
-118.204753369	42	60
-118.5	41.8246122599	60
-119	41.6662698984	60
-119.5	41.5481958687	60
-119.645023137	41.5	60
-120	41.3918908909	60
-120.5	41.2768368125	60
-121	41.214510709	60
-121.5	41.2021175027	60
-122	41.2843318582	60
-122.371685058	41.5	60
-122.5	41.5511832237	60
-123	41.8386373818	60
-123.155217886	42	60
-123.405451447	42.5	60
-123.5	42.8554421514	60
-123.572081864	43	60
-123.580641724	43.5	60
-123.5	43.7218067497	60
-123.427911997	44	60
-123.161389977	44.5	60
-123	44.7331593186	60
-122.768962681	45	60
-122.5	45.3221446276	60
-122.364750743	45.5	60
-122.039683823	46	60
-122	46.0864785612	60
-121.769649893	46.5	60
-121.588650793	47	60
-121.5	47.3197294772	60
-121.437547058	47.5	60
-121.209135398	48	60
-121	48.3940744698	60
-120.933565438	48.5	60
-120.561698597	49	60
-120.5	49.0683176145	60
-120.042689182	49.5	60
-120	49.5352606475	60
-119.5	49.8890999258	60
-119.299082339	50	60
-119	50.1465981603	60
> 70 contour -Z70
-118	50.0201721787	70
-117.5	50.056931898	70
-117	50.0340436064	70
-116.825084955	50	70
-116.5	49.9250722826	70
-116	49.7250726372	70
-115.584310114	49.5	70
-115.5	49.4580404758	70
-115	49.1077934802	70
-114.882850759	49	70
-114.5	48.5355062857	70
-114.471157245	48.5	70
-114.001464128	48	70
-114	47.9984949529	70
-113.5	47.5434718877	70
-113.453668971	47.5	70
-113.165566623	47	70
-113.17760998	46.5	70
-113.374727339	46	70
-113.5	45.8523681015	70
-113.783892065	45.5	70
-114	45.3174471408	70
-114.400557853	45	70
-114.5	44.9283771962	70
-115	44.6355109513	70
-115.27871722	44.5	70
-115.5	44.3791746497	70
-116	44.1816605628	70
-116.449570574	44	70
-116.5	43.9747151975	70
-117	43.6734644175	70
-117.189019471	43.5	70
-117.5	43.1634123623	70
-117.614605993	43	70
-118	42.5800628662	70
-118.064621806	42.5	70
-118.5	42.1689669788	70
-118.886536002	42	70
-119	41.9565961435	70
-119.5	41.7458009124	70
-120	41.5587189496	70
-120.157188505	41.5	70
-120.5	41.3956101239	70
-121	41.291711688	70
-121.5	41.2588873059	70
-122	41.3455403447	70
-122.266197592	41.5	70
-122.5	41.5932608545	70
-123	41.9061474726	70
-123.090278596	42	70
-123.363172442	42.5	70
-123.496691614	43	70
-123.499165088	43.5	70
-123.369184494	44	70
-123.044820845	44.5	70
-123	44.5647524595	70
-122.623151831	45	70
-122.5	45.147502616	70
-122.231945053	45.5	70
-122	45.842894733	70
-121.882768333	46	70
-121.528546585	46.5	70
-121.5	46.5693532228	70
-121.210915327	47	70
-121.019241994	47.5	70
-121	47.5424431823	70
-120.742576748	48	70
-120.5	48.4007719755	70
-120.43001464	48.5	70
-120	48.9997892082	70
-119.999809712	49	70
-119.5	49.4246736467	70
-119.394930601	49.5	70
-119	49.7263167202	70
-118.5	49.9163384736	70
-118.108351581	50	70
-118	50.0201721787	70
> 80 contour -Z80
-118.5	49.5145061612	80
-118	49.6361389905	80
-117.5	49.6838830858	80
-117	49.6495506763	80
-116.5	49.5344166346	80
-116.411794409	49.5	80
-116	49.3567198515	80
-115.5	49.1066206545	80
-115.35340178	49	80
-115	48.6919901371	80
-114.835865572	48.5	80
-114.5	48.0280756857	80
-114.473786114	48	80
-114	47.5129636033	80
-113.985764644	47.5	80
-113.605041653	47	80
-113.524117678	46.5	80
-113.699194193	46	80
-114	45.5978547931	80
-114.080835253	45.5	80
-114.5	45.1899111569	80
-114.782202154	45	80
-115	44.8772787452	80
-115.5	44.6816099584	80
-116	44.5470966697	80
-116.232954949	44.5	80
-116.5	44.4368923306	80
-117	44.1754601896	80
-117.283721521	44	80
-117.5	43.8007457852	80
-117.707784891	43.5	80
-118	43.1162016392	80
-118.044175327	43	80
-118.5	42.5004772246	80
-118.500542283	42.5	80
-119	42.1478101909	80
-119.37404348	42	80
-119.5	41.9434059449	80
-120	41.7044235766	80
-120.5	41.5124747455	80
-120.533285648	41.5	80
-121	41.3689126819	80
-121.5	41.315657109	80
-122	41.4067488462	80
-122.160710141	41.5	80
-122.5	41.6353384852	80
-123	41.9736575596	80
-123.025339309	42	80
-123.320893437	42.5	80
-123.460134983	43	80
-123.459966302	43.5	80
-123.310457021	44	80
-123	44.4478557706	80
-122.949863166	44.5	80
-122.5	44.9863158464	80
-122.483888358	45	80
-122.099139385	45.5	80
-122	45.646562174	80
-121.736265346	46	80
-121.5	46.3232770264	80
-121.220800579	46.5	80
-121	46.8003101051	80
-120.740367338	47	80
-120.5	47.4735218585	80
-120.481075704	47.5	80
-120.146516204	48	80
-120	48.2165130973	80
-119.803306639	48.5	80
-119.5	48.8386508524	80
-119.347413719	49	80
-119	49.252269119	80
-118.535322897	49.5	80
-118.5	49.5145061612	80
> 90 contour -Z90
-118.5	49.0016027987	90
-118	49.1686795652	90
-117.5	49.2334944904	90
-117	49.2108394802	90
-116.5	49.1464407295	90
-116	49.0083605489	90
-115.983347362	49	90
-115.5	48.768278867	90
-115.201429009	48.5	90
-115	48.227977097	90
-114.837201059	48	90
-114.5	47.5266612116	90
-114.474086814	47.5	90
-114.110930949	47	90
-114	46.6717781276	90
-113.952493116	46.5	90
-114	46.286566332	90
-114.075507015	46	90
-114.471155403	45.5	90
-114.5	45.4786614012	90
-115	45.1941641867	90
-115.5	45.0115029216	90
-115.579224616	45	90
-116	44.9431990013	90
-116.5	44.7500723451	90
-117	44.5254588127	90
-117.042380601	44.5	90
-117.5	44.1388014555	90
-117.672261834	44	90
-118	43.5873321295	90
-118.035661936	43.5	90
-118.242093205	43	90
-118.5	42.717368722	90
-118.747005522	42.5	90
-119	42.3216023594	90
-119.5	42.0906481147	90
-119.70479852	42	90
-120	41.8501281887	90
-120.5	41.6154868007	90
-120.808146819	41.5	90
-121	41.4461136796	90
-121.5	41.3724268973	90
-122	41.4679573476	90
-122.055222686	41.5	90
-122.5	41.6774160862	90
-122.963159412	42	90
-123	42.0423489809	90
-123.278614432	42.5	90
-123.423578322	43	90
-123.420767516	43.5	90
-123.251729518	44	90
-123	44.3631373048	90
-122.868406057	44.5	90
-122.5	44.8982582092	90
-122.380209833	45	90
-122	45.4676715434	90
-121.971663266	45.5	90
-121.58976236	46	90
-121.5	46.1228200048	90
-121	46.4481506944	90
-120.807010859	46.5	90
-120.5	46.7288361341	90
-120	46.9764429927	90
-119.965854347	47	90
-119.589233011	47.5	90
-119.5	47.6538323015	90
-119.322763741	48	90
-119.044093687	48.5	90
-119	48.5470177792	90
-118.502983468	49	90
-118.5	49.0016027987	90
> 100 contour -Z100
-117.5	48.675368607	100
-117	48.7982610166	100
-116.5	48.8169383109	100
-116	48.718472302	100
-115.601745635	48.5	100
-115.5	48.4244259298	100
-115.166799605	48	100
-115	47.715808019	100
-114.848113939	47.5	100
-114.60627383	47	100
-114.5	46.5425718687	100
-114.486911365	46.5	100
-114.5	46.4360281304	100
-114.609741211	46	100
-115	45.6396044791	100
-115.302425772	45.5	100
-115.5	45.4375424571	100
-116	45.2415952086	100
-116.5	45.0222127736	100
-116.533062547	45	100
-117	44.687307775	100
-117.311806202	44.5	100
-117.5	44.3514588177	100
-117.936183706	44	100
-118	43.919646427	100
-118.171361864	43.5	100
-118.440011121	43	100
-118.5	42.9342602268	100
-118.99346874	42.5	100
-119	42.4953945181	100
-119.5	42.2176774144	100
-119.9917919	42	100
-120	41.9958328027	100
-120.5	41.7184988856	100
-121	41.5178704262	100
-121.097469568	41.5	100
-121.5	41.4291967079	100
-121.861779898	41.5	100
-122	41.5181520879	100
-122.5	41.719493717	100
-122.902745217	42	100
-123	42.1117963195	100
-123.236335427	42.5	100
-123.387021661	43	100
-123.38156873	43.5	100
-123.193002015	44	100
-123	44.2784188092	100
-122.786948979	44.5	100
-122.5	44.8102006018	100
-122.276531309	45	100
-122	45.3401432931	100
-121.85988149	45.5	100
-121.5	45.9463097453	100
-121.403392345	46	100
-121	46.2769177854	100
-120.5	46.4082817435	100
-120	46.4661667943	100
-119.916222364	46.5	100
-119.5	46.8300653994	100
-119.341315508	47	100
-119	47.3706144094	100
-118.857968122	47.5	100
-118.5	47.9410990477	100
-118.427259862	48	100
-118	48.4517974555	100
-117.90408358	48.5	100
-117.5	48.675368607	100
> 110 contour -Z110
-116.5	48.5227687955	110
-116.379062347	48.5	110
-116	48.4330240488	110
-115.5	48.0338617861	110
-115.473416422	48	110
-115.167523026	47.5	110
-115.013846934	47	110
-115.003925145	46.5	110
-115.242059827	46	110
-115.5	45.8278020173	110
-116	45.5187782347	110
-116.020678014	45.5	110
-116.5	45.1845873594	110
-116.774748608	45	110
-117	44.8491567671	110
-117.5	44.5295704305	110
-117.543846875	44.5	110
-118	44.0973349214	110
-118.083636701	44	110
-118.307061791	43.5	110
-118.5	43.1644640565	110
-118.594700366	43	110
-119	42.6230378449	110
-119.221653014	42.5	110
-119.5	42.3447067142	110
-120	42.0935963988	110
-120.179616064	42	110
-120.5	41.8215109557	110
-121	41.5770441294	110
-121.420216866	41.5	110
-121.5	41.4859665046	110
-121.571706221	41.5	110
-122	41.5562467575	110
-122.5	41.7615713477	110
-122.842331022	42	110
-123	42.1812436581	110
-123.194056422	42.5	110
-123.350465	43	110
-123.342369974	43.5	110
-123.134274527	44	110
-123	44.1937003285	110
-122.705491871	44.5	110
-122.5	44.7221429944	110
-122.172852799	45	110
-122	45.2126150578	110
-121.748099729	45.5	110
-121.5	45.8076827526	110
-121.153953552	46	110
-121	46.1056848913	110
-120.5	46.2313218862	110
-120	46.2703724205	110
-119.5	46.4774960876	110
-119.479295909	46.5	110
-119	46.9925865233	110
-118.991672069	47	110
-118.5	47.4734068215	110
-118.461099178	47.5	110
-118	47.9246460795	110
-117.865232289	48	110
-117.5	48.2846496403	110
-117	48.4582122564	110
-116.646369264	48.5	110
-116.5	48.5227687955	110
> 120 contour -Z120
-117	48.2347486317	120
-116.5	48.2960654199	120
-116	48.1569487453	120
-115.808172584	48	120
-115.5	47.5764308348	120
-115.452959921	47.5	120
-115.298763409	47	120
-115.364025906	46.5	120
-115.5	46.296836257	120
-115.662340999	46	120
-116	45.7428628206	120
-116.267433181	45.5	120
-116.5	45.3469619155	120
-117	45.0071404576	120
-117.008798033	45	120
-117.5	44.6276481152	120
-117.689276069	44.5	120
-118	44.2257112265	120
-118.193946242	44	120
-118.442761734	43.5	120
-118.5	43.400457792	120
-118.730588377	43	120
-119	42.7494249046	120
-119.44933974	42.5	120
-119.5	42.4717360009	120
-120	42.189948529	120
-120.364520475	42	120
-120.5	41.9245230183	120
-121	41.6362178326	120
-121.5	41.5313622355	120
-122	41.5943414271	120
-122.5	41.8036489636	120
-122.781916827	42	120
-123	42.2506909966	120
-123.151777416	42.5	120
-123.313908339	43	120
-123.303171188	43.5	120
-123.07554704	44	120
-123	44.1089818478	120
-122.62403477	44.5	120
-122.5	44.6340853721	120
-122.069174275	45	120
-122	45.0850868076	120
-121.636317953	45.5	120
-121.5	45.6690557301	120
-121	45.9495851099	120
-120.722608551	46	120
-120.5	46.05436204	120
-120	46.0745780393	120
-119.5	46.3184579611	120
-119.332977295	46.5	120
-119	46.8422105908	120
-118.822747439	47	120
-118.5	47.3107576072	120
-118.223173961	47.5	120
-118	47.7055305094	120
-117.5	47.9892374277	120
-117.469602138	48	120
-117	48.2347486317	120
> 130 contour -Z130
-117	48.011285007	130
-116.5	48.0750220567	130
-116.279867858	48	130
-116	47.8636392057	130
-115.710282415	47.5	130
-115.559108794	47	130
-115.631418943	46.5	130
-115.956597053	46	130
-116	45.9669473879	130
-116.5	45.5085684955	130
-116.507664382	45.5	130
-117	45.1121471822	130
-117.138180882	45	130
-117.5	44.7257257998	130
-117.834705234	44.5	130
-118	44.3540875316	130
-118.304255784	44	130
-118.5	43.6228800714	130
-118.566051304	43.5	130
-118.866476387	43	130
-119	42.8758120015	130
-119.5	42.5873065889	130
-119.629782349	42.5	130
-120	42.2863006443	130
-120.5	42.0134722292	130
-120.524681419	42	130
-121	41.6953915358	130
-121.5	41.5730229914	130
-122	41.6324360669	130
-122.5	41.8457265943	130
-122.721502632	42	130
-123	42.3201383352	130
-123.109498411	42.5	130
-123.277351707	43	130
-123.263972402	43.5	130
-123.016819544	44	130
-123	44.0242633596	130
-122.542577665	44.5	130
-122.5	44.546027761	130
-122	44.9808601141	130
-121.962848812	45	130
-121.524536181	45.5	130
-121.5	45.53042873	130
-121	45.8178848326	130
-120.5	45.9109144807	130
-120	45.9261886179	130
-119.809096515	46	130
-119.5	46.1594198495	130
-119.186658695	46.5	130
-119	46.6918346435	130
-118.653822809	47	130
-118.5	47.1481084079	130
-118	47.4928714931	130
-117.98560226	47.5	130
-117.5	47.8309644759	130
-117.022575084	48	130
-117	48.011285007	130
> 140 contour -Z140
-117.5	47.6726915538	140
-117	47.8449037075	140
-116.5	47.8581428528	140
-116	47.5476236641	140
-115.962057412	47.5	140
-115.760364667	47	140
-115.842567652	46.5	140
-116	46.266723007	140
-116.135304511	46	140
-116.5	45.6575864851	140
-116.640958607	45.5	140
-117	45.217153877	140
-117.267563745	45	140
-117.5	44.8238034695	140
-117.980134415	44.5	140
-118	44.4824638311	140
-118.414565317	44	140
-118.5	43.8354019374	140
-118.680287391	43.5	140
-119	43.0030893087	140
-119.003230989	43	140
-119.5	42.6995980144	140
-119.796704948	42.5	140
-120	42.3826527521	140
-120.5	42.0638734102	140
-120.617017508	42	140
-121	41.7545652241	140
-121.5	41.6146837473	140
-122	41.6705307364	140
-122.5	41.8878042176	140
-122.661088422	42	140
-123	42.3895856664	140
-123.067219399	42.5	140
-123.240795046	43	140
-123.224773616	43.5	140
-123	43.9446632862	140
-122.970784038	44	140
-122.5	44.480073005	140
-122.469553769	44.5	140
-122	44.923348546	140
-121.851216793	45	140
-121.5	45.4006163776	140
-121.322144806	45.5	140
-121	45.6861845702	140
-120.5	45.7823268771	140
-120	45.8069649935	140
-119.500740119	46	140
-119.5	46.0003817245	140
-119.040340096	46.5	140
-119	46.5414587036	140
-118.5	46.9911207557	140
-118.486759901	47	140
-118	47.3778946102	140
-117.753378868	47.5	140
-117.5	47.6726915538	140
> 150 contour -Z150
-117.5	47.514418602	150
-117	47.6815584004	150
-116.5	47.6434030831	150
-116.279909104	47.5	150
-116	47.0916826352	150
-115.961620551	47	150
-116	46.7857789248	150
-116.035800815	46.5	150
-116.29401961	46	150
-116.5	45.8066044897	150
-116.774252832	45.5	150
-117	45.3221605867	150
-117.396946602	45	150
-117.5	44.9218811616	150
-118	44.5682907701	150
-118.085512251	44.5	150
-118.5	44.0255640447	150
-118.522462428	44	150
-118.794523507	43.5	150
-119	43.180639863	150
-119.188925177	43	150
-119.5	42.8118894249	150
-119.963627551	42.5	150
-120	42.4790048655	150
-120.5	42.1142745912	150
-120.709353596	42	150
-121	41.8137389272	150
-121.5	41.656344533	150
-122	41.708625406	150
-122.5	41.9298818409	150
-122.600674227	42	150
-123	42.4590330012	150
-123.024940396	42.5	150
-123.204238385	43	150
-123.185574844	43.5	150
-123	43.8671174347	150
-122.929842383	44	150
-122.5	44.4383235276	150
-122.405765235	44.5	150
-122	44.8658369482	150
-121.739584744	45	150
-121.5	45.2732830048	150
-121.094271168	45.5	150
-121	45.5544843115	150
-120.5	45.6537392586	150
-120	45.687741369	150
-119.5	45.8877006471	150
-119.395580828	46	150
-119	46.4195865989	150
-118.922436893	46.5	150
-118.5	46.8918001056	150
-118.338660032	47	150
-118	47.2629176974	150
-117.521155447	47.5	150
-117.5	47.514418602	150
> 160 contour -Z160
-117	47.5182130933	160
-116.874351755	47.5	160
-116.5	47.4222195148	160
-116.15488404	47	160
-116.176526964	46.5	160
-116.452734698	46	160
-116.5	45.9556224868	160
-116.907547064	45.5	160
-117	45.4271672964	160
-117.5	45.0172780156	160
-117.52182731	45	160
-118	44.6473859251	160
-118.184553504	44.5	160
-118.5	44.1389298439	160
-118.622073948	44	160
-118.908759624	43.5	160
-119	43.3581903875	160
-119.37461932	43	160
-119.5	42.9241808504	160
-120	42.5654476881	160
-120.052594393	42.5	160
-120.5	42.164675802	160
-120.801689714	42	160
-121	41.8729126155	160
-121.5	41.6980052888	160
-122	41.7467200458	160
-122.5	41.9719594661	160
-122.540260032	42	160
-122.99416241	42.5	160
-123	42.5410346091	160
-123.167681739	43	160
-123.146376058	43.5	160
-123	43.7895716131	160
-122.888900697	44	160
-122.5	44.3965740502	160
-122.341976672	44.5	160
-122	44.8083253503	160
-121.62795271	45	160
-121.5	45.1459496021	160
-121	45.4075935185	160
-120.625079527	45.5	160
-120.5	45.5251516551	160
-120	45.5685177445	160
-119.5	45.7751311362	160
-119.290910423	46	160
-119	46.3085642755	160
-118.815349877	46.5	160
-118.5	46.7924794555	160
-118.190560177	47	160
-118	47.1479408145	160
-117.5	47.3899982572	160
-117.054635651	47.5	160
-117	47.5182130933	160
> 170 contour -Z170
-118	47.0329639316	170
-117.5	47.2689709961	170
-117	47.3628435433	170
-116.5	47.1880824268	170
-116.346264213	47	170
-116.317253128	46.5	170
-116.5	46.1754799187	170
-116.578980535	46	170
-117	45.5378308296	170
-117.030689687	45.5	170
-117.5	45.1021820605	170
-117.629086614	45	170
-118	44.7264810801	170
-118.283594772	44.5	170
-118.5	44.252295658	170
-118.721685439	44	170
-119	43.5336026549	170
-119.036942571	43.5	170
-119.5	43.057022512	170
-119.535947502	43	170
-120	42.6491296887	170
-120.119842082	42.5	170
-120.5	42.215076983	170
-120.89402581	42	170
-121	41.9320863187	170
-121.5	41.7396660447	170
-122	41.7848147005	170
-122.472117752	42	170
-122.5	42.0048988163	170
-122.979927778	42.5	170
-123	42.641094625	170
-123.131125078	43	170
-123.10717728	43.5	170
-123	43.7120257765	170
-122.847959042	44	170
-122.5	44.3548245728	170
-122.278188139	44.5	170
-122	44.7508137524	170
-121.516320666	45	170
-121.5	45.0186162125	170
-121	45.2499841303	170
-120.5	45.3576080501	170
-120	45.4413329959	170
-119.886246771	45.5	170
-119.5	45.6625615954	170
-119.186240032	46	170
-119	46.1975419819	170
-118.708262846	46.5	170
-118.5	46.6931587905	170
-118.0424603	47	170
-118	47.0329639316	170
> 180 contour -Z180
-117.5	47.1479437351	180
-117	47.2084749192	180
-116.563566297	47	180
-116.5	46.8014334738	180
-116.457979277	46.5	180
-116.5	46.4253800213	180
-116.691456318	46	180
-117	45.6612998247	180
-117.130851954	45.5	180
-117.5	45.1870861351	180
-117.736345947	45	180
-118	44.80557625	180
-118.38263604	44.5	180
-118.5	44.3656614572	180
-118.821296945	44	180
-119	43.700530827	180
-119.220462531	43.5	180
-119.5	43.2325843275	180
-119.646623284	43	180
-120	42.7328117192	180
-120.187089771	42.5	180
-120.5	42.2654781789	180
-120.986361912	42	180
-121	41.9912600154	180
-121.5	41.7813268155	180
-122	41.8229093701	180
-122.388537854	42	180
-122.5	42.0195834935	180
-122.965693146	42.5	180
-123	42.7411546707	180
-123.094568424	43	180
-123.067978501	43.5	180
-123	43.6344799399	180
-122.807017386	44	180
-122.5	44.3130750954	180
-122.214399606	44.5	180
-122	44.6933021694	180
-121.5	44.9502122998	180
-121.203520998	45	180
-121	45.092374742	180
-120.5	45.1805918515	180
-120	45.3033905923	180
-119.618781269	45.5	180
-119.5	45.5499920659	180
-119.081569634	46	180
-119	46.0865196735	180
-118.601175807	46.5	180
-118.5	46.5938381329	180
-118	46.9294363558	180
-117.815751463	47	180
-117.5	47.1479437351	180
> 190 contour -Z190
-117.5	47.0269164443	190
-117	47.0541062802	190
-116.886730708	47	190
-116.600651592	46.5	190
-116.803932115	46	190
-117	45.78476879	190
-117.231014252	45.5	190
-117.5	45.27199018	190
-117.843605265	45	190
-118	44.884671405	190
-118.481677305	44.5	190
-118.5	44.4790272564	190
-118.920908444	44	190
-119	43.8674589843	190
-119.40398246	43.5	190
-119.5	43.4081461504	190
-119.757299066	43	190
-120	42.8164937198	190
-120.25433746	42.5	190
-120.5	42.3158793747	190
-121	42.0221706927	190
-121.083539128	42	190
-121.5	41.8229875863	190
-122	41.8610040247	190
-122.304957956	42	190
-122.5	42.0342681706	190
-122.951458514	42.5	190
-123	42.8412147015	190
-123.058011767	43	190
-123.028779725	43.5	190
-123	43.5569341145	190
-122.76607573	44	190
-122.5	44.2713256478	190
-122.150611073	44.5	190
-122	44.6357905716	190
-121.5	44.8918991685	190
-121	44.9690689445	190
-120.523266032	45	190
-120.5	45.0035756538	190
-120	45.1654481739	190
-119.5	45.4349656403	190
-119.434805483	45.5	190
-119	45.9719082415	190
-118.978167534	46	190
-118.5	46.4943545461	190
-118.491873235	46.5	190
-118	46.8305107057	190
-117.557446908	47	190
-117.5	47.0269164443	190
> 200 contour -Z200
-118	46.7315850258	200
-117.5	46.9051845968	200
-117	46.866489917	200
-116.744152427	46.5	200
-116.916407913	46	200
-117	45.9082377702	200
-117.331176519	45.5	200
-117.5	45.3568942398	200
-117.950864576	45	200
-118	44.96376656	200
-118.5	44.5893659294	200
-118.595108002	44.5	200
-119	44.0280226171	200
-119.038526237	44	200
-119.5	43.5809700787	200
-119.559446961	43.5	200
-119.867974848	43	200
-120	42.9001757279	200
-120.321585134	42.5	200
-120.5	42.3662805706	200
-121	42.0481835008	200
-121.181555301	42	200
-121.5	41.8646483421	200
-122	41.8990986794	200
-122.221378073	42	200
-122.5	42.0489528477	200
-122.937223881	42.5	200
-123	42.9412747324	200
-123.021455113	43	200
-123	43.3441419899	200
-122.994059682	43.5	200
-122.725134075	44	200
-122.5	44.2295761704	200
-122.086822532	44.5	200
-122	44.5782789811	200
-121.5	44.8335860372	200
-121	44.8943383694	200
-120.5	44.8582915664	200
-120.084548935	45	200
-120	45.0275057629	200
-119.5	45.3179764748	200
-119.317528218	45.5	200
-119	45.8446234763	200
-118.879243821	46	200
-118.5	46.3920820653	200
-118.344649911	46.5	200
-118	46.7315850258	200
> 210 contour -Z210
-118	46.6326593459	210
-117.5	46.7832511961	210
-117	46.6609315425	210
-116.887653269	46.5	210
-117	46.1234969795	210
-117.030814201	46	210
-117.431338802	45.5	210
-117.5	45.4417983033	210
-118	45.0516656935	210
-118.082435876	45	210
-118.5	44.6990174651	210
-118.711805046	44.5	210
-119	44.1640548408	210
-119.225546986	44	210
-119.5	43.750789687	210
-119.6841259	43.5	210
-119.978650631	43	210
-120	42.9838577341	210
-120.388832815	42.5	210
-120.5	42.4166817591	210
-121	42.0741963089	210
-121.279571459	42	210
-121.5	41.9063091129	210
-122	41.9371933416	210
-122.137798175	42	210
-122.5	42.0636375248	210
-122.922989249	42.5	210
-122.993736863	43	210
-122.97171092	43.5	210
-122.684192419	44	210
-122.5	44.1878266931	210
-122.023033993	44.5	210
-122	44.5207673926	210
-121.5	44.7752729058	210
-121	44.8196077943	210
-120.5	44.7136616707	210
-120	44.8150185645	210
-119.841062486	45	210
-119.5	45.2009873092	210
-119.200250924	45.5	210
-119	45.717338711	210
-118.780320138	46	210
-118.5	46.2898095846	210
-118.197426558	46.5	210
-118	46.6326593459	210
> 220 contour -Z220
-118	46.5337336957	220
-117.5	46.6613178104	220
-117.070482612	46.5	220
-117.1508075	46	220
-117.5	45.5487658083	220
-117.539147168	45.5	220
-118	45.1470073164	220
-118.234559476	45	220
-118.5	44.808668986	220
-118.828502059	44.5	220
-119	44.3000870496	220
-119.412567742	44	220
-119.5	43.9206092805	220
-119.808804795	43.5	220
-120	43.1724129915	220
-120.033866227	43	220
-120.4560805	42.5	220
-120.5	42.4670829512	220
-121	42.1002091169	220
-121.377587624	42	220
-121.5	41.9479698762	220
-122	41.9752879981	220
-122.054218274	42	220
-122.5	42.0783221722	220
-122.908754617	42.5	220
-122.978575468	43	220
-122.949362159	43.5	220
-122.643250763	44	220
-122.5	44.1460772157	220
-122	44.4804717898	220
-121.926723152	44.5	220
-121.5	44.7169597745	220
-121	44.7448772043	220
-120.5	44.569031775	220
-120	44.5839649439	220
-119.642539427	45	220
-119.5	45.0839981362	220
-119.082973644	45.5	220
-119	45.5900539383	220
-118.68139644	46	220
-118.5	46.1875371039	220
-118.050203215	46.5	220
-118	46.5337336957	220
> 230 contour -Z230
-117.5	46.5393844247	230
-117.395136826	46.5	230
-117.270800814	46	230
-117.5	45.7038237751	230
-117.663621277	45.5	230
-118	45.2423489392	230
-118.386683054	45	230
-118.5	44.9183205217	230
-118.945199087	44.5	230
-119	44.4361192808	230
-119.5	44.1518131793	230
-119.828677565	44.5	230
-119.5	44.906206131	230
-119.423043162	45	230
-119	45.4206326902	230
-118.956204653	45.5	230
-118.582472742	46	230
-118.5	46.0852646232	230
-118	46.4153826833	230
-117.664460197	46.5	230
-117.5	46.5393844247	230
> 230 contour -Z230
-121.5	44.6586466432	230
-121	44.6701466292	230
-120.593356013	44.5	230
-120.5	44.4595558345	230
-120	44.1322358102	230
-119.849684671	44	230
-119.933483712	43.5	230
-120	43.3860333785	230
-120.075826615	43	230
-120.5	42.5165888667	230
-120.51178655	42.5	230
-121	42.1262219548	230
-121.475603793	42	230
-121.5	41.9896306423	230
-121.707347453	42	230
-122	42.0042720437	230
-122.5	42.0930068493	230
-122.894519985	42.5	230
-122.963414073	43	230
-122.927013397	43.5	230
-122.6023091	44	230
-122.5	44.1043277457	230
-122	44.4499064386	230
-121.81203112	44.5	230
-121.5	44.6586466432	230
> 240 contour -Z240
-118	46.2869800329	240
-117.5	46.2867178023	240
-117.390794121	46	240
-117.5	45.8588817567	240
-117.788095415	45.5	240
-118	45.3376905471	240
-118.5	45.0554082692	240
-118.658387989	45	240
-119	44.7454192638	240
-119.150147289	45	240
-119	45.1492917538	240
-118.806477159	45.5	240
-118.5	45.9624300599	240
-118.465373039	46	240
-118	46.2869800329	240
> 240 contour -Z240
-121.5	44.6003335416	240
-121	44.5954160467	240
-120.77195926	44.5	240
-120.5	44.3821804225	240
-120.067517132	44	240
-120.021560848	43.5	240
-120.117787004	43	240
-120.5	42.5644091964	240
-120.545763403	42.5	240
-121	42.1522347629	240
-121.5	42.0118025541	240
-122	42.0164327025	240
-122.5	42.1076915264	240
-122.880285323	42.5	240
-122.948252678	43	240
-122.904664636	43.5	240
-122.561367445	44	240
-122.5	44.0625782758	240
-122	44.4193411171	240
-121.697339073	44.5	240
-121.5	44.6003335416	240
> 240 contour -Z240
-119.5	44.5736046135	240
-119.352800459	44.5	240
-119.5	44.4369084835	240
-119.559556436	44.5	240
-119.5	44.5736046135	240
> 250 contour -Z250
-118	46.1585773528	250
-117.533927143	46	250
-117.912569538	45.5	250
-118	45.4330321699	250
-118.5	45.2726107985	250
-118.656749636	45.5	250
-118.5	45.7365127355	250
-118.257152498	46	250
-118	46.1585773528	250
> 250 contour -Z250
-121.5	44.5420204103	250
-121	44.520685466	250
-120.950562522	44.5	250
-120.5	44.3048050106	250
-120.155076683	44	250
-120.067779273	43.5	250
-120.159747422	43	250
-120.5	42.6122295558	250
-120.579740256	42.5	250
-121	42.178247571	250
-121.5	42.0275163054	250
-122	42.0285933614	250
-122.5	42.1223762035	250
-122.86605069	42.5	250
-122.933091283	43	250
-122.882315844	43.5	250
-122.520425787	44	250
-122.5	44.0208288059	250
-122	44.3887757957	250
-121.582647018	44.5	250
-121.5	44.5420204103	250
> 260 contour -Z260
-118	46.0301747024	260
-117.911313884	46	260
-118	45.7793843746	260
-118.048931956	46	260
-118	46.0301747024	260
> 260 contour -Z260
-118.5	45.5105953813	260
-118.431931332	45.5	260
-118.5	45.4898133287	260
-118.507022133	45.5	260
-118.5	45.5105953813	260
> 260 contour -Z260
-122	44.3582104445	260
-121.5	44.4918409288	260
-121	44.4728012085	260
-120.5	44.2274295986	260
-120.242636204	44	260
-120.113997698	43.5	260
-120.20170781	43	260
-120.5	42.6600499153	260
-120.613717109	42.5	260
-121	42.2042603791	260
-121.5	42.043230027	260
-122	42.0407540202	260
-122.5	42.1370608807	260
-122.851816058	42.5	260
-122.917929888	43	260
-122.859967083	43.5	260
-122.5	43.9849137962	260
-122.479497731	44	260
-122	44.3582104445	260
> 270 contour -Z270
-122	44.327645123	270
-121.5	44.4626389146	270
-121	44.4351922274	270
-120.5	44.1500541866	270
-120.330195755	44	270
-120.160216093	43.5	270
-120.243668199	43	270
-120.5	42.7078702748	270
-120.647693962	42.5	270
-121	42.2302731872	270
-121.5	42.0589437783	270
-122	42.0529146791	270
-122.5	42.1517455578	270
-122.837581426	42.5	270
-122.902768493	43	270
-122.837618321	43.5	270
-122.5	43.9548076391	270
-122.438583195	44	270
-122	44.327645123	270
> 280 contour -Z280
-122	44.2970797867	280
-121.5	44.4334369004	280
-121	44.3975832462	280
-120.5	44.0726787671	280
-120.417755283	44	280
-120.206434518	43.5	280
-120.285628587	43	280
-120.5	42.7556906343	280
-120.681670845	42.5	280
-121	42.2562859803	280
-121.5	42.0746574998	280
-122	42.0650753379	280
-122.5	42.1664302349	280
-122.823346794	42.5	280
-122.887607098	43	280
-122.81526956	43.5	280
-122.5	43.9247014821	280
-122.397668689	44	280
-122	44.2970797867	280
> 290 contour -Z290
-122	44.2665144503	290
-121.5	44.4042348564	290
-121	44.3599742949	290
-120.503150851	44	290
-120.5	43.994392544	290
-120.252652928	43.5	290
-120.32758899	43	290
-120.5	42.8035109937	290
-120.715647697	42.5	290
-121	42.2822987884	290
-121.5	42.0903712213	290
-122	42.0772359967	290
-122.5	42.181114912	290
-122.809112161	42.5	290
-122.872445703	43	290
-122.792920798	43.5	290
-122.5	43.894595325	290
-122.356754184	44	290
-122	44.2665144503	290
> 300 contour -Z300
-122	44.2359491289	300
-121.5	44.3750328422	300
-121	44.3223653138	300
-120.555060089	44	300
-120.5	43.90201208	300
-120.298871338	43.5	300
-120.369549379	43	300
-120.5	42.8513313532	300
-120.74962455	42.5	300
-121	42.3083115965	300
-121.5	42.1060849726	300
-122	42.0893966258	300
-122.5	42.1957995892	300
-122.794877529	42.5	300
-122.857284307	43	300
-122.770572037	43.5	300
-122.5	43.8644891679	300
-122.315839648	44	300
-122	44.2359491289	300
> 310 contour -Z310
-122	44.2053837776	310
-121.5	44.345830828	310
-121	44.2847563326	310
-120.606969327	44	310
-120.5	43.8096316159	310
-120.345089749	43.5	310
-120.411509775	43	310
-120.5	42.8991517052	310
-120.783601403	42.5	310
-121	42.3343244195	310
-121.5	42.1217986941	310
-122	42.1015572846	310
-122.5	42.2104842663	310
-122.780642897	42.5	310
-122.842122912	43	310
-122.74822326	43.5	310
-122.5	43.8343830109	310
-122.274925143	44	310
-122	44.2053837776	310
> 320 contour -Z320
-122	44.1748184562	320
-121.5	44.3166287839	320
-121	44.2471473664	320
-120.658878535	44	320
-120.5	43.7172511369	320
-120.391308166	43.5	320
-120.453470163	43	320
-120.5	42.9469720572	320
-120.817578256	42.5	320
-121	42.3603372276	320
-121.5	42.1375124454	320
-122	42.1137179434	320
-122.5	42.2251689434	320
-122.766408265	42.5	320
-122.826961517	43	320
-122.725874498	43.5	320
-122.5	43.8042768836	320
-122.234010622	44	320
-122	44.1748184562	320
> 330 contour -Z330
-122	44.1442531049	330
-121.5	44.2874267697	330
-121	44.2095383853	330
-120.710787773	44	330
-120.5	43.6248706654	330
-120.43752658	43.5	330
-120.495430558	43	330
-120.5	42.9947924144	330
-120.851555109	42.5	330
-121	42.3863500282	330
-121.5	42.153226167	330
-122	42.1258786023	330
-122.5	42.2398536205	330
-122.752173632	42.5	330
-122.811800122	43	330
-122.703525722	43.5	330
-122.5	43.7741707265	330
-122.193096101	44	330
-122	44.1442531049	330
> 340 contour -Z340
-122	44.1136877835	340
-121.5	44.2582247555	340
-121	44.171929419	340
-120.762696996	44	340
-120.5	43.5324901976	340
-120.483744992	43.5	340
-120.5	43.3585051596	340
-120.523625344	43	340
-120.885531962	42.5	340
-121	42.4123628363	340
-121.5	42.1689398885	340
-122	42.1380392611	340
-122.5	42.2545382977	340
-122.737939	42.5	340
-122.796638727	43	340
-122.68117696	43.5	340
-122.5	43.7440645546	340
-122.152181581	44	340
-122	44.1136877835	340
> 350 contour -Z350
-122	44.083122462	350
-121.5	44.2290227264	350
-121	44.1343204379	350
-120.81460622	44	350
-120.519705653	43.5	350
-120.550137877	43	350
-120.919508822	42.5	350
-121	42.4383756481	350
-121.5	42.1846536398	350
-122	42.1501999199	350
-122.5	42.2692229748	350
-122.723704368	42.5	350
-122.781477332	43	350
-122.658828199	43.5	350
-122.5	43.7139583975	350
-122.11126706	44	350
-122	44.083122462	350
> 360 contour -Z360
-122	44.0525571108	360
-121.5	44.1998206973	360
-121	44.0967114642	360
-120.866515443	44	360
-120.550101519	43.5	360
-120.576650411	43	360
-120.953485675	42.5	360
-121	42.4643884562	360
-121.5	42.2003673613	360
-122	42.1623605788	360
-122.5	42.2839076519	360
-122.709469736	42.5	360
-122.766315937	43	360
-122.636479422	43.5	360
-122.5	43.6838522553	360
-122.070352547	44	360
-122	44.0525571108	360
> 370 contour -Z370
-122	44.0219917893	370
-121.5	44.1706186682	370
-121	44.0591024905	370
-120.918424673	44	370
-120.580497414	43.5	370
-120.603162974	43	370
-120.987462532	42.5	370
-121	42.4904012671	370
-121.5	42.2160811126	370
-122	42.1745212376	370
-122.5	42.298592329	370
-122.695235103	42.5	370
-122.751154542	43	370
-122.614130661	43.5	370
-122.5	43.6537460983	370
-122.029438026	44	370
-122	44.0219917893	370
> 380 contour -Z380
-121.5	44.1414166391	380
-121	44.021493515	380
-120.970333897	44	380
-120.610893279	43.5	380
-120.629675508	43	380
-121	42.5216112137	380
-121.017825663	42.5	380
-121.5	42.2317948341	380
-122	42.1866818964	380
-122.5	42.3132770061	380
-122.681000471	42.5	380
-122.735993147	43	380
-122.591781899	43.5	380
-122.5	43.6236399412	380
-122	43.9929496944	380
-121.9726246	44	380
-121.5	44.1414166391	380
> 390 contour -Z390
-121.5	44.1122146249	390
-121.05016157	44	390
-121	43.9824813008	390
-120.641289145	43.5	390
-120.656188041	43	390
-121	42.5558603704	390
-121.046075523	42.5	390
-121.5	42.2475085855	390
-122	42.1988425553	390
-122.5	42.3279616833	390
-122.666765839	42.5	390
-122.720831767	43	390
-122.56943313	43.5	390
-122.5	43.5935337842	390
-122	43.9678148329	390
-121.875029325	44	390
-121.5	44.1122146249	390
> 400 contour -Z400
-121.5	44.0830126107	400
-121.167224675	44	400
-121	43.9415975511	400
-120.67168504	43.5	400
-120.682700574	43	400
-121	42.5901094973	400
-121.074325383	42.5	400
-121.5	42.263222307	400
-122	42.2110032141	400
-122.5	42.3426463604	400
-122.652531207	42.5	400
-122.705670372	43	400
-122.547084365	43.5	400
-122.5	43.5634276271	400
-122	43.9426800013	400
-121.777434081	44	400
-121.5	44.0830126107	400
> 410 contour -Z410
-121.5	44.0538105667	410
-121.284287795	44	410
-121	43.9007138312	410
-120.702080905	43.5	410
-120.709213108	43	410
-121	42.624358654	410
-121.102575243	42.5	410
-121.5	42.2789360434	410
-122	42.223163873	410
-122.5	42.3573310375	410
-122.638296574	42.5	410
-122.690508977	43	410
-122.5247356	43.5	410
-122.5	43.5333214737	410
-122	43.9175451398	410
-121.679838806	44	410
-121.5	44.0538105667	410
> 420 contour -Z420
-121.5	44.0246085525	420
-121.401350901	44	420
-121	43.8598300815	420
-120.732476771	43.5	420
-120.735725641	43	420
-121	42.6586078107	420
-121.130825102	42.5	420
-121.5	42.2946497798	420
-122	42.2353245318	420
-122.5	42.3720157146	420
-122.624061935	42.5	420
-122.675347582	43	420
-122.502386833	43.5	420
-122.5	43.5032153169	420
-122	43.8924103081	420
-121.582243547	44	420
-121.5	44.0246085525	420
> 430 contour -Z430
-122	43.8672754467	430
-121.5	43.995865345	430
-121	43.8189463317	430
-120.762872651	43.5	430
-120.762238175	43	430
-121	42.6928569674	430
-121.159074962	42.5	430
-121.5	42.3103635013	430
-122	42.2474851906	430
-122.5	42.3867003843	430
-122.609827302	42.5	430
-122.660186186	43	430
-122.5	43.4610248804	430
-122.471197098	43.5	430
-122	43.8672754467	430
> 440 contour -Z440
-122	43.8421406001	440
-121.5	43.9695801139	440
-121	43.778062582	440
-120.793268532	43.5	440
-120.788750723	43	440
-121	42.7271061242	440
-121.187324852	42.5	440
-121.5	42.3260772377	440
-122	42.2596458346	440
-122.5	42.4013850614	440
-122.59559267	42.5	440
-122.645024791	43	440
-122.5	43.4173895419	440
-122.4389503	43.5	440
-122	43.8421406001	440
> 450 contour -Z450
-122	43.8170057535	450
-121.5	43.9432949126	450
-121	43.7371788472	450
-120.823664412	43.5	450
-120.815263256	43	450
-121	42.7613552809	450
-121.215574712	42.5	450
-121.5	42.3417909741	450
-122	42.2718064934	450
-122.5	42.4160697386	450
-122.581358038	42.5	450
-122.629863396	43	450
-122.5	43.3737541735	450
-122.406703472	43.5	450
-122	43.8170057535	450
> 460 contour -Z460
-122	43.7918709069	460
-121.5	43.9170097113	460
-121	43.6962951124	460
-120.854060277	43.5	460
-120.84177579	43	460
-121	42.7956044227	460
-121.243824571	42.5	460
-121.5	42.3575047106	460
-122	42.2839671522	460
-122.5	42.4307544082	460
-122.567123406	42.5	460
-122.614702001	43	460
-122.5	43.330118835	460
-122.374456644	43.5	460
-122	43.7918709069	460
> 470 contour -Z470
-122	43.7667360604	470
-121.5	43.8907244802	470
-121	43.6554113626	470
-120.884456158	43.5	470
-120.868288323	43	470
-121	42.8298535794	470
-121.272074431	42.5	470
-121.5	42.373218447	470
-122	42.2961278111	470
-122.5	42.4454390891	470
-122.552888773	42.5	470
-122.599540606	43	470
-122.5	43.2864834964	470
-122.342209816	43.5	470
-122	43.7667360604	470
> 480 contour -Z480
-122	43.7416011989	480
-121.5	43.8644392788	480
-121	43.6145276278	480
-120.914852031	43.5	480
-120.894800864	43	480
-121	42.8641027361	480
-121.300324291	42.5	480
-121.5	42.3889321759	480
-122	42.3082884699	480
-122.5	42.4601237625	480
-122.538654141	42.5	480
-122.584379211	43	480
-122.5	43.2428481281	480
-122.309962988	43.5	480
-122	43.7416011989	480
> 490 contour -Z490
-122	43.7164663672	490
-121.5	43.8381540477	490
-121	43.5736438856	490
-120.945247907	43.5	490
-120.921313398	43	490
-121	42.8983518854	490
-121.328574151	42.5	490
-121.5	42.4046459123	490
-122	42.3204491287	490
-122.5	42.4748084396	490
-122.524419509	42.5	490
-122.569217816	43	490
-122.5	43.1992127895	490
-122.27771616	43.5	490
-122	43.7164663672	490
> 500 contour -Z500
-122	43.6913315058	500
-121.5	43.8118688464	500
-121	43.5327601433	500
-120.975643784	43.5	500
-120.947825935	43	500
-121	42.9326010346	500
-121.356824026	42.5	500
-121.5	42.4203596413	500
-122	42.3326097876	500
-122.5	42.4894931158	500
-122.510184878	42.5	500
-122.554056421	43	500
-122.5	43.1555774361	500
-122.245469332	43.5	500
-122	43.6913315058	500
> 510 contour -Z510
-122	43.6661966741	510
-121.5	43.7855836153	510
-121.008979976	43.5	510
-121	43.4148381352	510
-120.974338474	43	510
-121	42.9668501914	510
-121.385073885	42.5	510
-121.5	42.4360733777	510
-122	42.3447704464	510
-122.489099115	42.5	510
-122.5	42.549914062	510
-122.53889503	43	510
-122.5	43.1119420901	510
-122.213222504	43.5	510
-122	43.6661966741	510
> 520 contour -Z520
-122	43.6410618126	520
-121.5	43.759298414	520
-121.054173619	43.5	520
-121.000934392	43	520
-121.413323753	42.5	520
-121.5	42.4517871104	520
-122	42.3569311053	520
-122.450783163	42.5	520
-122.5	42.7253588736	520
-122.523733635	43	520
-122.5	43.0683067366	520
-122.180975676	43.5	520
-122	43.6410618126	520
> 530 contour -Z530
-122	43.615926981	530
-121.5	43.7330131978	530
-121.099367291	43.5	530
-121.030044436	43	530
-121.441573612	42.5	530
-121.5	42.4675008431	530
-122	42.3690917641	530
-122.412467241	42.5	530
-122.5	42.9008036554	530
-122.508572239	43	530
-122.5	43.0246713907	530
-122.148728848	43.5	530
-122	43.615926981	530
> 540 contour -Z540
-122	43.5907921195	540
-121.5	43.7067279816	540
-121.144560933	43.5	540
-121.059154481	43	540
-121.469823476	42.5	540
-121.5	42.4832145795	540
-122	42.3812524155	540
-122.374151289	42.5	540
-122.487871706	43	540
-122.116482019	43.5	540
-122	43.5907921195	540
> 550 contour -Z550
-122	43.5656572878	550
-121.5	43.6804427654	550
-121.189754575	43.5	550
-121.088264555	43	550
-121.49807334	42.5	550
-121.5	42.4989283126	550
-122	42.3934130743	550
-122.335835338	42.5	550
-122.459964931	43	550
-122.084235191	43.5	550
-122	43.5656572878	550
> 560 contour -Z560
-122	43.5405224264	560
-121.5	43.6541575491	560
-121.234948218	43.5	560
-121.117374599	43	560
-121.5	42.5330991149	560
-121.553572029	42.5	560
-122	42.4055737257	560
-122.297519416	42.5	560
-122.432058156	43	560
-122.051988363	43.5	560
-122	43.5405224264	560
> 570 contour -Z570
-122	43.5153875649	570
-121.5	43.6278723329	570
-121.280141875	43.5	570
-121.146484643	43	570
-121.5	42.5686208308	570
-121.61106509	42.5	570
-122	42.4177343845	570
-122.259203464	42.5	570
-122.40415141	43	570
-122.019741537	43.5	570
-122	43.5153875649	570
> 580 contour -Z580
-121.5	43.6015871167	580
-121.325335532	43.5	580
-121.175594717	43	580
-121.5	42.6041425467	580
-121.66855818	42.5	580
-122	42.4298950434	580
-122.220887527	42.5	580
-122.376244634	43	580
-122	43.4860202074	580
-121.954404473	43.5	580
-121.5	43.6015871167	580
> 590 contour -Z590
-121.5	43.5753019154	590
-121.37052919	43.5	590
-121.204704762	43	590
-121.5	42.6396642625	590
-121.726051271	42.5	590
-122	42.4420556985	590
-122.182571575	42.5	590
-122.348337889	43	590
-122	43.449971199	590
-121.836829334	43.5	590
-121.5	43.5753019154	590
> 600 contour -Z600
-121.5	43.5490166843	600
-121.415722832	43.5	600
-121.233814806	43	600
-121.5	42.6751859784	600
-121.783544362	42.5	600
-122	42.4542163573	600
-122.144255638	42.5	600
-122.320431113	43	600
-122	43.4139221609	600
-121.719254225	43.5	600
-121.5	43.5490166843	600
> 610 contour -Z610
-121.5	43.522731483	610
-121.460916486	43.5	610
-121.262924865	43	610
-121.5	42.7107076943	610
-121.841037437	42.5	610
-122	42.4663770162	610
-122.105939694	42.5	610
-122.292524338	43	610
-122	43.3778731525	610
-121.601679094	43.5	610
-121.5	43.522731483	610
> 620 contour -Z620
-122	43.3418241292	620
-121.5	43.4907134473	620
-121.292034924	43	620
-121.5	42.7462293804	620
-121.898530528	42.5	620
-122	42.4785376713	620
-122.067623757	42.5	620
-122.264617592	43	620
-122	43.3418241292	620
> 630 contour -Z630
-122	43.305775106	630
-121.5	43.4220255017	630
-121.321144983	43	630
-121.5	42.7817511111	630
-121.956023615	42.5	630
-122	42.4906983292	630
-122.029307812	42.5	630
-122.236710817	43	630
-122	43.305775106	630
> 640 contour -Z640
-122	43.2697260827	640
-121.5	43.3533375561	640
-121.350255027	43	640
-121.5	42.817272827	640
-122	42.5152320862	640
-122.208804056	43	640
-122	43.2697260827	640
> 650 contour -Z650
-122	43.2336770594	650
-121.5	43.2846496105	650
-121.379365087	43	650
-121.5	42.8527945429	650
-122	42.5800215602	650
-122.180897295	43	650
-122	43.2336770594	650
> 660 contour -Z660
-122	43.1976280212	660
-121.5	43.21596165	660
-121.408475138	43	660
-121.5	42.8883162513	660
-122	42.6448110342	660
-122.15299052	43	660
-122	43.1976280212	660
> 670 contour -Z670
-122	43.1615790129	670
-121.5	43.1472736895	670
-121.437585194	43	670
-121.5	42.9238379672	670
-122	42.7096005082	670
-122.125083759	43	670
-122	43.1615790129	670
> 680 contour -Z680
-122	43.1255299747	680
-121.5	43.0785857439	680
-121.466695249	43	680
-121.5	42.9593596794	680
-122	42.7743899673	680
-122.097176991	43	680
-122	43.1255299747	680
> 690 contour -Z690
-122	43.0894809663	690
-121.5	43.0098977899	690
-121.495805302	43	690
-121.5	42.9948813957	690
-122	42.8391794413	690
-122.069270231	43	690
-122	43.0894809663	690
> 700 contour -Z700
-122	43.0534319282	700
-121.683033347	43	700
-122	42.9039689079	700
-122.041363467	43	700
-122	43.0534319282	700
> 710 contour -Z710
-122	43.0173829198	710
-121.896881811	43	710
-122	42.9687583782	710
-122.013456701	43	710
-122	43.0173829198	710
