> 10 contour -Z10
-114.5	51.5205816627	10
-114	51.5100574279	10
-113.914980039	51.5	10
-113.5	51.4528302252	10
-113	51.3261554837	10
-112.5	51.123784937	10
-112.209396183	51	10
-112	50.9333332777	10
-111.5	50.7495211065	10
-111	50.5083378926	10
-110.984879161	50.5	10
-110.5	50.0923730284	10
-110.408710063	50	10
-110.215817779	49.5	10
-110.31660901	49	10
-110.5	48.6912622154	10
-110.590783417	48.5	10
-110.995714918	48	10
-111	47.9964552138	10
-111.5	47.523981303	10
-111.521853507	47.5	10
-112	47.1021328866	10
-112.115670443	47	10
-112.5	46.6859022677	10
-112.718992233	46.5	10
-113	46.2654305398	10
-113.309040859	46	10
-113.5	45.8380835503	10
-113.896427557	45.5	10
-114	45.4096960723	10
-114.480553923	45	10
-114.5	44.9825119283	10
-115	44.5449281335	10
-115.053773046	44.5	10
-115.5	44.0776239038	10
-115.58667931	44	10
-116	43.6024269164	10
-116.10700652	43.5	10
-116.5	43.143546015	10
-116.649729222	43	10
-117	42.6895290613	10
-117.202540904	42.5	10
-117.5	42.2265888155	10
-117.753772631	42	10
-118	41.7794548124	10
-118.428793684	41.5	10
-118.5	41.4498295486	10
-119	41.1704730988	10
-119.5	41.0353837311	10
-119.757899165	41	10
-120	40.9401898347	10
-120.5	40.8810869977	10
-121	40.8971790746	10
-121.48313719	41	10
-121.5	41.0002952516	10
-122	41.01850155	10
-122.5	41.0648171902	10
-123	41.3773065433	10
-123.120356329	41.5	10
-123.493830144	42	10
-123.5	42.0484738052	10
-123.831505716	42.5	10
-123.88679865	43	10
-123.880070418	43.5	10
-123.768439353	44	10
-123.5	44.4286745191	10
-123.474199891	44.5	10
-123.316811562	45	10
-123.214934409	45.5	10
-123.077691957	46	10
-123	46.2005865276	10
-122.913591743	46.5	10
-122.612213574	47	10
-122.5	47.1443206817	10
-122.206901684	47.5	10
-122	47.7817668915	10
-121.821275204	48	10
-121.5	48.4467155933	10
-121.455623507	48.5	10
-121.029255392	49	10
-121	49.0297444109	10
-120.5	49.4883214533	10
-120.485294104	49.5	10
-120	49.8777647913	10
-119.811377227	50	10
-119.5	50.2053712755	10
-119	50.4755717516	10
-118.946631432	50.5	10
-118.5	50.7191679329	10
-118	50.9123254418	10
-117.707718477	51	10
-117.5	51.0733467191	10
-117	51.1993349344	10
-116.5	51.2977127433	10
-116	51.3750899136	10
-115.5	51.4358155429	10
-115	51.4856623411	10
-114.76900512	51.5	10
-114.5	51.5205816627	10
> 20 contour -Z20
-118	49.5218735635	20
-117.5	49.6759974808	20
-117	49.7980630994	20
-116.5	49.8916084766	20
-116	49.9523311555	20
-115.5	49.9852037728	20
-115	49.9856725931	20
-114.5	49.9683275521	20
-114	49.9207551181	20
-113.5	49.7909618914	20
-113	49.5599014424	20
-112.903378084	49.5	20
-112.5	49.0341363959	20
-112.477367917	49	20
-112.407620169	48.5	20
-112.5	48.2778181583	20
-112.593011916	48	20
-112.919196688	47.5	20
-113	47.4201888442	20
-113.363089234	47	20
-113.5	46.8739670217	20
-113.878589064	46.5	20
-114	46.3884131089	20
-114.418944336	46	20
-114.5	45.9272172898	20
-114.982784977	45.5	20
-115	45.4848382492	20
-115.5	45.0424878299	20
-115.544564694	45	20
-116	44.5967811644	20
-116.096273303	44.5	20
-116.5	44.1088806093	20
-116.597809911	44	20
-117	43.5671080053	20
-117.057498902	43.5	20
-117.5	43.0195502341	20
-117.518311352	43	20
-118	42.5158569813	20
-118.018080741	42.5	20
-118.5	42.0800819993	20
-118.620060146	42	20
-119	41.7532506287	20
-119.5	41.5707205534	20
-119.727863431	41.5	20
-120	41.3962113336	20
-120.5	41.2051717639	20
-121	41.097404927	20
-121.5	41.0689605474	20
-122	41.0880039036	20
-122.5	41.1817735136	20
-122.892411083	41.5	20
-123	41.5265802145	20
-123.459265143	42	20
-123.5	42.3200358301	20
-123.632127777	42.5	20
-123.736783668	43	20
-123.707460225	43.5	20
-123.5	43.9203623235	20
-123.487908751	44	20
-123.27342087	44.5	20
-123	44.8781517148	20
-122.896956593	45	20
-122.693864137	45.5	20
-122.5	45.9776088595	20
-122.491910666	46	20
-122.252205104	46.5	20
-122	46.8286598921	20
-121.858328998	47	20
-121.5	47.3641090691	20
-121.342030555	47.5	20
-121	47.8107138872	20
-120.720225289	48	20
-120.5	48.1930729151	20
-120.013354736	48.5	20
-120	48.51129496	20
-119.5	48.8358508348	20
-119.171903849	49	20
-119	49.1126362085	20
-118.5	49.3460426033	20
-118.050395761	49.5	20
-118	49.5218735635	20
> 30 contour -Z30
-116.5	49.0601852238	30
-116	49.1492376924	30
-115.5	49.1791365594	30
-115	49.1661908925	30
-114.5	49.0736587867	30
-114.317130685	49	30
-114	48.7834793925	30
-113.755547225	48.5	30
-113.681425214	48	30
-113.870650142	47.5	30
-114	47.3203253448	30
-114.191257119	47	30
-114.5	46.6510184705	30
-114.608000487	46.5	30
-115	46.1021138728	30
-115.082981318	46	30
-115.5	45.5958424509	30
-115.582253277	45.5	30
-116	45.0949659646	30
-116.082647115	45	30
-116.5	44.5812954307	30
-116.573657095	44.5	30
-117	44.0438556969	30
-117.039475173	44	30
-117.487236748	43.5	30
-117.5	43.4861421781	30
-117.955336101	43	30
-118	42.9551085196	30
-118.5	42.5123215318	30
-118.518169612	42.5	30
-119	42.147464335	30
-119.310500696	42	30
-119.5	41.9125308171	30
-120	41.6525942385	30
-120.375511274	41.5	30
-120.5	41.4411098845	30
-121	41.2084962726	30
-121.5	41.1376258135	30
-122	41.1575062573	30
-122.5	41.2987298518	30
-122.74819003	41.5	30
-123	41.5622104704	30
-123.424700141	42	30
-123.490650952	42.5	30
-123.5	42.684175998	30
-123.586768679	43	30
-123.534850016	43.5	30
-123.5	43.5706141889	30
-123.434807092	44	30
-123.07264185	44.5	30
-123	44.6004665121	30
-122.662126601	45	30
-122.5	45.2831829488	30
-122.322056174	45.5	30
-122.125878453	46	30
-122	46.2088038623	30
-121.801572233	46.5	30
-121.5	46.8495252728	30
-121.348771065	47	30
-121	47.3094851077	30
-120.727356195	47.5	30
-120.5	47.6680083275	30
-120	47.9382675886	30
-119.846747965	48	30
-119.5	48.1884249598	30
-119	48.3928868473	30
-118.621467993	48.5	30
-118.5	48.5484485216	30
-118	48.7182669342	30
-117.5	48.8553191721	30
-117	48.9591774046	30
-116.755214781	49	30
-116.5	49.0601852238	30
> 40 contour -Z40
-116.5	48.5687270164	40
-116	48.6116776913	40
-115.5	48.5842034221	40
-115.176123768	48.5	40
-115	48.4198610485	40
-114.608373314	48	40
-114.602732748	47.5	40
-114.818832368	47	40
-115	46.7468656301	40
-115.135626465	46.5	40
-115.5	46.0588515401	40
-115.536390394	46	40
-115.972634284	45.5	40
-116	45.473467065	40
-116.412049599	45	40
-116.5	44.9117647484	40
-116.87307626	44.5	40
-117	44.3642042875	40
-117.327825814	44	40
-117.5	43.809525311	40
-117.791609094	43.5	40
-118	43.282114163	40
-118.322046101	43	40
-118.5	42.8382880539	40
-118.998846459	42.5	40
-119	42.4991560012	40
-119.5	42.2232389748	40
-119.755143374	42	40
-120	41.8552695662	40
-120.5	41.5558798909	40
-120.658018887	41.5	40
-121	41.3195876181	40
-121.5	41.2062911093	40
-122	41.2270086408	40
-122.5	41.4156861827	40
-122.603968963	41.5	40
-123	41.597840786	40
-123.390135139	42	40
-123.462933689	42.5	40
-123.489164352	43	40
-123.476871073	43.5	40
-123.381705403	44	40
-123	44.459227711	40
-122.948739797	44.5	40
-122.5	44.9737471342	40
-122.462160826	45	40
-122	45.4943394363	40
-121.987719148	45.5	40
-121.758822232	46	40
-121.5	46.3610029221	40
-121.386264533	46.5	40
-121	46.8845864534	40
-120.858626664	47	40
-120.5	47.2636151612	40
-120.050493576	47.5	40
-120	47.5289013125	40
-119.5	47.750775516	40
-119	47.9198352993	40
-118.696102962	48	40
-118.5	48.0719655231	40
-118	48.2361478955	40
-117.5	48.3617294431	40
-117	48.4649507701	40
-116.793963879	48.5	40
-116.5	48.5687270164	40
> 50 contour -Z50
-117.5	48.0150127709	50
-117	48.1226725131	50
-116.5	48.1734108329	50
-116	48.1387571692	50
-115.600883186	48	50
-115.5	47.9235292673	50
-115.23939091	47.5	50
-115.316332281	47	50
-115.5	46.6467118561	50
-115.556789041	46.5	50
-115.862761065	46	50
-116	45.8443053365	50
-116.239912271	45.5	50
-116.5	45.2104991376	50
-116.664986044	45	50
-117	44.6395253241	50
-117.121683866	44.5	50
-117.5	44.0918185711	50
-117.585534126	44	50
-118	43.5678649247	50
-118.074115306	43.5	50
-118.5	43.1112018824	50
-118.67363888	43	50
-119	42.7564920187	50
-119.5	42.5115734041	50
-119.507867724	42.5	50
-120	42.0278459787	50
-120.0272291	42	50
-120.5	41.6303467155	50
-120.868598372	41.5	50
-121	41.4306789711	50
-121.5	41.2749563903	50
-122	41.2965109944	50
-122.456484437	41.5	50
-122.5	41.5057581663	50
-123	41.6334710717	50
-123.355570138	42	50
-123.435216457	42.5	50
-123.463463068	43	50
-123.447891116	43.5	50
-123.328603745	44	50
-123	44.3953413963	50
-122.868419796	44.5	50
-122.5	44.8889510632	50
-122.339941353	45	50
-122	45.3636102378	50
-121.704095528	45.5	50
-121.5	45.8543082178	50
-121.389663666	46	50
-121	46.4647336304	50
-120.967438638	46.5	50
-120.5	46.8959651887	50
-120.327269524	47	50
-120	47.1893924326	50
-119.5	47.4071810544	50
-119.224276215	47.5	50
-119	47.5903459862	50
-118.5	47.7605113387	50
-118	47.8992567956	50
-117.549610313	48	50
-117.5	48.0150127709	50
> 60 contour -Z60
-118	47.6429780126	60
-117.5	47.7525860667	60
-117	47.810882479	60
-116.5	47.788729161	60
-116	47.5927452073	60
-115.89234712	47.5	60
-115.75712347	47	60
-115.902642347	46.5	60
-116	46.3365273178	60
-116.153266281	46	60
-116.497910184	45.5	60
-116.5	45.4976738479	60
-116.890069291	45	60
-117	44.8817146569	60
-117.332903817	44.5	60
-117.5	44.3197128028	60
-117.797830299	44	60
-118	43.7892115414	60
-118.315848067	43.5	60
-118.5	43.33188425	60
-119	43.0082811415	60
-119.011383176	43	60
-119.5	42.6609073579	60
-119.609386444	42.5	60
-120	42.1252435148	60
-120.122469008	42	60
-120.5	41.70481354	60
-121	41.5094600618	60
-121.070852458	41.5	60
-121.5	41.3436216712	60
-122	41.3660133481	60
-122.300570637	41.5	60
-122.5	41.5263893008	60
-123	41.6691013873	60
-123.321005136	42	60
-123.407499194	42.5	60
-123.437761813	43	60
-123.418911159	43.5	60
-123.275502086	44	60
-123	44.3314550817	60
-122.788099796	44.5	60
-122.5	44.8041550219	60
-122.21772185	45	60
-122	45.2328810394	60
-121.5	45.4840140343	60
-121.445266426	45.5	60
-121.016779803	46	60
-121	46.0200124867	60
-120.556828409	46.5	60
-120.5	46.5481390916	60
-120	46.8852793276	60
-119.762471259	47	60
-119.5	47.1318355054	60
-119	47.3379332125	60
-118.5	47.4835779667	60
-118.435247213	47.5	60
-118	47.6429780126	60
> 70 contour -Z70
-117	47.5161232352	70
-116.91111508	47.5	70
-116.5	47.3671637177	70
-116.190081656	47	70
-116.219095021	46.5	70
-116.417746603	46	70
-116.5	45.8806508258	70
-116.705192387	45.5	70
-117	45.1320802867	70
-117.088295132	45	70
-117.5	44.5402597189	70
-117.534024984	44.5	70
-118	44.0081997812	70
-118.008158535	44	70
-118.5	43.538249135	70
-118.550056815	43.5	70
-119	43.1648246348	70
-119.226566523	43	70
-119.5	42.8102413267	70
-119.710905164	42.5	70
-120	42.2226410508	70
-120.217708915	42	70
-120.5	41.7792803496	70
-121	41.5346198082	70
-121.259289935	41.5	70
-121.5	41.4122869521	70
-122	41.4355157092	70
-122.144656837	41.5	70
-122.5	41.5470204353	70
-123	41.7047317028	70
-123.286440134	42	70
-123.379781932	42.5	70
-123.412060559	43	70
-123.389931202	43.5	70
-123.222400412	44	70
-123	44.2675687373	70
-122.70777981	44.5	70
-122.5	44.7193589509	70
-122.095502347	45	70
-122	45.1021518409	70
-121.5	45.4270027876	70
-121.250068277	45.5	70
-121	45.7864585519	70
-120.736158654	46	70
-120.5	46.24900949	70
-120.172843292	46.5	70
-120	46.6205189675	70
-119.5	46.9000153542	70
-119.248115331	47	70
-119	47.1146392077	70
-118.5	47.2857227623	70
-118	47.4134122431	70
-117.5	47.4946588576	70
-117.350639701	47.5	70
-117	47.5161232352	70
> 80 contour -Z80
-118.5	47.0878675282	80
-118	47.2175565362	80
-117.5	47.2654272914	80
-117	47.1941963583	80
-116.666870326	47	80
-116.523515433	46.5	80
-116.657241315	46	80
-116.91206041	45.5	80
-117	45.3902514577	80
-117.260881513	45	80
-117.5	44.7329825163	80
-117.696902037	44.5	80
-118	44.1801038086	80
-118.179198146	44	80
-118.5	43.6988246441	80
-118.760202587	43.5	80
-119	43.3213681579	80
-119.441749856	43	80
-119.5	42.9595752843	80
-119.812423885	42.5	80
-120	42.3200385869	80
-120.312948823	42	80
-120.5	41.8537471741	80
-121	41.5597795844	80
-121.447727405	41.5	80
-121.5	41.4809522368	80
-121.896739185	41.5	80
-122	41.5010965168	80
-122.5	41.5676515996	80
-123	41.7403619885	80
-123.251875132	42	80
-123.352064669	42.5	80
-123.386359304	43	80
-123.360951245	43.5	80
-123.169298753	44	80
-123	44.2036824077	80
-122.627459824	44.5	80
-122.5	44.6345628947	80
-122	44.9929803908	80
-121.983707011	45	80
-121.5	45.3699915409	80
-121.05487014	45.5	80
-121	45.5628549159	80
-120.5	45.9795382917	80
-120.467528313	46	80
-120	46.3966380954	80
-119.832883447	46.5	80
-119.5	46.7081798464	80
-119	46.9202269316	80
-118.738583982	47	80
-118.5	47.0878675282	80
> 90 contour -Z90
-118	47.0217008591	90
-117.5	47.0361957215	90
-117.35841094	47	90
-117	46.7994279563	90
-116.821933717	46.5	90
-116.885458075	46	90
-117	45.7669484466	90
-117.104110837	45.5	90
-117.433467895	45	90
-117.5	44.9257052988	90
-117.859779105	44.5	90
-118	44.3520078063	90
-118.350237772	44	90
-118.5	43.8594001383	90
-118.970348366	43.5	90
-119	43.4779116623	90
-119.5	43.0560732484	90
-119.529146343	43	90
-119.913942605	42.5	90
-120	42.4174361303	90
-120.40818873	42	90
-120.5	41.9282139912	90
-121	41.5849393606	90
-121.5	41.5111931264	90
-122	41.5162835717	90
-122.5	41.5882827342	90
-123	41.7759923041	90
-123.217310131	42	90
-123.324347407	42.5	90
-123.36065805	43	90
-123.331971258	43.5	90
-123.116197087	44	90
-123	44.1397960782	90
-122.547139827	44.5	90
-122.5	44.5497668348	90
-122	44.9608688056	90
-121.909173578	45	90
-121.5	45.3129802942	90
-121	45.4701721072	90
-120.884858042	45.5	90
-120.5	45.8386178017	90
-120.243894741	46	90
-120	46.2069135606	90
-119.526134897	46.5	90
-119.5	46.5163443349	90
-119	46.7562871277	90
-118.5	46.9109334648	90
-118.083095975	47	90
-118	47.0217008591	90
> 100 contour -Z100
-119	46.5923473537	100
-118.5	46.7507130206	100
-118	46.8337571025	100
-117.5	46.7631624043	100
-117.150597364	46.5	100
-117.109713703	46	100
-117.285204634	45.5	100
-117.5	45.1706375182	100
-117.594057977	45	100
-118	44.5249175727	100
-118.01972881	44.5	100
-118.5	44.0177178085	100
-118.518037915	44	100
-119	43.6026704311	100
-119.076242268	43.5	100
-119.5	43.1329596341	100
-119.569111168	43	100
-120	42.5069645345	100
-120.004512101	42.5	100
-120.5	42.0010739565	100
-120.501158834	42	100
-121	41.610099107	100
-121.5	41.5266832113	100
-122	41.5314706266	100
-122.5	41.6089138985	100
-123	41.8116226047	100
-123.182745144	42	100
-123.296630144	42.5	100
-123.334956795	43	100
-123.302991301	43.5	100
-123.063095421	44	100
-123	44.0759097561	100
-122.5	44.4924774766	100
-122.484994769	44.5	100
-122	44.9287571907	100
-121.834640145	45	100
-121.5	45.2559690475	100
-121	45.4286810756	100
-120.724694058	45.5	100
-120.5	45.6976973414	100
-120.020261163	46	100
-120	46.017189011	100
-119.5	46.3678301871	100
-119.190548718	46.5	100
-119	46.5923473537	100
> 110 contour -Z110
-118.5	46.5904925466	110
-118	46.6467992514	110
-117.537845671	46.5	110
-117.5	46.4615523815	110
-117.329977974	46	110
-117.466298442	45.5	110
-117.5	45.4483227693	110
-117.747122347	45	110
-118	44.7040519714	110
-118.161560714	44.5	110
-118.5	44.1601436138	110
-118.663036913	44	110
-119	43.7222076058	110
-119.165009648	43.5	110
-119.5	43.2098460495	110
-119.609076023	43	110
-120	42.5526934564	110
-120.034138411	42.5	110
-120.5	42.030905813	110
-120.533348352	42	110
-121	41.6352588832	110
-121.5	41.5421732962	110
-122	41.5466576517	110
-122.5	41.629545033	110
-123	41.8472529054	110
-123.148180142	42	110
-123.268912882	42.5	110
-123.30925554	43	110
-123.274011344	43.5	110
-123.009993753	44	110
-123	44.0120234312	110
-122.5	44.474267453	110
-122.448671311	44.5	110
-122	44.8966456056	110
-121.760106713	45	110
-121.5	45.1989578158	110
-121	45.3871900439	110
-120.56453006	45.5	110
-120.5	45.5567768514	110
-120	45.9063227475	110
-119.814808756	46	110
-119.5	46.2233507484	110
-119	46.4381375015	110
-118.781977177	46.5	110
-118.5	46.5904925466	110
> 120 contour -Z120
-119.5	46.0788713098	120
-119	46.2964783907	120
-118.5	46.4274449646	120
-118	46.4413402379	120
-117.561842501	46	120
-117.643752873	45.5	120
-117.90018668	45	120
-118	44.883186385	120
-118.303392619	44.5	120
-118.5	44.3025693893	120
-118.80803588	44	120
-119	43.8417447656	120
-119.253777012	43.5	120
-119.5	43.2867324501	120
-119.649040848	43	120
-120	42.5984223485	120
-120.063764691	42.5	120
-120.5	42.0607376695	120
-120.5655379	42	120
-121	41.6604186594	120
-121.5	41.5576633811	120
-122	41.5618447065	120
-122.5	41.6501761973	120
-123	41.8828832135	120
-123.11361514	42	120
-123.241195619	42.5	120
-123.283554256	43	120
-123.245031387	43.5	120
-123	43.9561994374	120
-122.984301627	44	120
-122.5	44.4560573995	120
-122.412347823	44.5	120
-122	44.8645340204	120
-121.685573295	45	120
-121.5	45.1419465691	120
-121	45.3456990421	120
-120.5	45.4762535393	120
-120.415701956	45.5	120
-120	45.8033128083	120
-119.611167662	46	120
-119.5	46.0788713098	120
> 130 contour -Z130
-119	46.1548192799	130
-118.5	46.2607282996	130
-118	46.1682504863	130
-117.832962871	46	130
-117.820375159	45.5	130
-118	45.1274451613	130
-118.053574115	45	130
-118.445224524	44.5	130
-118.5	44.4449951686	130
-118.953034855	44	130
-119	43.9612819329	130
-119.342544377	43.5	130
-119.5	43.3636188507	130
-119.689005673	43	130
-120	42.6441512704	130
-120.093391001	42.5	130
-120.5	42.0905695558	130
-120.597727418	42	130
-121	41.6855784059	130
-121.5	41.573153466	130
-122	41.5770317316	130
-122.5	41.6708073318	130
-123	41.9185135141	130
-123.079050139	42	130
-123.213478357	42.5	130
-123.257853001	43	130
-123.216051415	43.5	130
-123	43.9022445381	130
-122.964963824	44	130
-122.5	44.4378473759	130
-122.376024336	44.5	130
-122	44.8324224055	130
-121.611039869	45	130
-121.5	45.0849353224	130
-121	45.3042080104	130
-120.5	45.4364838898	130
-120.274522871	45.5	130
-120	45.700302884	130
-119.5	45.9501635134	130
-119.353232056	46	130
-119	46.1548192799	130
> 140 contour -Z140
-119	46.0131601393	140
-118.5	46.0940116495	140
-118.202521622	46	140
-118	45.521202052	140
-117.996997454	45.5	140
-118	45.4937725021	140
-118.207567155	45	140
-118.5	44.6221346557	140
-118.583473861	44.5	140
-119	44.0904142857	140
-119.041007578	44	140
-119.431311749	43.5	140
-119.5	43.4405052513	140
-119.728970498	43	140
-120	42.6898801923	140
-120.123017281	42.5	140
-120.5	42.1204014122	140
-120.629916966	42	140
-121	41.7107381821	140
-121.5	41.5886435807	140
-122	41.5922187865	140
-122.5	41.6914384961	140
-123	41.9541438185	140
-123.044485137	42	140
-123.185761094	42.5	140
-123.232151747	43	140
-123.187071458	43.5	140
-123	43.8482896388	140
-122.94562602	44	140
-122.5	44.4196373522	140
-122.339700848	44.5	140
-122	44.8003108203	140
-121.536506437	45	140
-121.5	45.0279240794	140
-121	45.2627169788	140
-120.5	45.3967142403	140
-120.133343756	45.5	140
-120	45.5972929522	140
-119.5	45.840415746	140
-119.030025883	46	140
-119	46.0131601393	140
> 150 contour -Z150
-119.5	45.7306679487	150
-119	45.8566121757	150
-118.5	45.8673663139	150
-118.224337101	45.5	150
-118.361560181	45	150
-118.5	44.8211158216	150
-118.719469041	44.5	150
-119	44.2241434455	150
-119.101660699	44	150
-119.5	43.5166477263	150
-119.506301165	43.5	150
-119.768935338	43	150
-120	42.7356091142	150
-120.152643561	42.5	150
-120.5	42.1502332985	150
-120.662106484	42	150
-121	41.7358979285	150
-121.5	41.6041336656	150
-122	41.6074058115	150
-122.5	41.7120696306	150
-123	41.989774121	150
-123.009920138	42	150
-123.158043832	42.5	150
-123.206450492	43	150
-123.1580915	43.5	150
-123	43.7943347394	150
-122.926288217	44	150
-122.5	44.4014273286	150
-122.30337736	44.5	150
-122	44.7681992352	150
-121.5	44.989346683	150
-121.456334144	45	150
-121	45.2212259769	150
-120.5	45.3569445908	150
-120	45.4972290397	150
-119.987136871	45.5	150
-119.5	45.7306679487	150
> 160 contour -Z160
-119.5	45.6209201813	160
-119	45.6985393912	160
-118.5	45.5632298142	160
-118.452553857	45.5	160
-118.5	45.1634829938	160
-118.518841773	45	160
-118.855464235	44.5	160
-119	44.3578725904	160
-119.162313789	44	160
-119.5	43.5902453363	160
-119.534157872	43.5	160
-119.808900163	43	160
-120	42.7813380361	160
-120.182269871	42.5	160
-120.5	42.180065155	160
-120.694296002	42	160
-121	41.7610577047	160
-121.5	41.6196237504	160
-122	41.6225928664	160
-122.5	41.7327007651	160
-122.973919272	42	160
-123	42.0658356845	160
-123.130326569	42.5	160
-123.180749238	43	160
-123.129111528	43.5	160
-123	43.740379855	160
-122.906950414	44	160
-122.5	44.3832173049	160
-122.267053872	44.5	160
-122	44.7360876352	160
-121.5	44.9684660137	160
-121.37074849	45	160
-121	45.1797349453	160
-120.5	45.3171749413	160
-120	45.4473009109	160
-119.75536564	45.5	160
-119.5	45.6209201813	160
> 170 contour -Z170
-119.5	45.511172384	170
-119	45.5404665954	170
-118.877874397	45.5	170
-118.705395013	45	170
-118.991459421	44.5	170
-119	44.4916017298	170
-119.222966909	44	170
-119.5	43.6638429463	170
-119.56201458	43.5	170
-119.848864987	43	170
-120	42.827066943	170
-120.211896151	42.5	170
-120.5	42.2098970115	170
-120.72648555	42	170
-121	41.786217466	170
-121.5	41.6351138353	170
-122	41.6377799213	170
-122.5	41.7533319294	170
-122.937340409	42	170
-123	42.158171773	170
-123.102609314	42.5	170
-123.155047968	43	170
-123.100131571	43.5	170
-123	43.6864249557	170
-122.887612611	44	170
-122.5	44.3650072813	170
-122.230730385	44.5	170
-122	44.70397605	170
-121.5	44.9475853443	170
-121.285162836	45	170
-121	45.1382439286	170
-120.5	45.2774052918	170
-120	45.397372812	170
-119.523594433	45.5	170
-119.5	45.511172384	170
> 180 contour -Z180
-121	45.0967529118	180
-120.5	45.2376356274	180
-120	45.3474447131	180
-119.5	45.4094173312	180
-119	45.2188634723	180
-118.891948231	45	180
-119	44.8090211451	180
-119.065174729	44.5	180
-119.283620015	44	180
-119.5	43.7374405265	180
-119.589871287	43.5	180
-119.888829827	43	180
-120	42.8727958649	180
-120.241522461	42.5	180
-120.5	42.2397288978	180
-120.758675084	42	180
-121	41.8113772422	180
-121.5	41.65060395	180
-122	41.6529669464	180
-122.5	41.7739630789	180
-122.900761575	42	180
-123	42.2505078465	180
-123.074892052	42.5	180
-123.129346713	43	180
-123.071151607	43.5	180
-123	43.6324700713	180
-122.868274808	44	180
-122.5	44.3467972279	180
-122.194406912	44.5	180
-122	44.67186445	180
-121.5	44.926704675	180
-121.199577197	45	180
-121	45.0967529118	180
> 190 contour -Z190
-121	45.0552618802	190
-120.5	45.1978659779	190
-120	45.2975166142	190
-119.5	45.3085681796	190
-119.060451001	45	190
-119.134716749	44.5	190
-119.34427312	44	190
-119.5	43.8110381365	190
-119.617727995	43.5	190
-119.928794652	43	190
-120	42.9185247794	190
-120.271148741	42.5	190
-120.5	42.2695607543	190
-120.790864617	42	190
-121	41.8365370035	190
-121.5	41.6660940349	190
-122	41.6681540012	190
-122.5	41.7945942283	190
-122.864182711	42	190
-123	42.3428439349	190
-123.047174789	42.5	190
-123.103645459	43	190
-123.042171646	43.5	190
-123	43.578515172	190
-122.848937035	44	190
-122.5	44.3285872042	190
-122.158083424	44.5	190
-122	44.6397528499	190
-121.5	44.9058240354	190
-121.113991536	45	190
-121	45.0552618802	190
> 200 contour -Z200
-121	45.0137708783	200
-120.5	45.1580963284	200
-120	45.2475885004	200
-119.5	45.2077190131	200
-119.204108536	45	200
-119.20425874	44.5	200
-119.404926233	44	200
-119.5	43.884635739	200
-119.645584702	43.5	200
-119.968759486	43	200
-120	42.9642536975	200
-120.300775036	42.5	200
-120.5	42.2993926257	200
-120.823054135	42	200
-121	41.8616967648	200
-121.5	41.6815841198	200
-122	41.6833410263	200
-122.5	41.8152253628	200
-122.827603847	42	200
-123	42.4351800233	200
-123.019457528	42.5	200
-123.077944197	43	200
-123.013191684	43.5	200
-123	43.5245602783	200
-122.829599231	44	200
-122.5	44.3103771806	200
-122.121759936	44.5	200
-122	44.6076412648	200
-121.5	44.8849433661	200
-121.028405881	45	200
-121	45.0137708783	200
> 210 contour -Z210
-120.5	45.118326664	210
-120	45.1976604015	210
-119.5	45.106869854	210
-119.347766086	45	210
-119.273800761	44.5	210
-119.465579342	44	210
-119.5	43.9582333378	210
-119.67344141	43.5	210
-120	43.0091407001	210
-120.003317565	43	210
-120.330401331	42.5	210
-120.5	42.3292244822	210
-120.855243668	42	210
-121	41.8868565336	210
-121.5	41.6970742047	210
-122	41.6985280812	210
-122.5	41.8358565122	210
-122.791025013	42	210
-122.998333484	42.5	210
-123	42.56392923	210
-123.052242938	43	210
-123	43.3943161964	210
-122.996091604	43.5	210
-122.810261428	44	210
-122.5	44.2921671569	210
-122.085436456	44.5	210
-122	44.5755296648	210
-121.5	44.8640626967	210
-121	44.986251682	210
-120.908313692	45	210
-120.5	45.118326664	210
> 220 contour -Z220
-120.5	45.0785570145	220
-120	45.1477322876	220
-119.5	45.0060206959	220
-119.491423642	45	220
-119.343342766	44.5	220
-119.5	44.0805340111	220
-119.513078004	44	220
-119.701298118	43.5	220
-120	43.0510128736	220
-120.018514901	43	220
-120.360027611	42.5	220
-120.5	42.3590563536	220
-120.887433201	42	220
-121	41.9120162949	220
-121.5	41.7125642896	220
-122	41.7137151062	220
-122.5	41.8564876616	220
-122.754446149	42	220
-122.992741138	42.5	220
-123	42.7784571201	220
-123.02654168	43	220
-123	43.2003297508	220
-122.988917559	43.5	220
-122.790923625	44	220
-122.5	44.2739571333	220
-122.049112968	44.5	220
-122	44.5434180722	220
-121.5	44.8431820273	220
-121	44.9656734169	220
-120.771079242	45	220
-120.5	45.0785570145	220
> 230 contour -Z230
-120.5	45.038787365	230
-120	45.0978041887	230
-119.662165403	45	230
-119.5	44.7856132388	230
-119.412884772	44.5	230
-119.5	44.2667399496	230
-119.543316156	44	230
-119.729154825	43.5	230
-120	43.092885077	230
-120.033712238	43	230
-120.389653906	42.5	230
-120.5	42.388888225	230
-120.919622734	42	230
-121	41.9371760637	230
-121.5	41.7280544043	230
-122	41.7289021611	230
-122.5	41.877118811	230
-122.717867315	42	230
-122.987148792	42.5	230
-123	42.9929850264	230
-123.00084042	43	230
-123	43.0063432772	230
-122.981743544	43.5	230
-122.771585822	44	230
-122.5	44.2557471097	230
-122.012789485	44.5	230
-122	44.5113064796	230
-121.5	44.8223013878	230
-121	44.9450951815	230
-120.633844823	45	230
-120.5	45.038787365	230
> 240 contour -Z240
-120	45.0478760898	240
-119.834626734	45	240
-119.5	44.5576149933	240
-119.482426785	44.5	240
-119.5	44.4529458918	240
-119.573554307	44	240
-119.757011533	43.5	240
-120	43.1347572803	240
-120.048909575	43	240
-120.419280201	42.5	240
-120.5	42.4187200889	240
-120.951812267	42	240
-121	41.9623358287	240
-121.5	41.7435444891	240
-122	41.744089216	240
-122.5	41.8977499604	240
-122.681288451	42	240
-122.981556445	42.5	240
-122.995059133	43	240
-122.974569529	43.5	240
-122.752248019	44	240
-122.5	44.2375370711	240
-122	44.4939600527	240
-121.978522599	44.5	240
-121.5	44.8014207184	240
-121	44.9245169163	240
-120.5	44.9993926883	240
-120.487444371	45	240
-120	45.0478760898	240
> 250 contour -Z250
-121.5	44.7805400491	250
-121	44.9039386809	250
-120.5	44.9748046696	250
-120	44.9979921579	250
-119.534151375	44.5	250
-119.603792459	44	250
-119.78486824	43.5	250
-120	43.1766294539	250
-120.064106911	43	250
-120.448906492	42.5	250
-120.5	42.4485519566	250
-120.984001799	42	250
-121	41.9874955937	250
-121.5	41.759034574	250
-122	41.7592762411	250
-122.5	41.9183811098	250
-122.644709602	42	250
-122.975964099	42.5	250
-122.989951253	43	250
-122.967395514	43.5	250
-122.732910231	44	250
-122.5	44.2193270326	250
-122	44.4846377373	250
-121.945373356	44.5	250
-121.5	44.7805400491	250
> 260 contour -Z260
-121.5	44.7596593946	260
-121	44.8833604455	260
-120.5	44.9502166212	260
-120	44.9491392374	260
-119.579851031	44.5	260
-119.63403061	44	260
-119.812724948	43.5	260
-120	43.2185016572	260
-120.079304248	43	260
-120.478532782	42.5	260
-120.5	42.4783838224	260
-121	42.0046474934	260
-121.016700864	42	260
-121.5	41.7745246738	260
-122	41.7744632959	260
-122.5	41.9390122555	260
-122.60813076	42	260
-122.970371753	42.5	260
-122.984843343	43	260
-122.960221469	43.5	260
-122.713572428	44	260
-122.5	44.2011170089	260
-122	44.4753154218	260
-121.912224114	44.5	260
-121.5	44.7596593946	260
> 270 contour -Z270
-121.5	44.7387787402	270
-121	44.8627821803	270
-120.5	44.9256286025	270
-120	44.9002863169	270
-119.625550687	44.5	270
-119.664268792	44	270
-119.840581656	43.5	270
-120	43.2603738457	270
-120.094501585	43	270
-120.5	42.5051080287	270
-120.50260362	42.5	270
-121	42.0138871372	270
-121.049903363	42	270
-121.5	41.7900147587	270
-122	41.7896503359	270
-122.5	41.9596434012	270
-122.571551904	42	270
-122.964779407	42.5	270
-122.979735434	43	270
-122.953047454	43.5	270
-122.694234639	44	270
-122.5	44.1829069853	270
-122	44.4659931064	270
-121.879074872	44.5	270
-121.5	44.7387787402	270
> 280 contour -Z280
-121.5	44.7178980708	280
-121	44.8422039449	280
-120.5	44.9010405838	280
-120	44.8514333665	280
-119.671250343	44.5	280
-119.694506943	44	280
-119.868438348	43.5	280
-120	43.3022460341	280
-120.109698921	43	280
-120.5	42.523655653	280
-120.512057722	42.5	280
-121	42.023126781	280
-121.083105892	42	280
-121.5	41.8055048585	280
-122	41.8048373759	280
-122.5	41.9802745506	280
-122.534973055	42	280
-122.959187061	42.5	280
-122.974627554	43	280
-122.945873439	43.5	280
-122.674896836	44	280
-122.5	44.1646969467	280
-122	44.4566707611	280
-121.845925629	44.5	280
-121.5	44.7178980708	280
> 290 contour -Z290
-121.5	44.6970174015	290
-121	44.8216256797	290
-120.5	44.8764525652	290
-120	44.802580446	290
-119.716949999	44.5	290
-119.724745095	44	290
-119.896295063	43.5	290
-120	43.3441182226	290
-120.124896258	43	290
-120.5	42.5422033072	290
-120.521511823	42.5	290
-121	42.032366395	290
-121.116308391	42	290
-121.5	41.8209949434	290
-122	41.8200244159	290
-122.49815464	42	290
-122.5	42.0002704561	290
-122.953594714	42.5	290
-122.969519645	43	290
-122.938699394	43.5	290
-122.655559033	44	290
-122.5	44.1464869231	290
-122	44.4473484457	290
-121.812776387	44.5	290
-121.5	44.6970174015	290
> 300 contour -Z300
-121.5	44.6761367321	300
-121	44.8010474443	300
-120.5	44.8518645167	300
-120	44.7537275255	300
-119.762649655	44.5	300
-119.754983261	44	300
-119.924151771	43.5	300
-120	43.385990411	300
-120.140093595	43	300
-120.5	42.5607509613	300
-120.530965924	42.5	300
-121	42.0416060388	300
-121.14951092	42	300
-121.5	41.8364850432	300
-122	41.8352114558	300
-122.456118405	42	300
-122.5	42.0064315796	300
-122.948002368	42.5	300
-122.964411736	43	300
-122.931525379	43.5	300
-122.636221245	44	300
-122.5	44.1282768995	300
-122	44.4380261302	300
-121.779627144	44.5	300
-121.5	44.6761367321	300
> 310 contour -Z310
-121.5	44.6552560925	310
-121	44.7804691792	310
-120.5	44.8272764981	310
-120	44.70487459	310
-119.808349311	44.5	310
-119.785221413	44	310
-119.952008475	43.5	310
-120	43.4278625995	310
-120.155290931	43	310
-120.5	42.5792985857	310
-120.540420026	42.5	310
-121	42.0508456826	310
-121.182713449	42	310
-121.5	41.8519751281	310
-122	41.8503984958	310
-122.41408217	42	310
-122.5	42.0125927329	310
-122.942410022	42.5	310
-122.959303856	43	310
-122.924351364	43.5	310
-122.616883442	44	310
-122.5	44.1100668684	310
-122	44.4287038147	310
-121.746477887	44.5	310
-121.5	44.6552560925	310
> 320 contour -Z320
-121.5	44.6343754232	320
-121	44.7598909438	320
-120.5	44.8026884794	320
-120	44.6560216546	320
-119.854048967	44.5	320
-119.815459579	44	320
-119.979865182	43.5	320
-120	43.4697347935	320
-120.170488268	43	320
-120.5	42.5978462398	320
-120.549874127	42.5	320
-121	42.0600852966	320
-121.215915948	42	320
-121.5	41.8674652129	320
-122	41.8655855507	320
-122.372045934	42	320
-122.5	42.0187538862	320
-122.936817676	42.5	320
-122.954195946	43	320
-122.917177349	43.5	320
-122.597545646	44	320
-122.5	44.0918568373	320
-122	44.4193814695	320
-121.713328645	44.5	320
-121.5	44.6343754232	320
> 330 contour -Z330
-121.5	44.6134947538	330
-121	44.7393126935	330
-120.5	44.778100431	330
-120	44.6071687266	330
-119.899748616	44.5	330
-119.845697731	44	330
-120	43.5257616341	330
-120.003920972	43.5	330
-120.185685605	43	330
-120.5	42.616393894	330
-120.559328228	42.5	330
-121	42.0693249404	330
-121.249118477	42	330
-121.5	41.8829553127	330
-122	41.8807725906	330
-122.330009699	42	330
-122.5	42.0249150097	330
-122.93122533	42.5	330
-122.949088037	43	330
-122.910003304	43.5	330
-122.578207843	44	330
-122.5	44.0736468062	330
-122	44.410059154	330
-121.680179402	44.5	330
-121.5	44.6134947538	330
> 340 contour -Z340
-121.5	44.5926140845	340
-121	44.7187344432	340
-120.5	44.7535124123	340
-120	44.5583157986	340
-119.945448268	44.5	340
-119.87593589	44	340
-120	43.6186967194	340
-120.018065929	43.5	340
-120.200882941	43	340
-120.5	42.6349415183	340
-120.56878233	42.5	340
-121	42.0785645843	340
-121.282320976	42	340
-121.5	41.8984454125	340
-122	41.8959596232	340
-122.287973464	42	340
-122.5	42.0310761631	340
-122.925632983	42.5	340
-122.943980157	43	340
-122.902829289	43.5	340
-122.558870047	44	340
-122.5	44.0554367788	340
-122	44.4007368386	340
-121.64703016	44.5	340
-121.5	44.5926140845	340
> 350 contour -Z350
-121.5	44.5717334449	350
-121	44.6981561929	350
-120.5	44.7289243788	350
-120	44.5094628697	350
-119.991147923	44.5	350
-119.906174049	44	350
-120	43.7116318047	350
-120.032210886	43.5	350
-120.216080278	43	350
-120.5	42.6534891725	350
-120.578236431	42.5	350
-121	42.0878041983	350
-121.31552349	42	350
-121.5	41.9139355049	350
-122	41.9111466631	350
-122.245937228	42	350
-122.5	42.0372372866	350
-122.920040637	42.5	350
-122.938872248	43	350
-122.895655274	43.5	350
-122.539532248	44	350
-122.5	44.0372267477	350
-122	44.3914144933	350
-121.613880925	44.5	350
-121.5	44.5717334449	350
> 360 contour -Z360
-121.5	44.5508527756	360
-121	44.6775779426	360
-120.5	44.7043363601	360
-120.044220984	44.5	360
-120	44.3614224792	360
-119.9364122	44	360
-120	43.80456689	360
-120.046355844	43.5	360
-120.231277615	43	360
-120.5	42.6720368266	360
-120.587690532	42.5	360
-121	42.0970438421	360
-121.348726004	42	360
-121.5	41.9294255897	360
-122	41.9263337106	360
-122.203901008	42	360
-122.5	42.0433984399	360
-122.914448291	42.5	360
-122.933764338	43	360
-122.88848123	43.5	360
-122.52019445	44	360
-122.5	44.0190167204	360
-122	44.3820921779	360
-121.580731682	44.5	360
-121.5	44.5508527756	360
> 370 contour -Z370
-121.5	44.5299721062	370
-121	44.6569997072	370
-120.5	44.6797483265	370
-120.099065393	44.5	370
-120	44.1895538121	370
-119.966650359	44	370
-120	43.8975019753	370
-120.060500801	43.5	370
-120.246474952	43	370
-120.5	42.690584451	370
-120.597144634	42.5	370
-121	42.1062834859	370
-121.381928526	42	370
-121.5	41.9449156821	370
-122	41.9415207505	370
-122.161864772	42	370
-122.5	42.0495595932	370
-122.908855945	42.5	370
-122.928656459	43	370
-122.881307214	43.5	370
-122.500856651	44	370
-122.5	44.0008066918	370
-122	44.3727698624	370
-121.547582436	44.5	370
-121.5	44.5299721062	370
> 380 contour -Z380
-121.5	44.5090914369	380
-121	44.6364214569	380
-120.5	44.6551603079	380
-120.153909802	44.5	380
-120	44.0176851433	380
-119.996888519	44	380
-120	43.9904370569	380
-120.074645758	43.5	380
-120.261672288	43	380
-120.5	42.7091321051	380
-120.606598735	42.5	380
-121	42.1155231297	380
-121.41513104	42	380
-121.5	41.9604057744	380
-122	41.9567077942	380
-122.119828537	42	380
-122.5	42.0557207167	380
-122.903263599	42.5	380
-122.923548549	43	380
-122.874133199	43.5	380
-122.5	43.9910020828	380
-122.488036543	44	380
-122	44.363447547	380
-121.514433193	44.5	380
-121.5	44.5090914369	380
> 390 contour -Z390
-121	44.6158432066	390
-120.5	44.6305722743	390
-120.208754212	44.5	390
-120.016973197	44	390
-120.088790685	43.5	390
-120.276869625	43	390
-120.5	42.7276797295	390
-120.616052836	42.5	390
-121	42.1247627437	390
-121.44833355	42	390
-121.5	41.975895863	390
-122	41.9718948379	390
-122.077792302	42	390
-122.5	42.06188187	390
-122.897671252	42.5	390
-122.91844064	43	390
-122.866959184	43.5	390
-122.5	43.9815871119	390
-122.475518554	44	390
-122	44.3541252017	390
-121.5	44.4952692389	390
-121.454423666	44.5	390
-121	44.6158432066	390
> 400 contour -Z400
-121	44.5952649415	400
-120.5	44.6059842482	400
-120.263598636	44.5	400
-120.035893232	44	400
-120.102935642	43.5	400
-120.292066962	43	400
-120.5	42.7462273836	400
-120.625506938	42.5	400
-121	42.1340023875	400
-121.481536066	42	400
-121.5	41.9913859535	400
-122	41.9870818825	400
-122.03575607	42	400
-122.5	42.0680429935	400
-122.892078906	42.5	400
-122.91333276	43	400
-122.85978514	43.5	400
-122.5	43.9721721113	400
-122.463000566	44	400
-122	44.3448028862	400
-121.5	44.4868902564	400
-121.37370038	44.5	400
-121	44.5952649415	400
> 410 contour -Z410
-121	44.5746867061	410
-120.5	44.5813962147	410
-120.318443045	44.5	410
-120.054813266	44	410
-120.117080599	43.5	410
-120.307264298	43	410
-120.5	42.7647750378	410
-120.634961069	42.5	410
-121	42.1432420313	410
-121.5	42.0019302368	410
-122	42.000558883	410
-122.5	42.0742041469	410
-122.88648656	42.5	410
-122.908224851	43	410
-122.852611125	43.5	410
-122.5	43.9627571106	410
-122.450482547	44	410
-122	44.3354805708	410
-121.5	44.4785112739	410
-121.292977124	44.5	410
-121	44.5746867061	410
> 420 contour -Z420
-121	44.5541084707	420
-120.5	44.5568081886	420
-120.373287454	44.5	420
-120.0737333	44	420
-120.131225556	43.5	420
-120.322461635	43	420
-120.5	42.783322677	420
-120.64441517	42.5	420
-121	42.1524816453	420
-121.5	42.0062786937	420
-122	42.0042997003	420
-122.5	42.0803653002	420
-122.880894214	42.5	420
-122.903116941	43	420
-122.845437109	43.5	420
-122.5	43.9533421397	420
-122.437964559	44	420
-122	44.3261582553	420
-121.5	44.4701322615	420
-121.212253839	44.5	420
-121	44.5541084707	420
> 430 contour -Z430
-121	44.5335302055	430
-120.5	44.5322201625	430
-120.428131863	44.5	430
-120.092653364	44	430
-120.145370513	43.5	430
-120.337658972	43	430
-120.5	42.8018703163	430
-120.653869271	42.5	430
-121	42.1617212892	430
-121.5	42.0106271207	430
-122	42.0080405176	430
-122.5	42.0865264237	430
-122.875301868	42.5	430
-122.898009062	43	430
-122.838263094	43.5	430
-122.5	43.943927139	430
-122.42544657	44	430
-122	44.3168359101	430
-121.5	44.461753279	430
-121.131530553	44.5	430
-121	44.5335302055	430
> 440 contour -Z440
-121	44.5129519701	440
-120.5	44.5076321336	440
-120.482976273	44.5	440
-120.111573398	44	440
-120.15951544	43.5	440
-120.352856308	43	440
-120.5	42.8204179555	440
-120.663323373	42.5	440
-121	42.170960933	440
-121.5	42.0149755478	440
-122	42.0117813349	440
-122.5	42.092687577	440
-122.869709522	42.5	440
-122.892901152	43	440
-122.83108905	43.5	440
-122.5	43.9345121384	440
-122.412928581	44	440
-122	44.3075135946	440
-121.5	44.4533742964	440
-121.050807282	44.5	440
-121	44.5129519701	440
> 450 contour -Z450
-122	44.2981912792	450
-121.5	44.4449953139	450
-121	44.4960246682	450
-120.5	44.4829471707	450
-120.130493432	44	450
-120.173660398	43.5	450
-120.368053645	43	450
-120.5	42.8389656097	450
-120.672777474	42.5	450
-121	42.180200547	450
-121.5	42.0193239748	450
-122	42.0155221522	450
-122.5	42.0988487005	450
-122.864117175	42.5	450
-122.887793243	43	450
-122.823915035	43.5	450
-122.5	43.9250971675	450
-122.400410593	44	450
-122	44.2981912792	450
> 460 contour -Z460
-122	44.2888689488	460
-121.5	44.4366163313	460
-121	44.4852979183	460
-120.5	44.4582185745	460
-120.149413496	44	460
-120.187805355	43.5	460
-120.383250982	43	460
-120.5	42.8575132489	460
-120.682231575	42.5	460
-121	42.1894401908	460
-121.5	42.0236724019	460
-122	42.0192629695	460
-122.5	42.1050098538	460
-122.858524799	42.5	460
-122.882685363	43	460
-122.816741019	43.5	460
-122.5	43.9156821668	460
-122.387892574	44	460
-122	44.2888689488	460
> 470 contour -Z470
-122	44.2795466334	470
-121.5	44.4282373488	470
-121	44.4745711386	470
-120.5	44.4334899485	470
-120.16833353	44	470
-120.201950312	43.5	470
-120.398448318	43	470
-120.5	42.8760608956	470
-120.691685677	42.5	470
-121	42.1986798346	470
-121.5	42.028020829	470
-122	42.0230037868	470
-122.5	42.1111710072	470
-122.852932453	42.5	470
-122.877577454	43	470
-122.809566975	43.5	470
-122.5	43.9062671661	470
-122.375374585	44	470
-122	44.2795466334	470
> 480 contour -Z480
-122	44.270224303	480
-121.5	44.4198583663	480
-121	44.4638443887	480
-120.5	44.4087613523	480
-120.187253565	44	480
-120.216095269	43.5	480
-120.413645655	43	480
-120.5	42.8946085349	480
-120.701139778	42.5	480
-121	42.2079194486	480
-121.5	42.032369256	480
-122	42.0267446041	480
-122.5	42.1173321307	480
-122.847340107	42.5	480
-122.872469544	43	480
-122.80239296	43.5	480
-122.5	43.8968521953	480
-122.362856597	44	480
-122	44.270224303	480
> 490 contour -Z490
-122	44.2609019876	490
-121.5	44.4114793837	490
-121	44.4531176388	490
-120.5	44.3840327561	490
-120.206173599	44	490
-120.230240226	43.5	490
-120.428842992	43	490
-120.5	42.9131561816	490
-120.710593879	42.5	490
-121	42.2171590924	490
-121.5	42.0367176831	490
-122	42.0304854214	490
-122.5	42.123493284	490
-122.841747761	42.5	490
-122.867361665	43	490
-122.795218945	43.5	490
-122.5	43.8874371946	490
-122.350338608	44	490
-122	44.2609019876	490
> 500 contour -Z500
-122	44.2515796572	500
-121.5	44.4031004012	500
-121	44.4423908889	500
-120.5	44.3593041599	500
-120.225093663	44	500
-120.244385153	43.5	500
-120.444040332	43	500
-120.5	42.9317038283	500
-120.720047981	42.5	500
-121	42.2263987362	500
-121.5	42.0410661101	500
-122	42.0342262387	500
-122.5	42.1296544075	500
-122.836155415	42.5	500
-122.862253755	43	500
-122.78804493	43.5	500
-122.5	43.8780221939	500
-122.33782059	44	500
-122	44.2515796572	500
> 510 contour -Z510
-122	44.2422573268	510
-121.5	44.3947214186	510
-121	44.4316641092	510
-120.5	44.3345755637	510
-120.244013697	44	510
-120.25853011	43.5	510
-120.459237669	43	510
-120.5	42.9502514713	510
-120.729502082	42.5	510
-121	42.2356383502	510
-121.5	42.0454145372	510
-122	42.037967056	510
-122.5	42.1358155608	510
-122.830563068	42.5	510
-122.857145846	43	510
-122.780870885	43.5	510
-122.5	43.868607223	510
-122.325302601	44	510
-122	44.2422573268	510
> 520 contour -Z520
-122	44.2329350114	520
-121.5	44.3863424361	520
-121	44.4209373593	520
-120.5	44.3098469377	520
-120.262933731	44	520
-120.272675067	43.5	520
-120.474435007	43	520
-120.5	42.9687991142	520
-120.738956183	42.5	520
-121	42.2448779941	520
-121.5	42.0497629642	520
-122	42.0417078733	520
-122.5	42.1419767141	520
-122.824970722	42.5	520
-122.852037966	43	520
-122.77369687	43.5	520
-122.5	43.8591922224	520
-122.312784612	44	520
-122	44.2329350114	520
> 530 contour -Z530
-122	44.2236126959	530
-121.5	44.3779634535	530
-121	44.4102106094	530
-120.5	44.2851183414	530
-120.28185378	44	530
-120.286820024	43.5	530
-120.489632344	43	530
-120.5	42.9873467572	530
-120.748410285	42.5	530
-121	42.254117623	530
-121.5	42.0541113913	530
-122	42.0454486907	530
-122.5	42.1481378376	530
-122.819378376	42.5	530
-122.846930057	43	530
-122.766522855	43.5	530
-122.5	43.8497772217	530
-122.300266623	44	530
-122	44.2236126959	530
> 540 contour -Z540
-122	44.2142903507	540
-121.5	44.369584471	540
-121	44.3994838297	540
-120.5	44.2603897452	540
-120.300773829	44	540
-120.300964966	43.5	540
-120.5	43.0110431612	540
-120.502061456	43	540
-120.757864371	42.5	540
-121	42.2633572668	540
-121.5	42.0584598184	540
-122	42.049189508	540
-122.5	42.154298991	540
-122.81378603	42.5	540
-122.841822147	43	540
-122.75934881	43.5	540
-122.5	43.8403622508	540
-122.287748635	44	540
-122	44.2142903507	540
> 550 contour -Z550
-122	44.2049680352	550
-121.5	44.3612054884	550
-121	44.3887570798	550
-120.5	44.2356611341	550
-120.319693863	44	550
-120.315109923	43.5	550
-120.5	43.0457921624	550
-120.508548141	43	550
-120.767318472	42.5	550
-121	42.2725968957	550
-121.5	42.0628082454	550
-122	42.0529303253	550
-122.5	42.1604601145	550
-122.808193684	42.5	550
-122.836714268	43	550
-122.752174795	43.5	550
-122.5	43.8309472501	550
-122.275230616	44	550
-122	44.2049680352	550
> 560 contour -Z560
-122	44.1956457198	560
-121.5	44.3528264761	560
-121	44.3780303299	560
-120.5	44.2109325379	560
-120.338613912	44	560
-120.329254881	43.5	560
-120.5	43.0805411935	560
-120.515034825	43	560
-120.776772574	42.5	560
-121	42.2818365246	560
-121.5	42.0671566725	560
-122	42.0566711426	560
-122.5	42.1666212678	560
-122.802601337	42.5	560
-122.831606358	43	560
-122.74500078	43.5	560
-122.5	43.8215322495	560
-122.262712628	44	560
-122	44.1956457198	560
> 570 contour -Z570
-122	44.1863234043	570
-121.5	44.3444474936	570
-121	44.3673035502	570
-120.5	44.1862039268	570
-120.357533947	44	570
-120.343399823	43.5	570
-120.5	43.1152901947	570
-120.521521509	43	570
-120.78622669	42.5	570
-121	42.2910761684	570
-121.5	42.0715050995	570
-122	42.0604119599	570
-122.5	42.1727824211	570
-122.797008991	42.5	570
-122.826498449	43	570
-122.73782675	43.5	570
-122.5	43.8121172786	570
-122.250194639	44	570
-122	44.1863234043	570
> 580 contour -Z580
-122	44.1770010591	580
-121.5	44.336068511	580
-121	44.3565768003	580
-120.5	44.1614753306	580
-120.376453996	44	580
-120.35754478	43.5	580
-120.5	43.1500392258	580
-120.528008193	43	580
-120.795680791	42.5	580
-121	42.3003157973	580
-121.5	42.0758535266	580
-122	42.0641527772	580
-122.5	42.1789435446	580
-122.791416645	42.5	580
-122.821390569	43	580
-122.730652735	43.5	580
-122.5	43.8027022779	580
-122.23767665	44	580
-122	44.1770010591	580
> 590 contour -Z590
-122	44.1676787436	590
-121.5	44.3276895285	590
-121	44.3458500504	590
-120.5	44.1367467344	590
-120.395374037	44	590
-120.371689737	43.5	590
-120.5	43.1847882271	590
-120.534494877	43	590
-120.805134892	42.5	590
-121	42.3095554262	590
-121.5	42.0802019536	590
-122	42.0678935945	590
-122.5	42.1851046979	590
-122.785824299	42.5	590
-122.81628266	43	590
-122.723478705	43.5	590
-122.5	43.7932872772	590
-122.225158647	44	590
-122	44.1676787436	590
> 600 contour -Z600
-122	44.1583564281	600
-121.5	44.3193105459	600
-121	44.3351233006	600
-120.5	44.1120181233	600
-120.414294079	44	600
-120.385834679	43.5	600
-120.5	43.2195372283	600
-120.540981561	43	600
-120.814588994	42.5	600
-121	42.3187950701	600
-121.5	42.0845503807	600
-122	42.0716344118	600
-122.5	42.1912658215	600
-122.780231953	42.5	600
-122.81117475	43	600
-122.71630469	43.5	600
-122.5	43.7838723063	600
-122.212640658	44	600
-122	44.1583564281	600
> 610 contour -Z610
-122	44.1490341127	610
-121.5	44.3109315634	610
-121	44.3243965209	610
-120.5	44.0872895196	610
-120.433214121	44	610
-120.399979636	43.5	610
-120.5	43.2542862594	610
-120.547468245	43	610
-120.824043095	42.5	610
-121	42.328034699	610
-121.5	42.0888988078	610
-122	42.0753752291	610
-122.5	42.1974269748	610
-122.774639606	42.5	610
-122.806066871	43	610
-122.70913066	43.5	610
-122.5	43.7744573057	610
-122.200122654	44	610
-122	44.1490341127	610
> 620 contour -Z620
-122	44.1397117674	620
-121.5	44.3025525808	620
-121	44.313669771	620
-120.5	44.0625609234	620
-120.452134162	44	620
-120.414124586	43.5	620
-120.5	43.2890352756	620
-120.553954929	43	620
-120.833497196	42.5	620
-121	42.3372743279	620
-121.5	42.0932472348	620
-122	42.0791160762	620
-122.5	42.2035880983	620
-122.76904726	42.5	620
-122.800958961	43	620
-122.701956645	43.5	620
-122.5	43.7650423348	620
-122.187604666	44	620
-122	44.1397117674	620
> 630 contour -Z630
-122	44.130389452	630
-121.5	44.2941735983	630
-121	44.3029430211	630
-120.5	44.037832316	630
-120.471054206	44	630
-120.428269535	43.5	630
-120.5	43.3237842768	630
-120.560441613	43	630
-120.842951298	42.5	630
-121	42.3465139717	630
-121.5	42.0975956619	630
-122	42.0828568935	630
-122.5	42.2097492516	630
-122.763454914	42.5	630
-122.795851052	43	630
-122.694782615	43.5	630
-122.5	43.7556273341	630
-122.175086662	44	630
-122	44.130389452	630
> 640 contour -Z640
-122	44.1210671365	640
-121.5	44.2857946157	640
-121	44.2922162414	640
-120.5	44.0131037142	640
-120.489974248	44	640
-120.442414489	43.5	640
-120.5	43.358533293	640
-120.566928297	43	640
-120.852405399	42.5	640
-121	42.3557536006	640
-121.5	42.1019440889	640
-122	42.0865977108	640
-122.5	42.2159104049	640
-122.757862568	42.5	640
-122.790743172	43	640
-122.687608585	43.5	640
-122.5	43.7462123334	640
-122.162568673	44	640
-122	44.1210671365	640
> 650 contour -Z650
-122	44.1117448211	650
-121.5	44.2774156332	650
-121	44.2814894915	650
-120.508799434	44	650
-120.5	43.9336243272	650
-120.456559442	43.5	650
-120.5	43.3932823092	650
-120.573414981	43	650
-120.8618595	42.5	650
-121	42.3649932295	650
-121.5	42.106292516	650
-122	42.0903385282	650
-122.5	42.2220715284	650
-122.752270222	42.5	650
-122.785635263	43	650
-122.68043457	43.5	650
-122.5	43.7367973477	650
-122.150050685	44	650
-122	44.1117448211	650
> 660 contour -Z660
-122	44.1024224758	660
-121.5	44.2690366507	660
-121	44.2707627416	660
-120.527517676	44	660
-120.5	43.7924292088	660
-120.470704392	43.5	660
-120.5	43.4280313253	660
-120.579901665	43	660
-120.871313602	42.5	660
-121	42.3742328733	660
-121.5	42.1106409431	660
-122	42.0940793455	660
-122.5	42.2282326818	660
-122.746677876	42.5	660
-122.780527353	43	660
-122.67326054	43.5	660
-122.5	43.7273823619	660
-122.137532681	44	660
-122	44.1024224758	660
> 670 contour -Z670
-122	44.0931001604	670
-121.5	44.2606576681	670
-121	44.2600359619	670
-120.546235919	44	670
-120.5	43.6512340754	670
-120.484849344	43.5	670
-120.5	43.4627803378	670
-120.58638835	43	670
-120.880767703	42.5	670
-121	42.3834725022	670
-121.5	42.1149893701	670
-122	42.0978201628	670
-122.5	42.2343938053	670
-122.741085529	42.5	670
-122.775419474	43	670
-122.666086525	43.5	670
-122.5	43.7179673761	670
-122.125014693	44	670
-122	44.0931001604	670
> 680 contour -Z680
-122	44.0837778449	680
-121.5	44.2522786856	680
-121	44.249309212	680
-120.564954162	44	680
-120.5	43.5100389523	680
-120.498994296	43.5	680
-120.5	43.4975293502	680
-120.592875034	43	680
-120.890221804	42.5	680
-121	42.3927121386	680
-121.5	42.1193377972	680
-122	42.1015609801	680
-122.5	42.2405549586	680
-122.735493183	42.5	680
-122.770311564	43	680
-122.658912495	43.5	680
-122.5	43.7085523754	680
-122.112496696	44	680
-122	44.0837778449	680
> 690 contour -Z690
-122	44.0744554996	690
-121.5	44.2438996881	690
-121	44.2385824621	690
-120.583672404	44	690
-120.507487208	43.5	690
-120.599361718	43	690
-120.899675906	42.5	690
-121	42.4019517675	690
-121.5	42.1236862242	690
-122	42.1053017974	690
-122.5	42.2467161119	690
-122.729900837	42.5	690
-122.765203685	43	690
-122.65173848	43.5	690
-122.5	43.6991373897	690
-122.0999787	44	690
-122	44.0744554996	690
> 700 contour -Z700
-122	44.0651331842	700
-121.5	44.2355207056	700
-121	44.2278556973	700
-120.602390677	44	700
-120.515547484	43.5	700
-120.605848402	43	700
-120.909130007	42.5	700
-121	42.4111914039	700
-121.5	42.1280346513	700
-122	42.1090426147	700
-122.5	42.2528772354	700
-122.724308476	42.5	700
-122.760095775	43	700
-122.64456445	43.5	700
-122.5	43.6897224039	700
-122.087460704	44	700
-122	44.0651331842	700
> 710 contour -Z710
-122	44.0558108687	710
-121.5	44.227141723	710
-121	44.2171289325	710
-120.621108919	44	710
-120.52360779	43.5	710
-120.612335086	43	710
-120.918584108	42.5	710
-121	42.4204310402	710
-121.5	42.1323830783	710
-122	42.112783432	710
-122.5	42.2590383887	710
-122.71871613	42.5	710
-122.754987866	43	710
-122.637390435	43.5	710
-122.5	43.6803074032	710
-122.074942708	44	710
-122	44.0558108687	710
> 720 contour -Z720
-122	44.0464885533	720
-121.5	44.2187627405	720
-121	44.2064021826	720
-120.639827162	44	720
-120.531668067	43.5	720
-120.61882174	43	720
-120.92803821	42.5	720
-121	42.4296706766	720
-121.5	42.1367315054	720
-122	42.1165242493	720
-122.5	42.2651995271	720
-122.713123783	42.5	720
-122.749879971	43	720
-122.630216405	43.5	720
-122.5	43.6708924174	720
-122.062424712	44	720
-122	44.0464885533	720
> 730 contour -Z730
-122	44.037166208	730
-121.5	44.2103837579	730
-121	44.1956754178	730
-120.658545405	44	730
-120.539728373	43.5	730
-120.625308424	43	730
-120.937492311	42.5	730
-121	42.4389103092	730
-121.5	42.1410799325	730
-122	42.1202650666	730
-122.5	42.2713606656	730
-122.707531437	42.5	730
-122.744772077	43	730
-122.623042382	43.5	730
-122.5	43.6614774317	730
-122.049906719	44	730
-122	44.037166208	730
> 740 contour -Z740
-122	44.0278438926	740
-121.5	44.2020047754	740
-121	44.1849486679	740
-120.677263647	44	740
-120.54778865	43.5	740
-120.631795108	43	740
-120.946946412	42.5	740
-121	42.4481499419	740
-121.5	42.1454283595	740
-122	42.1240058839	740
-122.5	42.277521804	740
-122.701939091	42.5	740
-122.739664167	43	740
-122.61586836	43.5	740
-122.5	43.652062431	740
-122.037388723	44	740
-122	44.0278438926	740
> 750 contour -Z750
-122	44.0185215771	750
-121.5	44.193625778	750
-121	44.1742219031	750
-120.69598192	44	750
-120.555848956	43.5	750
-120.638281792	43	750
-120.956400514	42.5	750
-121	42.4573895745	750
-121.5	42.1497767866	750
-122	42.1277467012	750
-122.5	42.2836829424	750
-122.696346745	42.5	750
-122.734556273	43	750
-122.608694337	43.5	750
-122.5	43.6426474452	750
-122.024870729	44	750
-122	44.0185215771	750
> 760 contour -Z760
-122	44.0091992617	760
-121.5	44.1852467954	760
-121	44.1634951383	760
-120.714700162	44	760
-120.563909233	43.5	760
-120.644768476	43	760
-120.965854615	42.5	760
-121	42.4666292109	760
-121.5	42.1541252136	760
-122	42.1314875185	760
-122.5	42.2898440957	760
-122.690754399	42.5	760
-122.729448378	43	760
-122.601520315	43.5	760
-122.5	43.6332324594	760
-122.012352734	44	760
-122	44.0091992617	760
> 770 contour -Z770
-121.5	44.1768678129	770
-121	44.1527683884	770
-120.733418405	44	770
-120.571969539	43.5	770
-120.651255161	43	770
-120.975308718	42.5	770
-121	42.4758688472	770
-121.5	42.1584736407	770
-122	42.1352283359	770
-122.5	42.2960052341	770
-122.685162053	42.5	770
-122.724340469	43	770
-122.594346285	43.5	770
-122.5	43.6238174662	770
-122	43.9999269545	770
-121.999687493	44	770
-121.5	44.1768678129	770
> 780 contour -Z780
-121.5	44.1684888303	780
-121	44.1420416236	780
-120.752136648	44	780
-120.580029815	43.5	780
-120.657741845	43	780
-120.984762821	42.5	780
-121	42.4851084799	780
-121.5	42.1628220677	780
-122	42.1389691532	780
-122.5	42.3021663725	780
-122.679569706	42.5	780
-122.719232574	43	780
-122.587172262	43.5	780
-122.5	43.614402473	780
-122	43.9943942428	780
-121.976015151	44	780
-121.5	44.1684888303	780
> 790 contour -Z790
-121.5	44.1601098478	790
-121	44.1313148737	790
-120.77085489	44	790
-120.588090122	43.5	790
-120.664228529	43	790
-120.994216923	42.5	790
-121	42.4943481125	790
-121.5	42.1671704948	790
-122	42.1427099705	790
-122.5	42.308327511	790
-122.67397736	42.5	790
-122.71412468	43	790
-122.57999824	43.5	790
-122.5	43.6049874872	790
-122	43.9888615012	790
-121.952342808	44	790
-121.5	44.1601098478	790
> 800 contour -Z800
-121.5	44.1517308652	800
-121	44.1205881089	800
-120.789573148	44	800
-120.596150398	43.5	800
-120.670715213	43	800
-121	42.503795594	800
-121.002557009	42.5	800
-121.5	42.1715189219	800
-122	42.1464507878	800
-122.5	42.3144886494	800
-122.668385014	42.5	800
-122.70901677	43	800
-122.572824217	43.5	800
-122.5	43.595572494	800
-122	43.9833287895	800
-121.928670496	44	800
-121.5	44.1517308652	800
> 810 contour -Z810
-121.5	44.1433518827	810
-121	44.1098613515	810
-120.808291391	44	810
-120.604210705	43.5	810
-120.677201897	43	810
-121	42.5135704577	810
-121.00914216	42.5	810
-121.5	42.1758673489	810
-122	42.1501916051	810
-122.5	42.3206498027	810
-122.662792668	42.5	810
-122.703908876	43	810
-122.565650195	43.5	810
-122.5	43.5861575082	810
-122	43.9777960777	810
-121.904998153	44	810
-121.5	44.1433518827	810
> 820 contour -Z820
-121.5	44.1349729002	820
-121	44.0991345942	820
-120.827009648	44	820
-120.612270981	43.5	820
-120.683688581	43	820
-121	42.5233453512	820
-121.015727282	42.5	820
-121.5	42.180215776	820
-122	42.1539324224	820
-122.5	42.3268109411	820
-122.657200322	42.5	820
-122.698800981	43	820
-122.558476172	43.5	820
-122.5	43.576742515	820
-122	43.9722633362	820
-121.881325811	44	820
-121.5	44.1349729002	820
> 830 contour -Z830
-121.5	44.1265939176	830
-121	44.0884078369	830
-120.845727891	44	830
-120.620331287	43.5	830
-120.690175265	43	830
-121	42.5331202447	830
-121.022312433	42.5	830
-121.5	42.184564203	830
-122	42.1576732397	830
-122.5	42.3329720795	830
-122.651607975	42.5	830
-122.693693072	43	830
-122.55130215	43.5	830
-122.5	43.5673275217	830
-122	43.9667306244	830
-121.857653499	44	830
-121.5	44.1265939176	830
> 840 contour -Z840
-121.5	44.1182149351	840
-121	44.0776810721	840
-120.864446133	44	840
-120.628391564	43.5	840
-120.696661949	43	840
-121	42.5428951383	840
-121.028897583	42.5	840
-121.5	42.1889126301	840
-122	42.161414057	840
-122.5	42.3391332179	840
-122.646015629	42.5	840
-122.688585177	43	840
-122.544128124	43.5	840
-122.5	43.5579125322	840
-122	43.9611978829	840
-121.833981156	44	840
-121.5	44.1182149351	840
> 850 contour -Z850
-121.5	44.1098359525	850
-121	44.0669543147	850
-120.883164383	44	850
-120.63645187	43.5	850
-120.703148633	43	850
-121	42.552670002	850
-121.035482734	42.5	850
-121.5	42.1932610571	850
-122	42.1651548743	850
-122.5	42.3452943563	850
-122.640423283	42.5	850
-122.683477283	43	850
-122.536954101	43.5	850
-122.5	43.5484975427	850
-122	43.9556651711	850
-121.810308814	44	850
-121.5	44.1098359525	850
> 860 contour -Z860
-121.5	44.1014569402	860
-121	44.0562275574	860
-120.901882634	44	860
-120.644512147	43.5	860
-120.709635317	43	860
-121	42.5624448955	860
-121.042067856	42.5	860
-121.5	42.1976094842	860
-122	42.1688956916	860
-122.5	42.3514554948	860
-122.634830922	42.5	860
-122.678369373	43	860
-122.529780079	43.5	860
-122.5	43.5390825532	860
-122	43.9501324594	860
-121.786636502	44	860
-121.5	44.1014569402	860
> 870 contour -Z870
-121.5	44.0930779576	870
-121	44.0455007963	870
-120.920600884	44	870
-120.652572453	43.5	870
-120.716122001	43	870
-121	42.572219789	870
-121.048653007	42.5	870
-121.5	42.2019579113	870
-122	42.1726365089	870
-122.5	42.3576166481	870
-122.629238576	42.5	870
-122.673261479	43	870
-122.522606054	43.5	870
-122.5	43.5296675637	870
-122	43.9445997179	870
-121.762964159	44	870
-121.5	44.0930779576	870
> 880 contour -Z880
-121.5	44.0846989751	880
-121	44.0347740389	880
-120.93931913	44	880
-120.66063273	43.5	880
-120.722608685	43	880
-121	42.5819946527	880
-121.055238158	42.5	880
-121.5	42.2063063383	880
-122	42.1763773263	880
-122.5	42.3637777865	880
-122.623646237	42.5	880
-122.668153584	43	880
-122.515432032	43.5	880
-122.5	43.5202525724	880
-122	43.9390670061	880
-121.739291817	44	880
-121.5	44.0846989751	880
> 890 contour -Z890
-121.5	44.0763199925	890
-121	44.0240472797	890
-120.958037376	44	890
-120.668693036	43.5	890
-120.72909537	43	890
-121	42.5917695463	890
-121.061823308	42.5	890
-121.5	42.2106547654	890
-122	42.1801181436	890
-122.5	42.3699389249	890
-122.618053891	42.5	890
-122.663045689	43	890
-122.508258008	43.5	890
-122.5	43.5108375829	890
-122	43.9335342646	890
-121.71561949	44	890
-121.5	44.0763199925	890
> 900 contour -Z900
-121.5	44.06794101	900
-121	44.0133205215	900
-120.976755625	44	900
-120.676753312	43.5	900
-120.735582054	43	900
-121	42.6015444398	900
-121.06840843	42.5	900
-121.5	42.2150031924	900
-122	42.1838589609	900
-122.5	42.3761000633	900
-122.612461537	42.5	900
-122.65793778	43	900
-122.501083985	43.5	900
-122.5	43.5014225922	900
-122	43.9280015528	900
-121.691947162	44	900
-121.5	44.06794101	900
> 910 contour -Z910
-121.5	44.0595620275	910
-121	44.0025937622	910
-120.995473872	44	910
-120.684813589	43.5	910
-120.742068738	43	910
-121	42.6113193333	910
-121.074993581	42.5	910
-121.5	42.2193516195	910
-122	42.1875997782	910
-122.5	42.3822612092	910
-122.606869191	42.5	910
-122.652829885	43	910
-122.5	43.4862053394	910
-122.494502425	43.5	910
-122	43.9224688411	910
-121.66827482	44	910
-121.5	44.0595620275	910
> 920 contour -Z920
-121.5	44.0511830449	920
-121.055208266	44	920
-121	43.9902449548	920
-120.692873895	43.5	920
-120.748555422	43	920
-121	42.621094197	920
-121.081578732	42.5	920
-121.5	42.2237000465	920
-122	42.1913405955	920
-122.5	42.3884223476	920
-122.601276845	42.5	920
-122.647721991	43	920
-122.5	43.4699553251	920
-122.488026351	43.5	920
-122	43.9169360995	920
-121.644602492	44	920
-121.5	44.0511830449	920
> 930 contour -Z930
-121.5	44.0428040624	930
-121.128023446	44	930
-121	43.9773788452	930
-120.700934172	43.5	930
-120.755042106	43	930
-121	42.6308690906	930
-121.088163853	42.5	930
-121.5	42.2280484736	930
-122	42.1950814128	930
-122.5	42.3945834935	930
-122.595684499	42.5	930
-122.642614082	43	930
-122.5	43.4537053108	930
-122.481550276	43.5	930
-122	43.9114033878	930
-121.620930165	44	930
-121.5	44.0428040624	930
> 940 contour -Z940
-121.5	44.0344250798	940
-121.200838625	44	940
-121	43.9645127356	940
-120.708994478	43.5	940
-120.76152879	43	940
-121	42.6406439841	940
-121.094749004	42.5	940
-121.5	42.2323969007	940
-122	42.1988222301	940
-122.5	42.4007446319	940
-122.590092152	42.5	940
-122.637506187	43	940
-122.5	43.4374552965	940
-122.475074172	43.5	940
-122	43.9058706462	940
-121.59725783	44	940
-121.5	44.0344250798	940
> 950 contour -Z950
-121.5	44.0260460973	950
-121.27365382	44	950
-121	43.951646626	950
-120.717054754	43.5	950
-120.768015474	43	950
-121	42.6504188776	950
-121.101334155	42.5	950
-121.5	42.2367453277	950
-122	42.2025630474	950
-122.5	42.4069057703	950
-122.584499806	42.5	950
-122.632398292	43	950
-122.5	43.4212052822	950
-122.468598098	43.5	950
-122	43.9003379345	950
-121.573585495	44	950
-121.5	44.0260460973	950
> 960 contour -Z960
-121.5	44.0176671147	960
-121.346469015	44	960
-121	43.9387805462	960
-120.725115061	43.5	960
-120.774502158	43	960
-121	42.6601937413	960
-121.107919306	42.5	960
-121.5	42.2410937548	960
-122	42.2063038647	960
-122.5	42.4130669162	960
-122.57890746	42.5	960
-122.627290383	43	960
-122.5	43.4049552679	960
-122.462121993	43.5	960
-122	43.8948052227	960
-121.549913164	44	960
-121.5	44.0176671147	960
> 970 contour -Z970
-121.5	44.0092881322	970
-121.419284202	44	970
-121	43.9259144366	970
-120.733175337	43.5	970
-120.780988842	43	970
-121	42.6699686348	970
-121.114504427	42.5	970
-121.5	42.2454421818	970
-122	42.210044682	970
-122.5	42.4192280546	970
-122.573315114	42.5	970
-122.622182488	43	970
-122.5	43.3887052536	970
-122.455645919	43.5	970
-122	43.8892724812	970
-121.526240833	44	970
-121.5	44.0092881322	970
> 980 contour -Z980
-121.5	44.0009091496	980
-121.492099392	44	980
-121	43.913048327	980
-120.741235644	43.5	980
-120.787475526	43	980
-121	42.6797435284	980
-121.121089578	42.5	980
-121.5	42.2497906089	980
-122	42.2137854993	980
-122.5	42.425389193	980
-122.56772276	42.5	980
-122.617074586	43	980
-122.5	43.3724552393	980
-122.449169815	43.5	980
-122	43.8837397695	980
-121.5025685	44	980
-121.5	44.0009091496	980
> 990 contour -Z990
-122	43.8782070428	990
-121.5	43.9944590628	990
-121	43.9001822174	990
-120.74929592	43.5	990
-120.79396221	43	990
-121	42.6895183921	990
-121.127674729	42.5	990
-121.5	42.2541390508	990
-122	42.2175263166	990
-122.5	42.4315503389	990
-122.562130418	42.5	990
-122.611966692	43	990
-122.5	43.356205225	990
-122.44269374	43.5	990
-122	43.8782070428	990
> 1000 contour -Z1000
-122	43.8726743162	1000
-121.5	43.9882437289	1000
-121	43.8873161077	1000
-120.757356226	43.5	1000
-120.800448895	43	1000
-121	42.6992932856	1000
-121.13425988	42.5	1000
-121.5	42.2584874779	1000
-122	42.221267134	1000
-122.5	42.4377114773	1000
-122.556538068	42.5	1000
-122.60685879	43	1000
-122.5	43.3399552107	1000
-122.436217636	43.5	1000
-122	43.8726743162	1000
> 1010 contour -Z1010
-122	43.8671415895	1010
-121.5	43.9820283949	1010
-121	43.8744499981	1010
-120.765416518	43.5	1010
-120.806935579	43	1010
-121	42.7090681791	1010
-121.140845001	42.5	1010
-121.5	42.262835905	1010
-122	42.2250079513	1010
-122.5	42.4438726194	1010
-122.550945722	42.5	1010
-122.601750888	43	1010
-122.5	43.3237051964	1010
-122.429741561	43.5	1010
-122	43.8671415895	1010
> 1020 contour -Z1020
-122	43.8616088629	1020
-121.5	43.975813061	1020
-121	43.8615838885	1020
-120.773476809	43.5	1020
-120.813422263	43	1020
-121	42.7188430727	1020
-121.147430152	42.5	1020
-121.5	42.267184332	1020
-122	42.2287487686	1020
-122.5	42.4500337616	1020
-122.545353375	42.5	1020
-122.596642993	43	1020
-122.5	43.3074551821	1020
-122.423265487	43.5	1020
-122	43.8616088629	1020
> 1030 contour -Z1030
-122	43.8560761511	1030
-121.5	43.9695977569	1030
-121	43.8487178087	1030
-120.781537086	43.5	1030
-120.819908947	43	1030
-121	42.7286179364	1030
-121.154015303	42.5	1030
-121.5	42.2715327591	1030
-122	42.2324895859	1030
-122.5	42.4561949037	1030
-122.539761029	42.5	1030
-122.591535091	43	1030
-122.5	43.2912051678	1030
-122.416789383	43.5	1030
-122	43.8560761511	1030
> 1040 contour -Z1040
-122	43.8505434245	1040
-121.5	43.9633824229	1040
-121	43.8358516991	1040
-120.789597377	43.5	1040
-120.826395616	43	1040
-121	42.7383928299	1040
-121.160600424	42.5	1040
-121.5	42.2758811861	1040
-122	42.2362304032	1040
-122.5	42.4623560421	1040
-122.534168679	42.5	1040
-122.586427189	43	1040
-122.5	43.2749551535	1040
-122.410313308	43.5	1040
-122	43.8505434245	1040
> 1050 contour -Z1050
-122	43.8450106978	1050
-121.5	43.957167089	1050
-121	43.8229855895	1050
-120.797657669	43.5	1050
-120.8328823	43	1050
-121	42.7481677234	1050
-121.167185575	42.5	1050
-121.5	42.2802296132	1050
-122	42.2399712205	1050
-122.5	42.4685171843	1050
-122.528576333	42.5	1050
-122.581319295	43	1050
-122.5	43.2587051392	1050
-122.403837204	43.5	1050
-122	43.8450106978	1050
> 1060 contour -Z1060
-122	43.8394779712	1060
-121.5	43.950951755	1060
-121	43.8101194799	1060
-120.80571796	43.5	1060
-120.839368984	43	1060
-121	42.757942602	1060
-121.173770726	42.5	1060
-121.5	42.2845780402	1060
-122	42.2437120378	1060
-122.5	42.4746783264	1060
-122.522983987	42.5	1060
-122.576211393	43	1060
-122.5	43.24245511	1060
-122.39736113	43.5	1060
-122	43.8394779712	1060
> 1070 contour -Z1070
-122	43.8339452446	1070
-121.5	43.9447364509	1070
-121	43.7972533703	1070
-120.813778251	43.5	1070
-120.845855668	43	1070
-121	42.7677174807	1070
-121.180355877	42.5	1070
-121.5	42.2889264673	1070
-122	42.2474528551	1070
-122.5	42.4808394667	1070
-122.517391639	42.5	1070
-122.571103491	43	1070
-122.5	43.2262050956	1070
-122.390885025	43.5	1070
-122	43.8339452446	1070
> 1080 contour -Z1080
-122	43.8284125328	1080
-121.5	43.938521117	1080
-121	43.7843872607	1080
-120.821838543	43.5	1080
-120.852342352	43	1080
-121	42.7774923742	1080
-121.186940998	42.5	1080
-121.5	42.2932748944	1080
-122	42.2511936873	1080
-122.5	42.4870006088	1080
-122.511799293	42.5	1080
-122.565995596	43	1080
-122.5	43.2099550813	1080
-122.384408951	43.5	1080
-122	43.8284125328	1080
> 1090 contour -Z1090
-122	43.8228798062	1090
-121.5	43.932305783	1090
-121	43.7715211511	1090
-120.829898834	43.5	1090
-120.858829036	43	1090
-121	42.7872672528	1090
-121.193526149	42.5	1090
-121.5	42.2976233214	1090
-122	42.2549345046	1090
-122.5	42.49316175	1090
-122.506206946	42.5	1090
-122.560887694	43	1090
-122.5	43.193705067	1090
-122.377932847	43.5	1090
-122	43.8228798062	1090
> 1100 contour -Z1100
-122	43.8173470795	1100
-121.5	43.9260904491	1100
-121	43.7586550415	1100
-120.837959126	43.5	1100
-120.86531572	43	1100
-121	42.7970421463	1100
-121.2001113	42.5	1100
-121.5	42.3019717485	1100
-122	42.2586753219	1100
-122.5	42.4993228912	1100
-122.500614598	42.5	1100
-122.555779796	43	1100
-122.5	43.1774550527	1100
-122.371456772	43.5	1100
-122	43.8173470795	1100
> 1110 contour -Z1110
-122	43.8118143529	1110
-121.5	43.919875145	1110
-121	43.7457889467	1110
-120.846019417	43.5	1110
-120.871802405	43	1110
-121	42.8068170249	1110
-121.206696451	42.5	1110
-121.5	42.3063201755	1110
-122	42.2624161392	1110
-122.493089437	42.5	1110
-122.5	42.5411686897	1110
-122.550671894	43	1110
-122.5	43.1612050384	1110
-122.364980668	43.5	1110
-122	43.8118143529	1110
> 1120 contour -Z1120
-122	43.8062816262	1120
-121.5	43.913659811	1120
-121	43.7329228371	1120
-120.854079708	43.5	1120
-120.878289089	43	1120
-121	42.8165919185	1120
-121.213281572	42.5	1120
-121.5	42.3106686026	1120
-122	42.2661569566	1120
-122.485325605	42.5	1120
-122.5	42.5874204338	1120
-122.545563996	43	1120
-122.5	43.1449550241	1120
-122.358504593	43.5	1120
-122	43.8062816262	1120
> 1130 contour -Z1130
-122	43.8007489145	1130
-121.5	43.9074444771	1130
-121	43.7200567424	1130
-120.86214	43.5	1130
-120.884775773	43	1130
-121	42.8263667971	1130
-121.219866723	42.5	1130
-121.5	42.3150170296	1130
-122	42.2698977739	1130
-122.477561802	42.5	1130
-122.5	42.6336722076	1130
-122.540456098	43	1130
-122.5	43.1287049949	1130
-122.352028519	43.5	1130
-122	43.8007489145	1130
> 1140 contour -Z1140
-122	43.7952161878	1140
-121.5	43.9012291431	1140
-121	43.7071906328	1140
-120.870200291	43.5	1140
-120.891262457	43	1140
-121	42.8361416906	1140
-121.226451874	42.5	1140
-121.5	42.3193654567	1140
-122	42.2736385912	1140
-122.469797969	42.5	1140
-122.5	42.6799239516	1140
-122.535348199	43	1140
-122.5	43.1124549881	1140
-122.345552415	43.5	1140
-122	43.7952161878	1140
> 1150 contour -Z1150
-122	43.7896834612	1150
-121.5	43.8950138092	1150
-121	43.6943245232	1150
-120.878260583	43.5	1150
-120.897749141	43	1150
-121	42.8459165692	1150
-121.233036995	42.5	1150
-121.5	42.3237138838	1150
-122	42.2773794085	1150
-122.462034166	42.5	1150
-122.5	42.7261757255	1150
-122.530240297	43	1150
-122.5	43.0962049738	1150
-122.33907634	43.5	1150
-122	43.7896834612	1150
> 1160 contour -Z1160
-122	43.7841507345	1160
-121.5	43.8887985051	1160
-121	43.6814584285	1160
-120.886320874	43.5	1160
-120.904235825	43	1160
-121	42.8556914479	1160
-121.239622146	42.5	1160
-121.5	42.3280623108	1160
-122	42.2811202258	1160
-122.454270333	42.5	1160
-122.5	42.7724274695	1160
-122.525132399	43	1160
-122.5	43.079954952	1160
-122.332600236	43.5	1160
-122	43.7841507345	1160
> 1170 contour -Z1170
-122	43.7786180228	1170
-121.5	43.8825831711	1170
-121	43.6685923189	1170
-120.894381166	43.5	1170
-120.910722509	43	1170
-121	42.8654663414	1170
-121.246207297	42.5	1170
-121.5	42.3324107379	1170
-122	42.2848610431	1170
-122.44650653	42.5	1170
-122.5	42.8186792284	1170
-122.520024499	43	1170
-122.5	43.0637049377	1170
-122.326124161	43.5	1170
-122	43.7786180228	1170
> 1180 contour -Z1180
-122	43.7730852962	1180
-121.5	43.8763678372	1180
-121	43.6557262093	1180
-120.902441457	43.5	1180
-120.917209193	43	1180
-121	42.8752412274	1180
-121.252792433	42.5	1180
-121.5	42.3367591649	1180
-122	42.2886018604	1180
-122.438742697	42.5	1180
-122.5	42.8649309874	1180
-122.5149166	43	1180
-122.5	43.0474549234	1180
-122.319648057	43.5	1180
-122	43.7730852962	1180
> 1190 contour -Z1190
-122	43.7675525695	1190
-121.5	43.8701525033	1190
-121	43.6428600997	1190
-120.910501748	43.5	1190
-120.92369587	43	1190
-121	42.8850161135	1190
-121.259377584	42.5	1190
-121.5	42.341107592	1190
-122	42.2923426777	1190
-122.430978894	42.5	1190
-122.5	42.9111827388	1190
-122.509808701	43	1190
-122.5	43.0312049091	1190
-122.313171983	43.5	1190
-122	43.7675525695	1190
> 1200 contour -Z1200
-122	43.7620198429	1200
-121.5	43.8639371991	1200
-121	43.629994005	1200
-120.91856204	43.5	1200
-120.930182554	43	1200
-121	42.8947909921	1200
-121.26596272	42.5	1200
-121.5	42.345456019	1200
-122	42.296083495	1200
-122.423215061	42.5	1200
-122.5	42.957434494	1200
-122.504700801	43	1200
-122.5	43.0149548938	1200
-122.306695879	43.5	1200
-122	43.7620198429	1200
> 1210 contour -Z1210
-122	43.7564871162	1210
-121.5	43.8577218652	1210
-121	43.6171278954	1210
-120.926622331	43.5	1210
-120.936669238	43	1210
-121	42.9045658782	1210
-121.272547871	42.5	1210
-121.5	42.3498044461	1210
-122	42.2998243272	1210
-122.415451258	42.5	1210
-122.499564499	43	1210
-122.300219804	43.5	1210
-122	43.7564871162	1210
> 1220 contour -Z1220
-122	43.7509544045	1220
-121.5	43.8515065312	1220
-121	43.6042617857	1220
-120.934682615	43.5	1220
-120.943155922	43	1220
-121	42.9143407643	1220
-121.279133007	42.5	1220
-121.5	42.3541528881	1220
-122	42.3035651445	1220
-122.407687426	42.5	1220
-122.494100422	43	1220
-122.2937437	43.5	1220
-122	43.7509544045	1220
> 1230 contour -Z1230
-122	43.7454216778	1230
-121.5	43.8452911973	1230
-121	43.5913956836	1230
-120.94274291	43.5	1230
-120.949642606	43	1230
-121	42.9241156504	1230
-121.285718143	42.5	1230
-121.5	42.3585013151	1230
-122	42.3073059618	1230
-122.399923623	42.5	1230
-122.488636315	43	1230
-122.287267625	43.5	1230
-122	43.7454216778	1230
> 1240 contour -Z1240
-122	43.7398889363	1240
-121.5	43.8390758932	1240
-121	43.578529574	1240
-120.950803202	43.5	1240
-120.95612929	43	1240
-121	42.9338905364	1240
-121.292303294	42.5	1240
-121.5	42.3628497422	1240
-122	42.3110467792	1240
-122.39215979	42.5	1240
-122.483172238	43	1240
-122.280791551	43.5	1240
-122	43.7398889363	1240
> 1250 contour -Z1250
-122	43.7343562245	1250
-121.5	43.8328605592	1250
-121	43.5656634718	1250
-120.958863489	43.5	1250
-120.962615974	43	1250
-121	42.9436654225	1250
-121.29888843	42.5	1250
-121.5	42.3671981692	1250
-122	42.3147875965	1250
-122.384395987	42.5	1250
-122.477708131	43	1250
-122.274315447	43.5	1250
-122	43.7343562245	1250
> 1260 contour -Z1260
-122	43.7288235128	1260
-121.5	43.8266452253	1260
-121	43.5527973659	1260
-120.966923781	43.5	1260
-120.969102656	43	1260
-121	42.9534403086	1260
-121.305473581	42.5	1260
-121.5	42.3715465963	1260
-122	42.3185284138	1260
-122.376632154	42.5	1260
-122.472244054	43	1260
-122.267839372	43.5	1260
-122	43.7288235128	1260
> 1270 contour -Z1270
-122	43.7232907712	1270
-121.5	43.8204298913	1270
-121	43.53993126	1270
-120.974984072	43.5	1270
-120.975589341	43	1270
-121	42.9632151909	1270
-121.312058717	42.5	1270
-121.5	42.3758950159	1270
-122	42.3222692311	1270
-122.368868351	42.5	1270
-122.466779947	43	1270
-122.261363268	43.5	1270
-122	43.7232907712	1270
> 1280 contour -Z1280
-122	43.7177580595	1280
-121.5	43.8142145872	1280
-121	43.5270651542	1280
-120.983044364	43.5	1280
-120.982076025	43	1280
-121	42.9729900789	1280
-121.318643868	42.5	1280
-121.5	42.380243443	1280
-122	42.3260100484	1280
-122.361104518	42.5	1280
-122.46131587	43	1280
-122.254887193	43.5	1280
-122	43.7177580595	1280
> 1290 contour -Z1290
-122	43.7122253478	1290
-121.5	43.8079992533	1290
-121	43.5141990483	1290
-120.991104654	43.5	1290
-120.988562707	43	1290
-121	42.9827649631	1290
-121.325229004	42.5	1290
-121.5	42.38459187	1290
-122	42.3297508657	1290
-122.353340715	42.5	1290
-122.455851763	43	1290
-122.248411104	43.5	1290
-122	43.7122253478	1290
> 1300 contour -Z1300
-122	43.7066926062	1300
-121.5	43.8017839193	1300
-121	43.5013329424	1300
-120.999164945	43.5	1300
-120.99504939	43	1300
-121	42.9925398487	1300
-121.331814155	42.5	1300
-121.5	42.3889403045	1300
-122	42.333491683	1300
-122.345576882	42.5	1300
-122.450387686	43	1300
-122.241935015	43.5	1300
-122	43.7066926062	1300
> 1310 contour -Z1310
-122	43.7011598945	1310
-121.5	43.7955685854	1310
-121.009250522	43.5	1310
-121.001538634	43	1310
-121.338399291	42.5	1310
-121.5	42.3932887316	1310
-122	42.3372325003	1310
-122.337813079	42.5	1310
-122.44492358	43	1310
-122.235458925	43.5	1310
-122	43.7011598945	1310
> 1320 contour -Z1320
-122	43.6956271529	1320
-121.5	43.7893532813	1320
-121.019570202	43.5	1320
-121.008036166	43	1320
-121.344984442	42.5	1320
-121.5	42.3976371586	1320
-122	42.3409733176	1320
-122.330049247	42.5	1320
-122.439459503	43	1320
-122.228982836	43.5	1320
-122	43.6956271529	1320
> 1330 contour -Z1330
-122	43.6900944412	1330
-121.5	43.7831379473	1330
-121.029889852	43.5	1330
-121.014533699	43	1330
-121.351569578	42.5	1330
-121.5	42.4019855857	1330
-122	42.3447141349	1330
-122.322285444	42.5	1330
-122.433995396	43	1330
-122.222506747	43.5	1330
-122	43.6900944412	1330
> 1340 contour -Z1340
-122	43.6845617294	1340
-121.5	43.7769226134	1340
-121.040209532	43.5	1340
-121.021031201	43	1340
-121.358154714	42.5	1340
-121.5	42.4063340127	1340
-122	42.3484549522	1340
-122.314521611	42.5	1340
-122.428531319	43	1340
-122.216030657	43.5	1340
-122	43.6845617294	1340
> 1350 contour -Z1350
-122	43.6790289879	1350
-121.5	43.7707072794	1350
-121.050529182	43.5	1350
-121.027528733	43	1350
-121.364739865	42.5	1350
-121.5	42.4106824398	1350
-122	42.3521957695	1350
-122.306757808	42.5	1350
-122.423067212	43	1350
-122.209554568	43.5	1350
-122	43.6790289879	1350
> 1360 contour -Z1360
-122	43.6734962761	1360
-121.5	43.7644919753	1360
-121.060848862	43.5	1360
-121.034026265	43	1360
-121.371325001	42.5	1360
-121.5	42.4150308669	1360
-122	42.3559365869	1360
-122.298993975	42.5	1360
-122.417603135	43	1360
-122.203078479	43.5	1360
-122	43.6734962761	1360
> 1370 contour -Z1370
-122	43.6679635346	1370
-121.5	43.7582766414	1370
-121.071168512	43.5	1370
-121.040523767	43	1370
-121.377910152	42.5	1370
-121.5	42.4193792939	1370
-122	42.3596774042	1370
-122.291230172	42.5	1370
-122.412139028	43	1370
-122.196602389	43.5	1370
-122	43.6679635346	1370
> 1380 contour -Z1380
-122	43.6624308228	1380
-121.5	43.7520613074	1380
-121.081488162	43.5	1380
-121.0470213	43	1380
-121.384495296	42.5	1380
-121.5	42.423727721	1380
-122	42.3634182215	1380
-122.283466339	42.5	1380
-122.406674951	43	1380
-122.1901263	43.5	1380
-122	43.6624308228	1380
> 1390 contour -Z1390
-122	43.6568981111	1390
-121.5	43.7458459884	1390
-121.091807842	43.5	1390
-121.053518832	43	1390
-121.391080432	42.5	1390
-121.5	42.428076148	1390
-122	42.3671590388	1390
-122.275702536	42.5	1390
-122.401210845	43	1390
-122.18365021	43.5	1390
-122	43.6568981111	1390
> 1400 contour -Z1400
-122	43.6513653696	1400
-121.5	43.7396306545	1400
-121.102127492	43.5	1400
-121.060016334	43	1400
-121.397665575	42.5	1400
-121.5	42.4324245751	1400
-122	42.3708998561	1400
-122.267938703	42.5	1400
-122.395746768	43	1400
-122.177174136	43.5	1400
-122	43.6513653696	1400
> 1410 contour -Z1410
-122	43.6458326578	1410
-121.5	43.7334153354	1410
-121.112447172	43.5	1410
-121.066513866	43	1410
-121.404250719	42.5	1410
-121.5	42.4367730021	1410
-122	42.3746406734	1410
-122.2601749	42.5	1410
-122.390282661	43	1410
-122.170698047	43.5	1410
-122	43.6458326578	1410
> 1420 contour -Z1420
-122	43.6402999163	1420
-121.5	43.7272000015	1420
-121.122766823	43.5	1420
-121.073011398	43	1420
-121.410835862	42.5	1420
-121.5	42.4411214329	1420
-122	42.3783814982	1420
-122.252411067	42.5	1420
-122.384818584	43	1420
-122.164221957	43.5	1420
-122	43.6402999163	1420
> 1430 contour -Z1430
-122	43.6347672045	1430
-121.5	43.7209846824	1430
-121.133086473	43.5	1430
-121.079508901	43	1430
-121.417421006	42.5	1430
-121.5	42.44546986	1430
-122	42.3821223155	1430
-122.244647264	42.5	1430
-122.379354477	43	1430
-122.157745868	43.5	1430
-122	43.6347672045	1430
> 1440 contour -Z1440
-122	43.6292344928	1440
-121.5	43.7147693485	1440
-121.143406153	43.5	1440
-121.086006433	43	1440
-121.424006149	42.5	1440
-121.5	42.449818287	1440
-122	42.3858631328	1440
-122.236883447	42.5	1440
-122.3738904	43	1440
-122.151269779	43.5	1440
-122	43.6292344928	1440
> 1450 contour -Z1450
-122	43.6237017512	1450
-121.5	43.7085540295	1450
-121.153725803	43.5	1450
-121.092503965	43	1450
-121.430591293	42.5	1450
-121.5	42.4541667141	1450
-122	42.3896039501	1450
-122.229119629	42.5	1450
-122.368426293	43	1450
-122.144793689	43.5	1450
-122	43.6237017512	1450
> 1460 contour -Z1460
-122	43.6181690395	1460
-121.5	43.7023386955	1460
-121.164045483	43.5	1460
-121.099001467	43	1460
-121.437176436	42.5	1460
-121.5	42.4585151412	1460
-122	42.3933447674	1460
-122.221355811	42.5	1460
-122.362962216	43	1460
-122.1383176	43.5	1460
-122	43.6181690395	1460
> 1470 contour -Z1470
-122	43.6126362979	1470
-121.5	43.6961233765	1470
-121.174365133	43.5	1470
-121.105498999	43	1470
-121.44376158	42.5	1470
-121.5	42.4628635682	1470
-122	42.3970855847	1470
-122.213591993	42.5	1470
-122.357498109	43	1470
-122.131841511	43.5	1470
-122	43.6126362979	1470
> 1480 contour -Z1480
-122	43.6071035862	1480
-121.5	43.6899080426	1480
-121.184684813	43.5	1480
-121.111996531	43	1480
-121.450346719	42.5	1480
-121.5	42.4672119953	1480
-122	42.400826402	1480
-122.205828175	42.5	1480
-122.352034032	43	1480
-122.125365421	43.5	1480
-122	43.6071035862	1480
> 1490 contour -Z1490
-122	43.6015708745	1490
-121.5	43.6836927235	1490
-121.195004463	43.5	1490
-121.118494064	43	1490
-121.456931863	42.5	1490
-121.5	42.4715604242	1490
-122	42.4045672193	1490
-122.198064357	42.5	1490
-122.346569926	43	1490
-122.118889339	43.5	1490
-122	43.6015708745	1490
> 1500 contour -Z1500
-122	43.5960381329	1500
-121.5	43.6774773896	1500
-121.205324113	43.5	1500
-121.124991566	43	1500
-121.463517006	42.5	1500
-121.5	42.4759088513	1500
-122	42.4083080441	1500
-122.190300539	42.5	1500
-122.341105849	43	1500
-122.11241325	43.5	1500
-122	43.5960381329	1500
> 1510 contour -Z1510
-122	43.5905054212	1510
-121.5	43.6712620705	1510
-121.215643793	43.5	1510
-121.131489098	43	1510
-121.47010215	42.5	1510
-121.5	42.4802572783	1510
-122	42.4120488614	1510
-122.182536721	42.5	1510
-122.335641742	43	1510
-122.105937161	43.5	1510
-122	43.5905054212	1510
> 1520 contour -Z1520
-122	43.5849726796	1520
-121.5	43.6650467366	1520
-121.225963444	43.5	1520
-121.13798663	43	1520
-121.476687292	42.5	1520
-121.5	42.4846057063	1520
-122	42.4157896787	1520
-122.174772903	42.5	1520
-122.330177665	43	1520
-122.099461071	43.5	1520
-122	43.5849726796	1520
> 1530 contour -Z1530
-122	43.5794399679	1530
-121.5	43.6588314176	1530
-121.236283123	43.5	1530
-121.144484133	43	1530
-121.483272435	42.5	1530
-121.5	42.4889541343	1530
-122	42.419530496	1530
-122.167009085	42.5	1530
-122.324713558	43	1530
-122.092984989	43.5	1530
-122	43.5794399679	1530
> 1540 contour -Z1540
-122	43.5739072561	1540
-121.5	43.6526160836	1540
-121.246602774	43.5	1540
-121.150981665	43	1540
-121.489857578	42.5	1540
-121.5	42.4933025618	1540
-122	42.4232713133	1540
-122.159245268	42.5	1540
-122.319249481	43	1540
-122.0865089	43.5	1540
-122	43.5739072561	1540
> 1550 contour -Z1550
-122	43.5683745146	1550
-121.5	43.6464007646	1550
-121.256922439	43.5	1550
-121.157479197	43	1550
-121.496442721	42.5	1550
-121.5	42.4976509893	1550
-122	42.4270121306	1550
-122.15148145	42.5	1550
-122.313785374	43	1550
-122.080032811	43.5	1550
-122	43.5683745146	1550
> 1560 contour -Z1560
-122	43.5628418028	1560
-121.5	43.6401854306	1560
-121.267242104	43.5	1560
-121.163976699	43	1560
-121.5	42.5044063032	1560
-121.512118548	42.5	1560
-122	42.4307529479	1560
-122.143717632	42.5	1560
-122.308321267	43	1560
-122.073556721	43.5	1560
-122	43.5628418028	1560
> 1570 contour -Z1570
-122	43.5573090613	1570
-121.5	43.6339701116	1570
-121.277561769	43.5	1570
-121.170474231	43	1570
-121.5	42.5139893591	1570
-121.53847456	42.5	1570
-122	42.4344937652	1570
-122.135953814	42.5	1570
-122.30285719	43	1570
-122.067080632	43.5	1570
-122	43.5573090613	1570
> 1580 contour -Z1580
-122	43.5517763495	1580
-121.5	43.6277547777	1580
-121.287881419	43.5	1580
-121.176971763	43	1580
-121.5	42.5235724449	1580
-121.564830571	42.5	1580
-122	42.4382345825	1580
-122.128189996	42.5	1580
-122.297393084	43	1580
-122.060604546	43.5	1580
-122	43.5517763495	1580
> 1590 contour -Z1590
-122	43.5462436378	1590
-121.5	43.6215394512	1590
-121.298201084	43.5	1590
-121.183469266	43	1590
-121.5	42.5331555009	1590
-121.591186553	42.5	1590
-122	42.4419754036	1590
-122.120426178	42.5	1590
-122.291929007	43	1590
-122.054128457	43.5	1590
-122	43.5462436378	1590
> 1600 contour -Z1600
-122	43.5407108963	1600
-121.5	43.6153241247	1600
-121.308520749	43.5	1600
-121.189966798	43	1600
-121.5	42.5427385569	1600
-121.617542565	42.5	1600
-122	42.4457162209	1600
-122.11266236	42.5	1600
-122.2864649	43	1600
-122.047652371	43.5	1600
-122	43.5407108963	1600
> 1610 contour -Z1610
-122	43.5351781845	1610
-121.5	43.6091087982	1610
-121.318840414	43.5	1610
-121.19646433	43	1610
-121.5	42.5523216128	1610
-121.643898576	42.5	1610
-122	42.4494570382	1610
-122.104898542	42.5	1610
-122.281000823	43	1610
-122.041176282	43.5	1610
-122	43.5351781845	1610
> 1620 contour -Z1620
-122	43.529645443	1620
-121.5	43.6028934717	1620
-121.329160079	43.5	1620
-121.202961832	43	1620
-121.5	42.5619046688	1620
-121.670254588	42.5	1620
-122	42.4531978555	1620
-122.097134724	42.5	1620
-122.275536716	43	1620
-122.034700196	43.5	1620
-122	43.529645443	1620
> 1630 contour -Z1630
-122	43.5241127312	1630
-121.5	43.5966781452	1630
-121.339479744	43.5	1630
-121.209459364	43	1630
-121.5	42.5714877248	1630
-121.6966106	42.5	1630
-122	42.4569386728	1630
-122.089370906	42.5	1630
-122.270072639	43	1630
-122.028224107	43.5	1630
-122	43.5241127312	1630
> 1640 contour -Z1640
-122	43.5185800195	1640
-121.5	43.5904628187	1640
-121.349799395	43.5	1640
-121.215956897	43	1640
-121.5	42.5810707808	1640
-121.722966582	42.5	1640
-122	42.4606794901	1640
-122.081607088	42.5	1640
-122.264608532	43	1640
-122.021748019	43.5	1640
-122	43.5185800195	1640
> 1650 contour -Z1650
-122	43.5130472779	1650
-121.5	43.5842474923	1650
-121.36011906	43.5	1650
-121.222454429	43	1650
-121.5	42.5906538367	1650
-121.749322593	42.5	1650
-122	42.4644203112	1650
-122.073843271	42.5	1650
-122.259144455	43	1650
-122.015271931	43.5	1650
-122	43.5130472779	1650
> 1660 contour -Z1660
-122	43.5075145662	1660
-121.5	43.5780321658	1660
-121.370438725	43.5	1660
-121.228951931	43	1660
-121.5	42.6002369225	1660
-121.775678605	42.5	1660
-122	42.4681611285	1660
-122.066079453	42.5	1660
-122.253680348	43	1660
-122.008795843	43.5	1660
-122	43.5075145662	1660
> 1670 contour -Z1670
-122	43.5019818246	1670
-121.5	43.5718168393	1670
-121.38075839	43.5	1670
-121.235449463	43	1670
-121.5	42.6098199785	1670
-121.802034616	42.5	1670
-122	42.4719019458	1670
-122.058315635	42.5	1670
-122.248216271	43	1670
-122.002319755	43.5	1670
-122	43.5019818246	1670
> 1680 contour -Z1680
-121.5	43.5656015277	1680
-121.391078055	43.5	1680
-121.241946995	43	1680
-121.5	42.6194030344	1680
-121.828390613	42.5	1680
-122	42.4756427631	1680
-122.050551817	42.5	1680
-122.24275218	43	1680
-122	43.4928797781	1680
-121.971339643	43.5	1680
-121.5	43.5656015277	1680
> 1690 contour -Z1690
-121.5	43.5593861938	1690
-121.401397713	43.5	1690
-121.248444498	43	1690
-121.5	42.6289860904	1690
-121.854746625	42.5	1690
-122	42.4793835822	1690
-122.042787999	42.5	1690
-122.237288088	43	1690
-122	43.4817855954	1690
-121.926683187	43.5	1690
-121.5	43.5593861938	1690
> 1700 contour -Z1700
-121.5	43.5531708598	1700
-121.411717378	43.5	1700
-121.25494203	43	1700
-121.5	42.6385691464	1700
-121.881102629	42.5	1700
-122	42.4831243996	1700
-122.035024181	42.5	1700
-122.231823996	43	1700
-122	43.4706913829	1700
-121.882026762	43.5	1700
-121.5	43.5531708598	1700
> 1710 contour -Z1710
-121.5	43.5469555259	1710
-121.422037043	43.5	1710
-121.261439547	43	1710
-121.5	42.6481522024	1710
-121.907458633	42.5	1710
-122	42.4868652178	1710
-122.027260363	42.5	1710
-122.226359904	43	1710
-122	43.4595972002	1710
-121.837370336	43.5	1710
-121.5	43.5469555259	1710
> 1720 contour -Z1720
-121.5	43.5407401919	1720
-121.4323567	43.5	1720
-121.267937079	43	1720
-121.5	42.6577352583	1720
-121.933814637	42.5	1720
-122	42.4906060351	1720
-122.019496545	42.5	1720
-122.220895797	43	1720
-122	43.4485029876	1720
-121.792713881	43.5	1720
-121.5	43.5407401919	1720
> 1730 contour -Z1730
-121.5	43.5345248878	1730
-121.442676365	43.5	1730
-121.274434596	43	1730
-121.5	42.6673183143	1730
-121.960170645	42.5	1730
-122	42.4943468533	1730
-122.011732728	42.5	1730
-122.215431705	43	1730
-122	43.4374087751	1730
-121.748057455	43.5	1730
-121.5	43.5345248878	1730
> 1740 contour -Z1740
-121.5	43.5283095539	1740
-121.452996027	43.5	1740
-121.280932114	43	1740
-121.5	42.6769014001	1740
-121.98652665	42.5	1740
-122	42.4980876712	1740
-122.003968911	42.5	1740
-122.209967613	43	1740
-122	43.4263145924	1740
-121.703401014	43.5	1740
-121.5	43.5283095539	1740
> 1750 contour -Z1750
-121.5	43.5220942199	1750
-121.463315692	43.5	1750
-121.287429646	43	1750
-121.5	42.6864844561	1750
-122	42.5064458251	1750
-122.204503521	43	1750
-122	43.4152203798	1750
-121.658744588	43.5	1750
-121.5	43.5220942199	1750
> 1760 contour -Z1760
-121.5	43.515878886	1760
-121.473635353	43.5	1760
-121.293927163	43	1760
-121.5	42.696067512	1760
-122	42.5196329951	1760
-122.199039429	43	1760
-122	43.4041261971	1760
-121.614088148	43.5	1760
-121.5	43.515878886	1760
> 1770 contour -Z1770
-121.5	43.5096635818	1770
-121.483955016	43.5	1770
-121.30042468	43	1770
-121.5	42.705650568	1770
-122	42.532820195	1770
-122.193575338	43	1770
-122	43.3930319846	1770
-121.569431707	43.5	1770
-121.5	43.5096635818	1770
> 1780 contour -Z1780
-121.5	43.5034482479	1780
-121.494274678	43.5	1780
-121.306922212	43	1780
-121.5	42.715233624	1780
-122	42.546007365	1780
-122.188111246	43	1780
-122	43.3819378018	1780
-121.524775274	43.5	1780
-121.5	43.5034482479	1780
> 1790 contour -Z1790
-122	43.3708436042	1790
-121.5	43.4923664331	1790
-121.313419729	43	1790
-121.5	42.72481668	1790
-122	42.5591945648	1790
-122.182647154	43	1790
-122	43.3708436042	1790
> 1800 contour -Z1800
-122	43.3597494066	1800
-121.5	43.475220114	1800
-121.319917262	43	1800
-121.5	42.7343997359	1800
-122	42.5723817348	1800
-122.177183062	43	1800
-122	43.3597494066	1800
> 1810 contour -Z1810
-122	43.3486552089	1810
-121.5	43.4580738246	1810
-121.326414779	43	1810
-121.5	42.7439827919	1810
-122	42.5855689049	1810
-122.17171897	43	1810
-122	43.3486552089	1810
> 1820 contour -Z1820
-122	43.3375610113	1820
-121.5	43.4409275055	1820
-121.332912296	43	1820
-121.5	42.7535658628	1820
-122	42.5987561047	1820
-122.166254878	43	1820
-122	43.3375610113	1820
> 1830 contour -Z1830
-122	43.3264668137	1830
-121.5	43.4237812161	1830
-121.339409828	43	1830
-121.5	42.7631489187	1830
-122	42.6119432747	1830
-122.160790786	43	1830
-122	43.3264668137	1830
> 1840 contour -Z1840
-122	43.3153726161	1840
-121.5	43.406634897	1840
-121.345907345	43	1840
-121.5	42.7727319896	1840
-122	42.6251304746	1840
-122.155326694	43	1840
-122	43.3153726161	1840
> 1850 contour -Z1850
-122	43.3042784184	1850
-121.5	43.3894886076	1850
-121.352404863	43	1850
-121.5	42.7823150456	1850
-122	42.6383176446	1850
-122.149862602	43	1850
-122	43.3042784184	1850
> 1860 contour -Z1860
-122	43.2931842208	1860
-121.5	43.3723422885	1860
-121.358902395	43	1860
-121.5	42.7918981016	1860
-122	42.6515048444	1860
-122.14439851	43	1860
-122	43.2931842208	1860
> 1870 contour -Z1870
-122	43.2820900232	1870
-121.5	43.3551959991	1870
-121.365399912	43	1870
-121.5	42.8014811575	1870
-122	42.6646920145	1870
-122.138934419	43	1870
-122	43.2820900232	1870
> 1880 contour -Z1880
-122	43.2709958255	1880
-121.5	43.33804968	1880
-121.371897444	43	1880
-121.5	42.8110642284	1880
-122	42.6778792143	1880
-122.133470327	43	1880
-122	43.2709958255	1880
> 1890 contour -Z1890
-122	43.2599016279	1890
-121.5	43.3209033906	1890
-121.378394961	43	1890
-121.5	42.8206472844	1890
-122	42.6910663843	1890
-122.128006235	43	1890
-122	43.2599016279	1890
> 1900 contour -Z1900
-122	43.2488074303	1900
-121.5	43.3037570715	1900
-121.384892486	43	1900
-121.5	42.8302303404	1900
-122	42.7042535841	1900
-122.122542143	43	1900
-122	43.2488074303	1900
> 1910 contour -Z1910
-122	43.2377132177	1910
-121.5	43.2866107821	1910
-121.391390003	43	1910
-121.5	42.8398133963	1910
-122	42.7174407542	1910
-122.117078051	43	1910
-122	43.2377132177	1910
> 1920 contour -Z1920
-122	43.226619035	1920
-121.5	43.269464463	1920
-121.397887528	43	1920
-121.5	42.8493964672	1920
-122	42.730627954	1920
-122.111613959	43	1920
-122	43.226619035	1920
> 1930 contour -Z1930
-122	43.2155248225	1930
-121.5	43.2523181736	1930
-121.404385053	43	1930
-121.5	42.8589795232	1930
-122	42.743815124	1930
-122.106149867	43	1930
-122	43.2155248225	1930
> 1940 contour -Z1940
-122	43.2044306397	1940
-121.5	43.2351718545	1940
-121.41088257	43	1940
-121.5	42.8685625792	1940
-122	42.757002309	1940
-122.100685775	43	1940
-122	43.2044306397	1940
> 1950 contour -Z1950
-122	43.1933364272	1950
-121.5	43.2180255502	1950
-121.417380095	43	1950
-121.5	42.8781456426	1950
-122	42.7701894939	1950
-122.095221683	43	1950
-122	43.1933364272	1950
> 1960 contour -Z1960
-122	43.1822422445	1960
-121.5	43.200879246	1960
-121.423877619	43	1960
-121.5	42.8877286986	1960
-122	42.7833766788	1960
-122.089757591	43	1960
-122	43.1822422445	1960
> 1970 contour -Z1970
-122	43.1711480319	1970
-121.5	43.1837329417	1970
-121.430375144	43	1970
-121.5	42.897311762	1970
-122	42.7965638638	1970
-122.0842935	43	1970
-122	43.1711480319	1970
> 1980 contour -Z1980
-122	43.1600538492	1980
-121.5	43.1665866375	1980
-121.436872661	43	1980
-121.5	42.9068948179	1980
-122	42.8097510487	1980
-122.0788294	43	1980
-122	43.1600538492	1980
> 1990 contour -Z1990
-122	43.1489596367	1990
-121.5	43.1494403332	1990
-121.443370186	43	1990
-121.5	42.9164778814	1990
-122	42.8229382336	1990
-122.073365308	43	1990
-122	43.1489596367	1990
> 2000 contour -Z2000
-122	43.137865454	2000
-121.5	43.132294029	2000
-121.44986771	43	2000
-121.5	42.9260609373	2000
-122	42.8361254185	2000
-122.067901216	43	2000
-122	43.137865454	2000
> 2010 contour -Z2010
-122	43.1267712414	2010
-121.5	43.1151477322	2010
-121.456365231	43	2010
-121.5	42.9356440008	2010
-122	42.8493126035	2010
-122.062437128	43	2010
-122	43.1267712414	2010
> 2020 contour -Z2020
-122	43.1156770587	2020
-121.5	43.0980014279	2020
-121.462862756	43	2020
-121.5	42.9452270567	2020
-122	42.8624997884	2020
-122.056973033	43	2020
-122	43.1156770587	2020
> 2030 contour -Z2030
-122	43.1045828462	2030
-121.5	43.0808551237	2030
-121.469360277	43	2030
-121.5	42.9548101164	2030
-122	42.8756869659	2030
-122.051508941	43	2030
-122	43.1045828462	2030
> 2040 contour -Z2040
-122	43.0934886634	2040
-121.5	43.0637088194	2040
-121.4758578	43	2040
-121.5	42.9643931761	2040
-122	42.8888741508	2040
-122.046044849	43	2040
-122	43.0934886634	2040
> 2050 contour -Z2050
-122	43.0823944509	2050
-121.5	43.0465625152	2050
-121.482355323	43	2050
-121.5	42.9739762377	2050
-122	42.9020613357	2050
-122.040580757	43	2050
-122	43.0823944509	2050
> 2060 contour -Z2060
-122	43.0713002682	2060
-121.5	43.0294162091	2060
-121.488852846	43	2060
-121.5	42.9835592974	2060
-122	42.9152485207	2060
-122.035116665	43	2060
-122	43.0713002682	2060
> 2070 contour -Z2070
-122	43.0602060556	2070
-121.5	43.0122699048	2070
-121.495350369	43	2070
-121.5	42.9931423571	2070
-122	42.9284357056	2070
-122.029652573	43	2070
-122	43.0602060556	2070
> 2080 contour -Z2080
-122	43.0491118729	2080
-121.530183285	43	2080
-122	42.9416228868	2080
-122.024188479	43	2080
-122	43.0491118729	2080
> 2090 contour -Z2090
-122	43.0380176604	2090
-121.63631323	43	2090
-122	42.9548100717	2090
-122.018724388	43	2090
-122	43.0380176604	2090
> 2100 contour -Z2100
-122	43.0269234776	2100
-121.742443174	43	2100
-122	42.9679972529	2100
-122.013260296	43	2100
-122	43.0269234776	2100
> 2110 contour -Z2110
-122	43.0158292651	2110
-121.848573104	43	2110
-122	42.9811844379	2110
-122.007796203	43	2110
-122	43.0158292651	2110
> 2120 contour -Z2120
-122	43.0047350824	2120
-121.954703037	43	2120
-122	42.9943716223	2120
-122.002332111	43	2120
-122	43.0047350824	2120
