> 10 contour -Z10
-117	53.0588235259	10
-116.5	53.105343841	10
-116	53.1077908203	10
-115.5	53.0628823414	10
-115.178082138	53	10
-115	52.9688782096	10
-114.5	52.8579275012	10
-114	52.7340054363	10
-113.5	52.6001641899	10
-113.167121381	52.5	10
-113	52.4604583681	10
-112.5	52.3269631267	10
-112	52.1689549536	10
-111.56182	52	10
-111.5	51.9789420366	10
-111	51.7949520946	10
-110.5	51.591726549	10
-110.28142859	51.5	10
-110	51.3832477629	10
-109.5	51.1454174072	10
-109.233582824	51	10
-109	50.8445796072	10
-108.564335644	50.5	10
-108.5	50.423460871	10
-108.176208675	50	10
-108.037155062	49.5	10
-108.089749455	49	10
-108.307239011	48.5	10
-108.5	48.2692694962	10
-108.677870244	48	10
-109	47.7174547613	10
-109.208624989	47.5	10
-109.5	47.2755607963	10
-109.836627156	47	10
-110	46.8778084517	10
-110.488158849	46.5	10
-110.5	46.4907370117	10
-111	46.0778438449	10
-111.089720458	46	10
-111.5	45.6516613066	10
-111.678661615	45.5	10
-112	45.2182062566	10
-112.261071175	45	10
-112.5	44.7785476446	10
-112.83417508	44.5	10
-113	44.3336499631	10
-113.376040936	44	10
-113.5	43.8668881208	10
-113.880195953	43.5	10
-114	43.3649254143	10
-114.352508679	43	10
-114.5	42.8280094564	10
-114.794712991	42.5	10
-115	42.255223304	10
-115.216865599	42	10
-115.5	41.6834359169	10
-115.671410233	41.5	10
-116	41.1661792994	10
-116.178658724	41	10
-116.5	40.6886632442	10
-116.716252863	40.5	10
-117	40.2628848851	10
-117.363677144	40	10
-117.5	39.9043423831	10
-118	39.6066914499	10
-118.272986755	39.5	10
-118.5	39.4072539285	10
-119	39.2834366113	10
-119.5	39.2270201147	10
-120	39.2305031419	10
-120.5	39.3085808605	10
-120.993197232	39.5	10
-121	39.5022809505	10
-121.5	39.7762936056	10
-121.761831015	40	10
-122	40.1616016626	10
-122.331802845	40.5	10
-122.5	40.6094779372	10
-122.841931015	41	10
-123	41.1003866196	10
-123.377926767	41.5	10
-123.5	41.6796638966	10
-123.776889145	42	10
-124	42.49057962	10
-124.008557421	42.5	10
-124.363733202	43	10
-124.488956898	43.5	10
-124.5	43.5621064901	10
-124.741383284	44	10
-124.922499478	44.5	10
-125	44.8921788037	10
-125.030999012	45	10
-125.068097591	45.5	10
-125.052083369	46	10
-125	46.2243174464	10
-124.950800687	46.5	10
-124.787648261	47	10
-124.566259637	47.5	10
-124.5	47.6331537515	10
-124.341969579	48	10
-124.07798592	48.5	10
-124	48.6293938607	10
-123.797240824	49	10
-123.5	49.4412494302	10
-123.460621119	49.5	10
-123.095130421	50	10
-123	50.1164821163	10
-122.665366098	50.5	10
-122.5	50.671417594	10
-122.135936826	51	10
-122	51.1145271584	10
-121.5	51.4699600637	10
-121.450654715	51.5	10
-121	51.7802501619	10
-120.537071168	52	10
-120.5	52.0196365267	10
-120	52.2532339394	10
-119.5	52.4329574108	10
-119.274831653	52.5	10
-119	52.599149704	10
-118.5	52.7499298453	10
-118	52.8726814389	10
-117.5	52.9731155634	10
-117.314387441	53	10
-117	53.0588235259	10
> 20 contour -Z20
-119	51.5591054559	20
-118.5	51.7072439492	20
-118	51.8173758388	20
-117.5	51.8877066672	20
-117	51.9164842367	20
-116.5	51.9077532589	20
-116	51.8498001397	20
-115.5	51.7443594187	20
-115	51.6285892725	20
-114.5	51.5229240544	20
-114.389059648	51.5	20
-114	51.4334441423	20
-113.5	51.3240757883	20
-113	51.1770703048	20
-112.519480586	51	20
-112.5	50.9932471812	20
-112	50.8009310961	20
-111.5	50.5573645681	20
-111.395408124	50.5	20
-111	50.2436861396	20
-110.677091599	50	20
-110.5	49.8251376748	20
-110.203231603	49.5	20
-110	49.1219104305	20
-109.941674687	49	20
-109.89288602	48.5	20
-110	48.173645407	20
-110.045211673	48	20
-110.354930952	47.5	20
-110.5	47.3627029508	20
-110.818890482	47	20
-111	46.8379826397	20
-111.339578152	46.5	20
-111.5	46.3573770821	20
-111.876329213	46	20
-112	45.8911643028	20
-112.429190546	45.5	20
-112.5	45.4378001541	20
-112.997272461	45	20
-113	44.9975782419	20
-113.5	44.5574079156	20
-113.566137552	44.5	20
-114	44.116679132	20
-114.141112626	44	20
-114.5	43.6754601002	20
-114.716803521	43.5	20
-115	43.2354537845	20
-115.289466023	43	20
-115.5	42.792803064	20
-115.849854961	42.5	20
-116	42.3478561491	20
-116.395052016	42	20
-116.5	41.8974678516	20
-116.940382496	41.5	20
-117	41.4459432736	20
-117.5	41.0189845264	20
-117.524935752	41	20
-118	40.6293809116	20
-118.237326622	40.5	20
-118.5	40.3514336199	20
-119	40.1793563068	20
-119.5	40.0943272114	20
-120	40.0760191381	20
-120.5	40.1301377714	20
-121	40.2800117284	20
-121.411842346	40.5	20
-121.5	40.5193198323	20
-122	40.6952893436	20
-122.36848262	41	20
-122.5	41.0349223316	20
-123	41.4395305961	20
-123.057187788	41.5	20
-123.48175168	42	20
-123.5	42.0400488675	20
-123.894299984	42.5	20
-123.989983827	43	20
-124	43.1599518359	20
-124.115878254	43.5	20
-124.163991496	44	20
-124.170175225	44.5	20
-124.131103396	45	20
-124.064416088	45.5	20
-124.049104042	46	20
-124	46.2821780145	20
-123.967831522	46.5	20
-123.797902286	47	20
-123.558998581	47.5	20
-123.5	47.6113681421	20
-123.300305724	48	20
-123	48.4951007962	20
-122.997004986	48.5	20
-122.65473114	49	20
-122.5	49.1937406659	20
-122.243071496	49.5	20
-122	49.7614884377	20
-121.75696665	50	20
-121.5	50.235306412	20
-121.164501518	50.5	20
-121	50.6231883615	20
-120.5	50.9317449331	20
-120.363420397	51	20
-120	51.1875656545	20
-119.5	51.3912495971	20
-119.162597716	51.5	20
-119	51.5591054559	20
> 30 contour -Z30
-118	51.0944064856	30
-117.5	51.1393723488	30
-117	51.1442551315	30
-116.5	51.0996422693	30
-116	51.0050861128	30
-115.976601679	51	30
-115.5	50.912026614	30
-115	50.8240841031	30
-114.5	50.7341269851	30
-114	50.6181101948	30
-113.612711132	50.5	30
-113.5	50.4671680331	30
-113	50.2786898613	30
-112.5	50.0264464822	30
-112.453986645	50	30
-112	49.6874428242	30
-111.771025464	49.5	30
-111.5	49.2206220478	30
-111.309736714	49	30
-111.059555352	48.5	30
-111.037975729	48	30
-111.200894892	47.5	30
-111.5	47.0653515756	30
-111.537146091	47	30
-111.977541804	46.5	30
-112	46.4785472751	30
-112.462791752	46	30
-112.5	45.965617843	30
-112.97689678	45.5	30
-113	45.47916664	30
-113.5	45.0154666007	30
-113.516185164	45	30
-114	44.5711405873	30
-114.081411093	44.5	30
-114.5	44.1414736211	30
-114.672818452	44	30
-115	43.7219049037	30
-115.2844401	43.5	30
-115.5	43.3146555573	30
-115.921997607	43	30
-116	42.9313232675	30
-116.5	42.5470903218	30
-116.565307379	42.5	30
-117	42.132802099	30
-117.171673566	42	30
-117.5	41.7112799883	30
-117.777820513	41.5	30
-118	41.3213226497	30
-118.5	41.029192239	30
-118.577596217	41	30
-119	40.8270631731	30
-119.5	40.6998754442	30
-120	40.6215970218	30
-120.5	40.6062171459	30
-121	40.6562156677	30
-121.5	40.7605161518	30
-122	40.9976416787	30
-122.002851887	41	30
-122.5	41.1320097148	30
-122.910917193	41.5	30
-123	41.5494606495	30
-123.424974144	42	30
-123.5	42.1646563411	30
-123.787478358	42.5	30
-123.921426803	43	30
-123.947943121	43.5	30
-123.926890254	44	30
-123.857581705	44.5	30
-123.710625976	45	30
-123.5	45.4650520086	30
-123.48507008	45.5	30
-123.368929356	46	30
-123.265986443	46.5	30
-123.070159592	47	30
-123	47.1344057173	30
-122.808868498	47.5	30
-122.50731824	48	30
-122.5	48.0111941081	30
-122.184479922	48.5	30
-122	48.7379612029	30
-121.789895684	49	30
-121.5	49.3087893724	30
-121.300553501	49.5	30
-121	49.7671843171	30
-120.685631245	50	30
-120.5	50.1335125268	30
-120	50.4252782762	30
-119.841218948	50.5	30
-119.5	50.6639037281	30
-119	50.852028966	30
-118.5	50.9903734326	30
-118.447368294	51	30
-118	51.0944064856	30
> 40 contour -Z40
-117.5	50.5267910361	40
-117	50.5108280247	40
-116.918518975	50.5	40
-116.5	50.4485076666	40
-116	50.3676590025	40
-115.5	50.2807341218	40
-115	50.1926561743	40
-114.5	50.0901579037	40
-114.171058357	50	40
-114	49.9533041418	40
-113.5	49.7488292605	40
-113.07252574	49.5	40
-113	49.448025763	40
-112.5	49.028436115	40
-112.469360471	49	40
-112.05848521	48.5	40
-112	48.3493083119	40
-111.883582987	48	40
-111.930235952	47.5	40
-112	47.3633455485	40
-112.155065954	47	40
-112.5	46.5264960825	40
-112.516272813	46.5	40
-112.954899728	46	40
-113	45.9558754005	40
-113.43728853	45.5	40
-113.5	45.4415423386	40
-113.96205629	45	40
-114	44.9663662277	40
-114.5	44.5268972218	40
-114.531150639	44.5	40
-115	44.10790959	40
-115.137338638	44	40
-115.5	43.7082975805	40
-115.788755462	43.5	40
-116	43.3355735838	40
-116.482238026	43	40
-116.5	42.9859563019	40
-117	42.6191628277	40
-117.168177068	42.5	40
-117.5	42.2364707291	40
-117.829985753	42	40
-118	41.8658399284	40
-118.5	41.567838639	40
-118.651612073	41.5	40
-119	41.342625618	40
-119.5	41.1395172179	40
-120	41.0088806748	40
-120.060292512	41	40
-120.5	40.9048315734	40
-121	40.9058412462	40
-121.490762532	41	40
-121.5	41.0004143119	40
-122	41.0599328578	40
-122.5	41.2290970981	40
-122.802504331	41.5	40
-123	41.6096537411	40
-123.368196607	42	40
-123.5	42.2892638296	40
-123.680656731	42.5	40
-123.852869809	43	40
-123.872432649	43.5	40
-123.807780236	44	40
-123.64860402	44.5	40
-123.5	44.8170025051	40
-123.42108804	45	40
-123.148052067	45.5	40
-123	45.7821814716	40
-122.870542914	46	40
-122.644627541	46.5	40
-122.5	46.8319525421	40
-122.426571786	47	40
-122.146744609	47.5	40
-122	47.737987116	40
-121.843031883	48	40
-121.5	48.4870199263	40
-121.490605623	48.5	40
-121.046400577	49	40
-121	49.0447884947	40
-120.5	49.4613716304	40
-120.444492638	49.5	40
-120	49.7970829606	40
-119.610010974	50	40
-119.5	50.0579242446	40
-119	50.2714730203	40
-118.5	50.4200746119	40
-118	50.4990052879	40
-117.979786217	50.5	40
-117.5	50.5267910361	40
> 50 contour -Z50
-119.5	49.53131181	50
-119	49.7593007386	50
-118.5	49.9082547128	50
-118	49.9771529734	50
-117.5	49.9923146963	50
-117	49.9545927048	50
-116.5	49.8896616399	50
-116	49.8187225163	50
-115.5	49.7473186702	50
-115	49.6640024036	50
-114.5	49.5437667556	50
-114.379065521	49.5	50
-114	49.3442284763	50
-113.5	49.0275068004	50
-113.463993277	49	50
-113	48.5187708698	50
-112.982990272	48.5	50
-112.683115065	48	50
-112.625770539	47.5	50
-112.74743247	47	50
-113	46.536704272	50
-113.016577035	46.5	50
-113.397807948	46	50
-113.5	45.8936489969	50
-113.855676472	45.5	50
-114	45.3616205454	50
-114.37333712	45	50
-114.5	44.8879341334	50
-114.949280765	44.5	50
-115	44.4575844035	50
-115.5	44.0634817779	50
-115.589715064	44	50
-116	43.7021044493	50
-116.308200017	43.5	50
-116.5	43.3651727438	50
-117	43.0345267951	50
-117.053358048	43	50
-117.5	42.6878122091	50
-117.780702829	42.5	50
-118	42.3422684968	50
-118.5	42.0315788984	50
-118.553230584	42	50
-119	41.7284657955	50
-119.441018529	41.5	50
-119.5	41.4702049997	50
-120	41.2120996714	50
-120.5	41.0879074037	50
-121	41.0501990914	50
-121.5	41.0587669015	50
-122	41.1203368306	50
-122.5	41.3261844665	50
-122.694091499	41.5	50
-123	41.6698468626	50
-123.31141907	42	50
-123.5	42.4138713181	50
-123.573835097	42.5	50
-123.784312785	43	50
-123.796922207	43.5	50
-123.688670233	44	50
-123.5	44.4228736162	50
-123.467383206	44.5	50
-123.228854284	45	50
-123	45.3399097919	50
-122.878473282	45.5	50
-122.5	45.9917211533	50
-122.492350549	46	50
-122.134842813	46.5	50
-122	46.744551003	50
-121.832514018	47	50
-121.548326574	47.5	50
-121.5	47.5780836642	50
-121.239209473	48	50
-121	48.3211810589	50
-120.85509187	48.5	50
-120.5	48.85181427	50
-120.32559514	49	50
-120	49.236719653	50
-119.555037577	49.5	50
-119.5	49.53131181	50
> 60 contour -Z60
-119.5	49.0241037905	60
-119	49.26613307	60
-118.5	49.4195608795	60
-118	49.4886064827	60
-117.5	49.4832856357	60
-117	49.4373210669	60
-116.5	49.3888393342	60
-116	49.3483465314	60
-115.5	49.2928089499	60
-115	49.1971050501	60
-114.5	49.0246428717	60
-114.450519584	49	60
-114	48.7037188858	60
-113.774618104	48.5	60
-113.5	48.1107419208	60
-113.425875388	48	60
-113.280816749	47.5	60
-113.326914325	47	60
-113.5	46.5181353092	60
-113.505686283	46.5	60
-113.825481698	46	60
-114	45.8062388301	60
-114.25942041	45.5	60
-114.5	45.2668111026	60
-114.779032156	45	60
-115	44.8083590865	60
-115.381545775	44.5	60
-115.5	44.4064407647	60
-116	44.0563096106	60
-116.091828197	44	60
-116.5	43.7425088882	60
-116.896617725	43.5	60
-117	43.4332190752	60
-117.5	43.1295929849	60
-117.666022986	43	60
-118	42.7718314976	60
-118.30682236	42.5	60
-118.5	42.362595126	60
-119	42.0377333462	60
-119.063731134	42	60
-119.5	41.7000483871	60
-119.842944369	41.5	60
-120	41.415318653	60
-120.5	41.2169363201	60
-121	41.1308013499	60
-121.5	41.1171194911	60
-122	41.1807408333	60
-122.5	41.4232718423	60
-122.585678667	41.5	60
-123	41.7300399542	60
-123.254641533	42	60
-123.48696211	42.5	60
-123.5	42.5446772277	60
-123.715755776	43	60
-123.72141175	43.5	60
-123.569560207	44	60
-123.5	44.1559078842	60
-123.354483277	44.5	60
-123.036620509	45	60
-123	45.05439125	60
-122.661732182	45.5	60
-122.5	45.7101261318	60
-122.232164189	46	60
-122	46.2768023014	60
-121.735049412	46.5	60
-121.5	46.8020538688	60
-121.272687733	47	60
-121	47.4623180032	60
-120.974684298	47.5	60
-120.641238526	48	60
-120.5	48.1722583771	60
-120.192568928	48.5	60
-120	48.6653177589	60
-119.539016522	49	60
-119.5	49.0241037905	60
> 70 contour -Z70
-119	48.7284436524	70
-118.5	48.9070851803	70
-118	48.9819862545	70
-117.5	48.9709458351	70
-117	48.9512247443	70
-116.5	48.952116251	70
-116	48.9393039942	70
-115.5	48.883148551	70
-115	48.7435535938	70
-114.54229477	48.5	70
-114.5	48.4649941027	70
-114.087606728	48	70
-114	47.7872410417	70
-113.88845408	47.5	70
-113.880346984	47	70
-114	46.5197101235	70
-114.004435509	46.5	70
-114.267053679	46	70
-114.5	45.7180809677	70
-114.673070252	45.5	70
-115	45.1884341538	70
-115.209286273	45	70
-115.5	44.7678058296	70
-115.888171181	44.5	70
-116	44.4231474325	70
-116.5	44.1256626248	70
-116.752102897	44	70
-117	43.8635688573	70
-117.5	43.598090589	70
-117.597154051	43.5	70
-118	43.1675546765	70
-118.105949968	43	70
-118.5	42.6302150488	70
-118.644312829	42.5	70
-119	42.227062732	70
-119.383506067	42	70
-119.5	41.9199059382	70
-120	41.591924876	70
-120.164115667	41.5	70
-120.5	41.3459652364	70
-121	41.2114036083	70
-121.5	41.1754720807	70
-122	41.2411448061	70
-122.476674587	41.5	70
-122.5	41.5089910626	70
-123	41.7902330607	70
-123.197864011	42	70
-123.444740951	42.5	70
-123.5	42.6893573403	70
-123.647198766	43	70
-123.645901293	43.5	70
-123.5	43.911421448	70
-123.475127935	44	70
-123.241583318	44.5	70
-123	44.8627640307	70
-122.884742439	45	70
-122.5	45.4570703506	70
-122.458038449	45.5	70
-122	45.9812896848	70
-121.975913495	46	70
-121.5	46.4273607731	70
-121.348559767	46.5	70
-121	46.8128052056	70
-120.679984614	47	70
-120.5	47.272939831	70
-120.326278031	47.5	70
-120	47.960841924	70
-119.969087452	48	70
-119.5	48.4307846129	70
-119.406379163	48.5	70
-119	48.7284436524	70
> 80 contour -Z80
-117	48.5229960084	80
-116.5	48.5788982287	80
-116	48.5775879696	80
-115.553124577	48.5	80
-115.5	48.489294827	80
-115	48.246182397	80
-114.716172159	48	80
-114.5	47.6039170027	80
-114.449999958	47.5	80
-114.40994554	47	80
-114.497289289	46.5	80
-114.5	46.4944094005	80
-114.728142589	46	80
-115	45.650464505	80
-115.124067754	45.5	80
-115.5	45.1641492844	80
-115.711481214	45	80
-116	44.8053066283	80
-116.5	44.5185699463	80
-116.538264036	44.5	80
-117	44.2576438338	80
-117.5	44.0339891613	80
-117.536683261	44	80
-118	43.533796221	80
-118.019138992	43.5	80
-118.343186572	43	80
-118.5	42.8528429419	80
-118.891043656	42.5	80
-119	42.4163921326	80
-119.5	42.0892436206	80
-119.642847568	42	80
-120	41.7495193481	80
-120.445472874	41.5	80
-120.5	41.4749941509	80
-121	41.2920058668	80
-121.5	41.2338246703	80
-122	41.301548779	80
-122.365442365	41.5	80
-122.5	41.5518667996	80
-123	41.8504261672	80
-123.141086489	42	80
-123.402519763	42.5	80
-123.5	42.834037438	80
-123.578641757	43	80
-123.570390835	43.5	80
-123.5	43.6984924078	80
-123.415339351	44	80
-123.128683388	44.5	80
-123	44.6932323128	80
-122.742361262	45	80
-122.5	45.2879228592	80
-122.292705506	45.5	80
-122	45.8075639904	80
-121.752269924	46	80
-121.5	46.2265333384	80
-121	46.4695110321	80
-120.867253006	46.5	80
-120.5	46.6958249807	80
-120	46.9334767163	80
-119.866378456	47	80
-119.5	47.4569852948	80
-119.460997671	47.5	80
-119.014167652	48	80
-119	48.0102583887	80
-118.5	48.2609074116	80
-118	48.3896762133	80
-117.5	48.4517143965	80
-117.157663435	48.5	80
-117	48.5229960084	80
> 90 contour -Z90
-117.5	48.0376013517	90
-117	48.1876691282	90
-116.5	48.2536702752	90
-116	48.2282194644	90
-115.5	48.0694793984	90
-115.384119935	48	90
-115	47.5463864133	90
-114.970959872	47.5	90
-114.897171788	47	90
-114.979508055	46.5	90
-115	46.4540934823	90
-115.194198102	46	90
-115.5	45.6346578896	90
-115.618354797	45.5	90
-116	45.1933032274	90
-116.280011162	45	90
-116.5	44.865022108	90
-117	44.5902308822	90
-117.166792512	44.5	90
-117.5	44.3072131574	90
-117.831564113	44	90
-118	43.8305145502	90
-118.187172353	43.5	90
-118.5	43.0770209432	90
-118.55201301	43	90
-119	42.5802713931	90
-119.11238578	42.5	90
-119.5	42.2296299338	90
-119.867556572	42	90
-120	41.9071138501	90
-120.5	41.5851014256	90
-120.668894231	41.5	90
-121	41.3726081252	90
-121.5	41.2921772599	90
-122	41.3619527668	90
-122.254210114	41.5	90
-122.5	41.5947425663	90
-123	41.9106192663	90
-123.084308952	42	90
-123.360298604	42.5	90
-123.5	42.9787175469	90
-123.510084741	43	90
-123.5	43.3422520459	90
-123.497232258	43.5	90
-123.355550766	44	90
-123.015783442	44.5	90
-123	44.52370058	90
-122.599980101	45	90
-122.5	45.118775405	90
-122.127372548	45.5	90
-122	45.6338383108	90
-121.528626351	46	90
-121.5	46.0257058889	90
-121	46.2874876857	90
-120.5	46.4008133411	90
-120	46.4943560362	90
-119.98070842	46.5	90
-119.5	46.7904832661	90
-119.172826692	47	90
-119	47.1820243001	90
-118.559694063	47.5	90
-118.5	47.5498587117	90
-118	47.8628096581	90
-117.596698314	48	90
-117.5	48.0376013517	90
> 100 contour -Z100
-118	47.5005433857	100
-117.5	47.7526390254	100
-117	47.8878605962	100
-116.5	47.9433866441	100
-116	47.8647274375	100
-115.5	47.5235241745	100
-115.479088299	47.5	100
-115.332810849	47	100
-115.424612068	46.5	100
-115.5	46.3326772749	100
-115.640237272	46	100
-116	45.5986764431	100
-116.083745897	45.5	100
-116.5	45.1827434897	100
-116.751317427	45	100
-117	44.8456978947	100
-117.5	44.5532388091	100
-117.55692628	44.5	100
-118	44.078817755	100
-118.056740612	44	100
-118.355205715	43.5	100
-118.5	43.3042214215	100
-118.70544374	43	100
-119	42.7240239382	100
-119.313649684	42.5	100
-119.5	42.3700162619	100
-120	42.0413478017	100
-120.061446875	42	100
-120.5	41.6906601787	100
-120.878388546	41.5	100
-121	41.4532103874	100
-121.5	41.3505298495	100
-122	41.4223567396	100
-122.142977878	41.5	100
-122.5	41.6376183331	100
-123	41.9708123691	100
-123.027531419	42	100
-123.318077415	42.5	100
-123.466666162	43	100
-123.456410259	43.5	100
-123.295762181	44	100
-123	44.4259342253	100
-122.929481417	44.5	100
-122.5	44.9731067419	100
-122.464534998	45	100
-122	45.4722054303	100
-121.963377714	45.5	100
-121.5	45.8845674992	100
-121.199600339	46	100
-121	46.1054643095	100
-120.5	46.2159704268	100
-120	46.3233281672	100
-119.5	46.4757848978	100
-119.451743424	46.5	100
-119	46.8539061248	100
-118.770870864	47	100
-118.5	47.233597964	100
-118.000808767	47.5	100
-118	47.5005433857	100
> 110 contour -Z110
-117	47.6279177964	110
-116.5	47.6420910805	110
-116.074214369	47.5	110
-116	47.4454618394	110
-115.737077147	47	110
-115.798239395	46.5	110
-116	46.0956943035	110
-116.043613881	46	110
-116.476549614	45.5	110
-116.5	45.4821268115	110
-117	45.0928313136	110
-117.10608086	45	110
-117.5	44.7340771556	110
-117.750290036	44.5	110
-118	44.2626277506	110
-118.189064741	44	110
-118.5	43.5277923644	110
-118.516610265	43.5	110
-118.858874455	43	110
-119	42.8677764535	110
-119.5	42.5084830821	110
-119.510210216	42.5	110
-120	42.1420486569	110
-120.211098224	42	110
-120.5	41.7962189168	110
-121	41.5250708163	110
-121.105880886	41.5	110
-121.5	41.4088824391	110
-122	41.4827607255	110
-122.031745639	41.5	110
-122.5	41.6804940999	110
-122.967672884	42	110
-123	42.0365386605	110
-123.275856256	42.5	110
-123.427583188	43	110
-123.415588289	43.5	110
-123.235973597	44	110
-123	44.3398312628	110
-122.847502112	44.5	110
-122.5	44.8828002512	110
-122.345444828	45	110
-122	45.3511488736	110
-121.803872764	45.5	110
-121.5	45.7521907985	110
-121	45.9473077357	110
-120.642954007	46	110
-120.5	46.0311275125	110
-120	46.1523002982	110
-119.5	46.339515388	110
-119.180181444	46.5	110
-119	46.641158253	110
-118.5	46.9694994986	110
-118.440578341	47	110
-118	47.2914490998	110
-117.5	47.4852045774	110
-117.436646163	47.5	110
-117	47.6279177964	110
> 120 contour -Z120
-118	47.0825849473	120
-117.5	47.2779849768	120
-117	47.3702946603	120
-116.5	47.2995143831	120
-116.146958977	47	120
-116.136358023	46.5	120
-116.371784016	46	120
-116.5	45.8532307148	120
-116.780318335	45.5	120
-117	45.3272539228	120
-117.373961911	45	120
-117.5	44.9149155244	120
-117.943653777	44.5	120
-118	44.4464377426	120
-118.32138887	44	120
-118.5	43.728748858	120
-118.636713058	43.5	120
-119	43.0129146874	120
-119.011886448	43	120
-119.5	42.6229650378	120
-119.648000628	42.5	120
-120	42.2427495122	120
-120.360749543	42	120
-120.5	41.9017776623	120
-121	41.5848343968	120
-121.358278677	41.5	120
-121.5	41.4672350325	120
-121.720006153	41.5	120
-122	41.527954042	120
-122.5	41.7233698666	120
-122.904914021	42	120
-123	42.107473731	120
-123.233635083	42.5	120
-123.388500243	43	120
-123.37476629	43.5	120
-123.176185012	44	120
-123	44.2537282705	120
-122.765522808	44.5	120
-122.5	44.7924937606	120
-122.226354688	45	120
-122	45.2300922871	120
-121.644367829	45.5	120
-121.5	45.6198140904	120
-121	45.8220290244	120
-120.5	45.9078885913	120
-120	45.9898744226	120
-119.96580258	46	120
-119.5	46.2032458782	120
-119	46.458275497	120
-118.924669832	46.5	120
-118.5	46.8074354827	120
-118.124842159	47	120
-118	47.0825849473	120
> 130 contour -Z130
-117.5	47.0707653463	130
-117	47.1149190292	130
-116.659400702	47	130
-116.5	46.7228945941	130
-116.447322596	46.5	130
-116.5	46.3912289888	130
-116.655648172	46	130
-117	45.5816522241	130
-117.056970179	45.5	130
-117.5	45.1027955115	130
-117.586789012	45	130
-118	44.609703958	130
-118.077312499	44.5	130
-118.453713004	44	130
-118.5	43.9297053888	130
-118.756815851	43.5	130
-119	43.1739452779	130
-119.16009602	43	130
-119.5	42.7374469936	130
-119.785790995	42.5	130
-120	42.3434503824	130
-120.5	42.0036494434	130
-120.505776048	42	130
-121	41.6445979774	130
-121.5	41.5184192657	130
-122	41.5670724511	130
-122.5	41.7662456334	130
-122.842155129	42	130
-123	42.1784088016	130
-123.191413909	42.5	130
-123.349417269	43	130
-123.333944291	43.5	130
-123.116396427	44	130
-123	44.167625308	130
-122.683543518	44.5	130
-122.5	44.7021872699	130
-122.107264541	45	130
-122	45.109035708	130
-121.5	45.4896058738	130
-121.471508205	45.5	130
-121	45.6967502832	130
-120.5	45.7971245348	130
-120	45.8974033892	130
-119.653497651	46	130
-119.5	46.0669763759	130
-119	46.3342798352	130
-118.700805947	46.5	130
-118.5	46.645371452	130
-118	46.8979130089	130
-117.680477574	47	130
-117.5	47.0707653463	130
> 140 contour -Z140
-118	46.7290624976	140
-117.5	46.8493203223	140
-117	46.7766588926	140
-116.774687409	46.5	140
-116.911102131	46	140
-117	45.8919993341	140
-117.273504719	45.5	140
-117.5	45.2969325483	140
-117.75069654	45	140
-118	44.7645218521	140
-118.186418474	44.5	140
-118.5	44.0922452509	140
-118.560052454	44	140
-118.876918644	43.5	140
-119	43.3349758387	140
-119.308305621	43	140
-119.5	42.8519289643	140
-119.923581384	42.5	140
-120	42.4441512488	140
-120.5	42.0561588705	140
-120.588883579	42	140
-121	41.7043615282	140
-121.5	41.5604244173	140
-122	41.6061908901	140
-122.5	41.8091214001	140
-122.779396236	42	140
-123	42.2493438721	140
-123.149192736	42.5	140
-123.310334325	43	140
-123.293122292	43.5	140
-123.056607846	44	140
-123	44.0815223232	140
-122.601564221	44.5	140
-122.5	44.6118807793	140
-122	44.9941031933	140
-121.986090541	45	140
-121.5	45.3800792396	140
-121.171280161	45.5	140
-121	45.5714715421	140
-120.5	45.6863604784	140
-120	45.8049323857	140
-119.5	45.9546006024	140
-119.38466236	46	140
-119	46.2102842033	140
-118.5	46.4841450751	140
-118.464716375	46.5	140
-118	46.7290624976	140
> 150 contour -Z150
-118	46.5602119863	150
-117.5	46.6204979941	150
-117.188512683	46.5	150
-117.161738485	46	150
-117.490039266	45.5	150
-117.5	45.4910695665	150
-117.914604068	45	150
-118	44.9193397686	150
-118.295524478	44.5	150
-118.5	44.2341174185	150
-118.652412415	44	150
-118.997021437	43.5	150
-119	43.4960064241	150
-119.456515219	43	150
-119.5	42.9664109275	150
-120	42.5339569449	150
-120.02819699	42.5	150
-120.5	42.1086682975	150
-120.67199111	42	150
-121	41.7641251087	150
-121.5	41.6024295986	150
-122	41.6453092992	150
-122.5	41.8519971669	150
-122.716637373	42	150
-123	42.3202789277	150
-123.106971554	42.5	150
-123.27125138	43	150
-123.252300292	43.5	150
-123	43.9957329035	150
-122.997754186	44	150
-122.519584917	44.5	150
-122.5	44.5215742905	150
-122	44.9347193837	150
-121.846014857	45	150
-121.5	45.2705526054	150
-121	45.452801168	150
-120.806879491	45.5	150
-120.5	45.5755964294	150
-120	45.7124613822	150
-119.5	45.8653196692	150
-119.157843351	46	150
-119	46.0862885639	150
-118.5	46.3302136362	150
-118.12215662	46.5	150
-118	46.5602119863	150
> 160 contour -Z160
-118.5	46.176282227	160
-118	46.344378829	160
-117.5	46.2172045261	160
-117.409803517	46	160
-117.5	45.8620217443	160
-117.684661746	45.5	160
-118	45.1136092842	160
-118.061709225	45	160
-118.404630482	44.5	160
-118.5	44.3759895861	160
-118.744772404	44	160
-119	43.6304231286	160
-119.111640275	43.5	160
-119.5	43.0861917138	160
-119.560709655	43	160
-120	42.610196203	160
-120.091504157	42.5	160
-120.5	42.1611776948	160
-120.755098671	42	160
-121	41.8238886893	160
-121.5	41.6444347501	160
-122	41.6844277382	160
-122.5	41.8948729262	160
-122.65387848	42	160
-123	42.3912139907	160
-123.064750381	42.5	160
-123.232168421	43	160
-123.211478308	43.5	160
-123	43.9155236781	160
-122.955539435	44	160
-122.5	44.4670579731	160
-122.446262181	44.5	160
-122	44.8753355443	160
-121.705939189	45	160
-121.5	45.161026001	160
-121	45.3429086208	160
-120.5	45.4711436927	160
-120.401708782	45.5	160
-120	45.6199903637	160
-119.5	45.7760387361	160
-119	45.9641915262	160
-118.895087242	46	160
-118.5	46.176282227	160
> 170 contour -Z170
-118.5	46.0223507881	170
-118	46.1025059	170
-117.800131828	46	170
-117.878227673	45.5	170
-118	45.3507897556	170
-118.190538734	45	170
-118.5	44.5249011517	170
-118.511772752	44.5	170
-118.837132394	44	170
-119	43.7641630322	170
-119.226119608	43.5	170
-119.5	43.2081727087	170
-119.646627694	43	170
-120	42.6864354908	170
-120.154811323	42.5	170
-120.5	42.2136871219	170
-120.838206217	42	170
-121	41.8836522624	170
-121.5	41.6864399016	170
-122	41.7235461771	170
-122.5	41.9377486892	170
-122.591119602	42	170
-123	42.4621490575	170
-123.022529211	42.5	170
-123.193085462	43	170
-123.170656309	43.5	170
-123	43.8353144825	170
-122.913324684	44	170
-122.5	44.4237757921	170
-122.375656664	44.5	170
-122	44.815951705	170
-121.56586352	45	170
-121.5	45.0514993742	170
-121	45.2330160886	170
-120.5	45.3802577555	170
-120.092130445	45.5	170
-120	45.5275193546	170
-119.5	45.6867578328	170
-119	45.8464391828	170
-118.550093018	46	170
-118.5	46.0223507881	170
> 180 contour -Z180
-119.5	45.5974768996	180
-119	45.7286868542	180
-118.5	45.8059125543	180
-118.107932657	45.5	180
-118.319368228	45	180
-118.5	44.7226859927	180
-118.605281383	44.5	180
-118.929492369	44	180
-119	43.8979029283	180
-119.340598986	43.5	180
-119.5	43.3301537037	180
-119.732545733	43	180
-120	42.7626747638	180
-120.218118489	42.5	180
-120.5	42.2661965489	180
-120.921313755	42	180
-121	41.9434158355	180
-121.5	41.7284450531	180
-122	41.7626645863	180
-122.5	41.9806244541	180
-122.528360721	42	180
-122.993425727	42.5	180
-123	42.5529182255	180
-123.154002503	43	180
-123.129834324	43.5	180
-123	43.7551052868	180
-122.871109933	44	180
-122.5	44.3804936111	180
-122.305051148	44.5	180
-122	44.7565678656	180
-121.5	44.970713079	180
-121.339473873	45	180
-121	45.1231235489	180
-120.5	45.2893717885	180
-120	45.4424884617	180
-119.804258108	45.5	180
-119.5	45.5974768996	180
> 190 contour -Z190
-119.5	45.5081959963	190
-119	45.6109345332	190
-118.5	45.5788566694	190
-118.398934759	45.5	190
-118.448197711	45	190
-118.5	44.920470804	190
-118.698789984	44.5	190
-119	44.0342124701	190
-119.023363262	44	190
-119.455078345	43.5	190
-119.5	43.4521347061	190
-119.818463773	43	190
-120	42.8389140517	190
-120.281425655	42.5	190
-120.5	42.3187059611	190
-121	42.0014258325	190
-121.004820555	42	190
-121.5	41.7704502195	190
-122	41.8017830104	190
-122.451194942	42	190
-122.5	42.0079312623	190
-122.979329944	42.5	190
-123	42.6663792133	190
-123.114919551	43	190
-123.089012325	43.5	190
-123	43.6748960912	190
-122.828895181	44	190
-122.5	44.3372114301	190
-122.234445632	44.5	190
-122	44.6971840411	190
-121.5	44.9154339433	190
-121.03648027	45	190
-121	45.0132310046	190
-120.5	45.1984858513	190
-120	45.3606098294	190
-119.52558241	45.5	190
-119.5	45.5081959963	190
> 200 contour -Z200
-120.5	45.1075999141	200
-120	45.2787312269	200
-119.5	45.409588635	200
-119	45.489428997	200
-118.591182232	45	200
-118.792298615	44.5	200
-119	44.1788130701	200
-119.122109205	44	200
-119.5	43.568508327	200
-119.545040131	43.5	200
-119.904381827	43	200
-120	42.9151533246	200
-120.344732836	42.5	200
-120.5	42.3712153882	200
-121	42.0282271504	200
-121.095433116	42	200
-121.5	41.8124553859	200
-122	41.8409014344	200
-122.362150937	42	200
-122.5	42.0224016607	200
-122.96523416	42.5	200
-123	42.779840216	200
-123.075836591	43	200
-123.048190333	43.5	200
-123	43.5946869031	200
-122.7866804	44	200
-122.5	44.2939292789	200
-122.163840115	44.5	200
-122	44.6378002018	200
-121.5	44.8601547778	200
-121	44.9497284889	200
-120.786866933	45	200
-120.5	45.1075999141	200
> 210 contour -Z210
-120.5	45.0167139769	210
-120	45.1968526095	210
-119.5	45.3100385964	210
-119	45.3068539798	210
-118.743686318	45	210
-118.885807224	44.5	210
-119	44.3234136701	210
-119.220855147	44	210
-119.5	43.6812606156	210
-119.619168013	43.5	210
-119.990299871	43	210
-120	42.9913926022	210
-120.408040002	42.5	210
-120.5	42.4237248078	210
-121	42.0550284684	210
-121.186045676	42	210
-121.5	41.8544605523	210
-122	41.8800198585	210
-122.273106933	42	210
-122.5	42.0368720591	210
-122.951138377	42.5	210
-123	42.8933012038	210
-123.03675364	43	210
-123.00736834	43.5	210
-123	43.5144777019	210
-122.744465664	44	210
-122.5	44.2506470978	210
-122.093234599	44.5	210
-122	44.5784163624	210
-121.5	44.8048756123	210
-121	44.8925758302	210
-120.544560302	45	210
-120.5	45.0167139769	210
> 220 contour -Z220
-120	45.1149739921	220
-119.5	45.2104885727	220
-119	45.1242789477	220
-118.896190375	45	220
-118.979315842	44.5	220
-119	44.4680142663	220
-119.319601074	44	220
-119.5	43.7940128893	220
-119.693295896	43.5	220
-120	43.0882757008	220
-120.036422551	43	220
-120.471347168	42.5	220
-120.5	42.4762342311	220
-121	42.0818297863	220
-121.276658222	42	220
-121.5	41.8964657038	220
-122	41.9191382825	220
-122.184062928	42	220
-122.5	42.0513424277	220
-122.937042594	42.5	220
-122.999094725	43	220
-122.981173009	43.5	220
-122.702250898	44	220
-122.5	44.2073649168	220
-122.022629082	44.5	220
-122	44.5190325305	220
-121.5	44.7495964766	220
-121	44.8354232013	220
-120.5	44.9412193	220
-120.316218644	45	220
-120	45.1149739921	220
> 230 contour -Z230
-120	45.0330953896	230
-119.5	45.1109385341	230
-119.111355066	45	230
-119.101382434	44.5	230
-119.418347009	44	230
-119.5	43.9067651704	230
-119.767423779	43.5	230
-120	43.1877861023	230
-120.077480525	43	230
-120.5	42.5252532661	230
-120.518065989	42.5	230
-121	42.1086311042	230
-121.367270783	42	230
-121.5	41.9384708628	230
-122	41.9582567103	230
-122.095018908	42	230
-122.5	42.0658128262	230
-122.922946811	42.5	230
-122.983905733	43	230
-122.958199292	43.5	230
-122.660036147	44	230
-122.5	44.1640827358	230
-122	44.4784814417	230
-121.919004977	44.5	230
-121.5	44.6943173259	230
-121	44.7782705426	230
-120.5	44.8691928983	230
-120.091023892	45	230
-120	45.0330953896	230
> 240 contour -Z240
-119.5	45.0113885105	240
-119.460103299	45	240
-119.23156026	44.5	240
-119.5	44.0387214124	240
-119.517540157	44	240
-119.841551661	43.5	240
-120	43.2872965038	240
-120.118538529	43	240
-120.5	42.5713863969	240
-120.551069289	42.5	240
-121	42.1354323924	240
-121.457883332	42	240
-121.5	41.9804760236	240
-122	41.9973751332	240
-122.0059749	42	240
-122.5	42.0802832246	240
-122.908851027	42.5	240
-122.96871677	43	240
-122.935225576	43.5	240
-122.617821395	44	240
-122.5	44.1208005697	240
-122	44.4468132257	240
-121.799806952	44.5	240
-121.5	44.6390381753	240
-121	44.7211178839	240
-120.5	44.7971664965	240
-120	44.9307692945	240
-119.580540612	45	240
-119.5	45.0113885105	240
> 250 contour -Z250
-121.5	44.5837590098	250
-121	44.6639652252	250
-120.5	44.7251400948	250
-120	44.8145712316	250
-119.5	44.7726549208	250
-119.361738101	44.5	250
-119.5	44.2624150068	250
-119.618869573	44	250
-119.915679537	43.5	250
-120	43.3868069127	250
-120.159596503	43	250
-120.5	42.6175195277	250
-120.58407259	42.5	250
-121	42.1622337103	250
-121.5	42.0085005164	250
-122	42.0113080442	250
-122.5	42.094753623	250
-122.894755244	42.5	250
-122.953527778	43	250
-122.91225186	43.5	250
-122.575606644	44	250
-122.5	44.0775183886	250
-122	44.4151450098	250
-121.680608928	44.5	250
-121.5	44.5837590098	250
> 260 contour -Z260
-121.5	44.5284798741	260
-121	44.6068125665	260
-120.5	44.653113693	260
-120	44.6983731985	260
-119.5	44.5159419328	260
-119.491915928	44.5	260
-119.5	44.4861085797	260
-119.720198989	44	260
-119.989807417	43.5	260
-120	43.4863173198	260
-120.200654477	43	260
-120.5	42.6636526585	260
-120.61707589	42.5	260
-121	42.1890350282	260
-121.5	42.0243833959	260
-122	42.0234294534	260
-122.5	42.1092240214	260
-122.880659461	42.5	260
-122.938338816	43	260
-122.889278144	43.5	260
-122.533391885	44	260
-122.5	44.0342362151	260
-122	44.3834767938	260
-121.561410915	44.5	260
-121.5	44.5284798741	260
> 270 contour -Z270
-121	44.5496599078	270
-120.5	44.5810872912	270
-120	44.5821751505	270
-119.785058782	44.5	270
-119.82152842	44	270
-120	43.6643608212	270
-120.036636025	43.5	270
-120.241712481	43	270
-120.5	42.7097857893	270
-120.650079191	42.5	270
-121	42.2158363461	270
-121.5	42.0402663052	270
-122	42.0355508924	270
-122.5	42.1236944199	270
-122.866563678	42.5	270
-122.923149824	43	270
-122.866304427	43.5	270
-122.5	43.9935308397	270
-122.490767092	44	270
-122	44.3518085778	270
-121.5	44.4853844047	270
-121.320935339	44.5	270
-121	44.5496599078	270
> 280 contour -Z280
-120.5	44.5090608895	280
-120.349737912	44.5	280
-120	44.3611135185	280
-119.922857843	44	280
-120	43.8549240679	280
-120.079112589	43.5	280
-120.282770455	43	280
-120.5	42.7559189051	280
-120.683082491	42.5	280
-121	42.2426376641	280
-121.5	42.0561492145	280
-122	42.0476723015	280
-122.5	42.1381648183	280
-122.852467895	42.5	280
-122.907960832	43	280
-122.843330711	43.5	280
-122.5	43.96257779	280
-122.446590453	44	280
-122	44.3201403618	280
-121.5	44.4552366734	280
-121	44.4950635731	280
-120.744841471	44.5	280
-120.5	44.5090608895	280
> 290 contour -Z290
-122	44.2884721458	290
-121.5	44.4250889719	290
-121	44.4574098587	290
-120.5	44.4386835992	290
-120.018381	44	290
-120.121589124	43.5	290
-120.323828444	43	290
-120.5	42.8020520359	290
-120.716085792	42.5	290
-121	42.2694389969	290
-121.5	42.072032094	290
-122	42.0597937107	290
-122.5	42.1526352167	290
-122.838372111	42.5	290
-122.89277187	43	290
-122.820356995	43.5	290
-122.5	43.9316247404	290
-122.402413845	44	290
-122	44.2884721458	290
> 300 contour -Z300
-122	44.2568039298	300
-121.5	44.3949412405	300
-121	44.4197561443	300
-120.5	44.3685435951	300
-120.09538582	44	300
-120.164065689	43.5	300
-120.364886433	43	300
-120.5	42.8481851518	300
-120.749089092	42.5	300
-121	42.2962402999	300
-121.5	42.0879150033	300
-122	42.0719151497	300
-122.5	42.1671056151	300
-122.824276328	42.5	300
-122.877582878	43	300
-122.797383279	43.5	300
-122.5	43.9006716907	300
-122.358237207	44	300
-122	44.2568039298	300
> 310 contour -Z310
-122	44.2251357138	310
-121.5	44.3647935092	310
-121	44.3821024299	310
-120.5	44.2984036207	310
-120.17239064	44	310
-120.206542224	43.5	310
-120.405944414	43	310
-120.5	42.8943182826	310
-120.782092407	42.5	310
-121	42.3230416179	310
-121.5	42.1037978828	310
-122	42.0840365589	310
-122.5	42.1815760136	310
-122.810180545	42.5	310
-122.862393916	43	310
-122.774409562	43.5	310
-122.5	43.869718641	310
-122.314060569	44	310
-122	44.2251357138	310
> 320 contour -Z320
-122	44.1934674978	320
-121.5	44.3346458077	320
-121	44.3444486856	320
-120.5	44.2282636315	320
-120.24939546	44	320
-120.249018788	43.5	320
-120.447002396	43	320
-120.5	42.9404514097	320
-120.815095708	42.5	320
-121	42.3498429358	320
-121.5	42.1196807921	320
-122	42.096157968	320
-122.5	42.196046412	320
-122.796084762	42.5	320
-122.847204924	43	320
-122.751435846	43.5	320
-122.5	43.8387656212	320
-122.269883931	44	320
-122	44.1934674978	320
> 330 contour -Z330
-122	44.1617992818	330
-121.5	44.3044980764	330
-121	44.3067949712	330
-120.5	44.1581236422	330
-120.32640028	44	330
-120.291495338	43.5	330
-120.488060381	43	330
-120.5	42.9865845349	330
-120.848099008	42.5	330
-121	42.3766442537	330
-121.5	42.1355637014	330
-122	42.108279407	330
-122.5	42.2105168104	330
-122.781988978	42.5	330
-122.832015961	43	330
-122.728462145	43.5	330
-122.5	43.8078125715	330
-122.225707307	44	330
-122	44.1617992818	330
> 340 contour -Z340
-122	44.1301310658	340
-121.5	44.2743503451	340
-121	44.2691412568	340
-120.5	44.0879836455	340
-120.403405108	44	340
-120.333971888	43.5	340
-120.5	43.0767882466	340
-120.51920861	43	340
-120.881102309	42.5	340
-121	42.4034455717	340
-121.5	42.1514465809	340
-122	42.1204008162	340
-122.5	42.2249872088	340
-122.767893195	42.5	340
-122.816826969	43	340
-122.705488428	43.5	340
-122.5	43.7768595219	340
-122.181530669	44	340
-122	44.1301310658	340
> 350 contour -Z350
-122	44.0984628499	350
-121.5	44.2442026287	350
-121	44.2314875275	350
-120.5	44.0178436581	350
-120.480409924	44	350
-120.37644843	43.5	350
-120.5	43.1850625277	350
-120.546293467	43	350
-120.914105609	42.5	350
-121	42.4302468896	350
-121.5	42.1673294902	350
-122	42.1325222254	350
-122.5	42.2394576073	350
-122.753797412	42.5	350
-122.801637977	43	350
-122.682514712	43.5	350
-122.5	43.7459064722	350
-122.137354031	44	350
-122	44.0984628499	350
> 360 contour -Z360
-122	44.0667946339	360
-121.5	44.2140548974	360
-121	44.1938338131	360
-120.563257158	44	360
-120.5	43.8595487773	360
-120.41892498	43.5	360
-120.5	43.2933368087	360
-120.573378325	43	360
-120.947108909	42.5	360
-121	42.4570482075	360
-121.5	42.1832123995	360
-122	42.1446436346	360
-122.5	42.2539280057	360
-122.739701614	42.5	360
-122.786449015	43	360
-122.659540996	43.5	360
-122.5	43.7149534374	360
-122.093177401	44	360
-122	44.0667946339	360
> 370 contour -Z370
-122	44.0351264179	370
-121.5	44.183907181	370
-121	44.1561800987	370
-120.648097843	44	370
-120.5	43.6711751819	370
-120.461401533	43.5	370
-120.5	43.4016110972	370
-120.600463182	43	370
-120.980112208	42.5	370
-121	42.4838495236	370
-121.5	42.199095279	370
-122	42.1567650735	370
-122.5	42.2683984041	370
-122.725605831	42.5	370
-122.771260023	43	370
-122.63656728	43.5	370
-122.5	43.6840003878	370
-122.049000766	44	370
-122	44.0351264179	370
> 380 contour -Z380
-122	44.0034582019	380
-121.5	44.1537594646	380
-121	44.1185263693	380
-120.732938528	44	380
-120.503227592	43.5	380
-120.627548039	43	380
-121	42.5140436888	380
-121.010832697	42.5	380
-121.5	42.2149781883	380
-122	42.1688864827	380
-122.5	42.2828687876	380
-122.711510047	42.5	380
-122.756071061	43	380
-122.613593556	43.5	380
-122.5	43.653047353	380
-122.004824135	44	380
-122	44.0034582019	380
> 390 contour -Z390
-121.5	44.1236117482	390
-121	44.0808726475	390
-120.817779213	44	390
-120.538579255	43.5	390
-120.654632896	43	390
-121	42.549382627	390
-121.03809166	42.5	390
-121.5	42.2308610678	390
-122	42.1810078919	390
-122.5	42.2973391861	390
-122.697414264	42.5	390
-122.740882069	43	390
-122.59061984	43.5	390
-122.5	43.6220943034	390
-122	43.9777720273	390
-121.910759479	44	390
-121.5	44.1236117482	390
> 400 contour -Z400
-121.5	44.0934640169	400
-121	44.0432189293	400
-120.902619891	44	400
-120.573930949	43.5	400
-120.681717753	43	400
-121	42.5847215652	400
-121.065350592	42.5	400
-121.5	42.2467439771	400
-122	42.1931293309	400
-122.5	42.3118095845	400
-122.683318481	42.5	400
-122.725693092	43	400
-122.567646123	43.5	400
-122.5	43.5911412612	400
-122	43.9528191984	400
-121.810579151	44	400
-121.5	44.0934640169	400
> 410 contour -Z410
-121.5	44.0633162856	410
-121	44.0055652079	410
-120.987460574	44	410
-120.609282613	43.5	410
-120.708802581	43	410
-121	42.6200605035	410
-121.092609525	42.5	410
-121.5	42.2626268715	410
-122	42.2052507401	410
-122.5	42.3262799829	410
-122.669222698	42.5	410
-122.710504115	43	410
-122.544672407	43.5	410
-122.5	43.5601882152	410
-122	43.9278663397	410
-121.710398838	44	410
-121.5	44.0633162856	410
> 420 contour -Z420
-121.5	44.0331685543	420
-121.218244106	44	420
-121	43.960924387	420
-120.644634306	43.5	420
-120.735887438	43	420
-121	42.6553994417	420
-121.119868487	42.5	420
-121.5	42.2785097659	420
-122	42.2173721492	420
-122.5	42.3407503814	420
-122.655126914	42.5	420
-122.695315138	43	420
-122.521698693	43.5	420
-122.5	43.529235173	420
-122	43.9029135108	420
-121.610218525	44	420
-121.5	44.0331685543	420
> 430 contour -Z430
-121.5	44.0030208528	430
-121.474338936	44	430
-121	43.9150717556	430
-120.67998597	43.5	430
-120.76297231	43	430
-121	42.69073838	430
-121.14712742	42.5	430
-121.5	42.2943926752	430
-122	42.2294935882	430
-122.5	42.3552207798	430
-122.641031131	42.5	430
-122.680126145	43	430
-122.5	43.4976709485	430
-122.498174667	43.5	430
-122	43.8779606521	430
-121.51003821	44	430
-121.5	44.0030208528	430
> 440 contour -Z440
-122	43.8530078083	440
-121.5	43.9753575623	440
-121	43.8692191243	440
-120.715337664	43.5	440
-120.790057167	43	440
-121	42.7260773182	440
-121.174386382	42.5	440
-121.5	42.3102755696	440
-122	42.2416149974	440
-122.5	42.3696911782	440
-122.626935348	42.5	440
-122.664937168	43	440
-122.5	43.4557052851	440
-122.465285331	43.5	440
-122	43.8530078083	440
> 450 contour -Z450
-122	43.8280549645	450
-121.5	43.9479709566	450
-121	43.823366493	450
-120.750689328	43.5	450
-120.81714201	43	450
-121	42.7614162415	450
-121.201645315	42.5	450
-121.5	42.326158464	450
-122	42.2537364066	450
-122.5	42.3841615766	450
-122.612839572	42.5	450
-122.649748191	43	450
-122.5	43.4137395918	450
-122.432395995	43.5	450
-122	43.8280549645	450
> 460 contour -Z460
-122	43.8031021208	460
-121.5	43.9205843508	460
-121	43.7775138915	460
-120.786041006	43.5	460
-120.844226867	43	460
-121	42.7967551798	460
-121.228904277	42.5	460
-121.5	42.3420413584	460
-122	42.2658578306	460
-122.5	42.3986319751	460
-122.598743789	42.5	460
-122.634559214	43	460
-122.5	43.3717739284	460
-122.399506658	43.5	460
-122	43.8031021208	460
> 470 contour -Z470
-122	43.778149277	470
-121.5	43.8931977451	470
-121	43.7316612601	470
-120.821392685	43.5	470
-120.871311724	43	470
-121	42.832094118	470
-121.25616321	42.5	470
-121.5	42.3579242676	470
-122	42.2779792547	470
-122.5	42.413102366	470
-122.584648006	42.5	470
-122.61937023	43	470
-122.5	43.329808265	470
-122.366617322	43.5	470
-122	43.778149277	470
> 480 contour -Z480
-122	43.7531964332	480
-121.5	43.8658111393	480
-121	43.6858086288	480
-120.856744364	43.5	480
-120.898396581	43	480
-121	42.8674330413	480
-121.283422157	42.5	480
-121.5	42.373807162	480
-122	42.2901006639	480
-122.5	42.4275727645	480
-122.570552215	42.5	480
-122.604181252	43	480
-122.5	43.2878426015	480
-122.333727986	43.5	480
-122	43.7531964332	480
> 490 contour -Z490
-122	43.7282435894	490
-121.5	43.8384245336	490
-121	43.6399560124	490
-120.892096043	43.5	490
-120.925481439	43	490
-121	42.902771987	490
-121.310681105	42.5	490
-121.5	42.3896900564	490
-122	42.302222088	490
-122.5	42.4420431629	490
-122.556456435	42.5	490
-122.588992275	43	490
-122.5	43.2458769381	490
-122.300838649	43.5	490
-122	43.7282435894	490
> 500 contour -Z500
-122	43.7032907605	500
-121.5	43.8110379279	500
-121	43.5941033885	500
-120.927447714	43.5	500
-120.952566292	43	500
-121	42.9381109215	500
-121.337940052	42.5	500
-121.5	42.4055729508	500
-122	42.3143435121	500
-122.5	42.4565135613	500
-122.542360652	42.5	500
-122.573803291	43	500
-122.5	43.2039112747	500
-122.267949313	43.5	500
-122	43.7032907605	500
> 510 contour -Z510
-122	43.6783379018	510
-121.5	43.7836513221	510
-121	43.5482507646	510
-120.962799393	43.5	510
-120.979651147	43	510
-121	42.973449856	510
-121.365198985	42.5	510
-121.5	42.4214558527	510
-122	42.3264649212	510
-122.5	42.4709839579	510
-122.528264867	42.5	510
-122.558614314	43	510
-122.5	43.1619456112	510
-122.235059977	43.5	510
-122	43.6783379018	510
> 520 contour -Z520
-122	43.6533850729	520
-121.5	43.7562647164	520
-121	43.5023981393	520
-120.998151071	43.5	520
-121	43.4131214991	520
-121.007166415	43	520
-121.39245794	42.5	520
-121.5	42.4373387471	520
-122	42.3385863453	520
-122.5	42.4854543544	520
-122.514169084	42.5	520
-122.543425333	43	520
-122.5	43.1199799478	520
-122.202170655	43.5	520
-122	43.6533850729	520
> 530 contour -Z530
-122	43.6284322143	530
-121.5	43.7288780957	530
-121.050924182	43.5	530
-121.035981864	43	530
-121.41971688	42.5	530
-121.5	42.4532216489	530
-122	42.3507077545	530
-122.5	42.4999247511	530
-122.500073301	42.5	530
-122.528236354	43	530
-122.5	43.0780142844	530
-122.169281319	43.5	530
-122	43.6284322143	530
> 540 contour -Z540
-122	43.6034793854	540
-121.5	43.70149149	540
-121.104658753	43.5	540
-121.064797312	43	540
-121.446975827	42.5	540
-121.5	42.4691045452	540
-122	42.3628291786	540
-122.459597766	42.5	540
-122.5	42.7683133185	540
-122.513047375	43	540
-122.5	43.0360486209	540
-122.136391982	43.5	540
-122	43.6034793854	540
> 550 contour -Z550
-122	43.5785265267	550
-121.5	43.6741048843	550
-121.158393294	43.5	550
-121.09361276	43	550
-121.474234773	42.5	550
-121.5	42.4849874433	550
-122	42.3749506027	550
-122.418984354	42.5	550
-122.496003956	43	550
-122.103502639	43.5	550
-122	43.5785265267	550
> 560 contour -Z560
-122	43.5535736978	560
-121.5	43.6467182636	560
-121.212127864	43.5	560
-121.122428209	43	560
-121.5	42.5020822883	560
-121.502923697	42.5	560
-122	42.3870720193	560
-122.378370911	42.5	560
-122.467662662	43	560
-122.07061331	43.5	560
-122	43.5535736978	560
> 570 contour -Z570
-122	43.5286208391	570
-121.5	43.6193316653	570
-121.26586242	43.5	570
-121.151243657	43	570
-121.5	42.5400822759	570
-121.556278676	42.5	570
-122	42.3991934359	570
-122.337757498	42.5	570
-122.439321339	43	570
-122.03772397	43.5	570
-122	43.5286208391	570
> 580 contour -Z580
-122	43.5036679804	580
-121.5	43.5919450521	580
-121.319596976	43.5	580
-121.180059135	43	580
-121.5	42.5780822933	580
-121.609633654	42.5	580
-122	42.4113148525	580
-122.297144085	42.5	580
-122.410980046	43	580
-122.004834636	43.5	580
-122	43.5036679804	580
> 590 contour -Z590
-121.5	43.5645584464	590
-121.373331532	43.5	590
-121.208874583	43	590
-121.5	42.6160822809	590
-121.662988633	42.5	590
-122	42.4234362692	590
-122.256530643	42.5	590
-122.382638723	43	590
-122	43.4702871442	590
-121.867146015	43.5	590
-121.5	43.5645584464	590
> 600 contour -Z600
-121.5	43.5371718407	600
-121.427066095	43.5	600
-121.237690032	43	600
-121.5	42.6540822685	600
-121.716343611	42.5	600
-122	42.4355576932	600
-122.215917215	42.5	600
-122.354297429	43	600
-122	43.4354538918	600
-121.711397484	43.5	600
-121.5	43.5371718407	600
> 610 contour -Z610
-121.5	43.5097852349	610
-121.480800653	43.5	610
-121.26650548	43	610
-121.5	42.6920822561	610
-121.769698575	42.5	610
-122	42.4476791061	610
-122.175303802	42.5	610
-122.325956136	43	610
-122	43.4006206393	610
-121.555648927	43.5	610
-121.5	43.5097852349	610
> 620 contour -Z620
-122	43.3657873869	620
-121.5	43.4585129917	620
-121.295320943	43	620
-121.5	42.7300822437	620
-121.823053554	42.5	620
-122	42.4598005265	620
-122.134690374	42.5	620
-122.297614813	43	620
-122	43.3657873869	620
> 630 contour -Z630
-122	43.3309541345	630
-121.5	43.3939618766	630
-121.324136391	43	630
-121.5	42.7680822313	630
-121.876408532	42.5	630
-122	42.471921945	630
-122.094076946	42.5	630
-122.26927352	43	630
-122	43.3309541345	630
> 640 contour -Z640
-122	43.296120882	640
-121.5	43.3294107914	640
-121.35295184	43	640
-121.5	42.8060822189	640
-121.929763503	42.5	640
-122	42.4840433635	640
-122.053463519	42.5	640
-122.240932211	43	640
-122	43.296120882	640
> 650 contour -Z650
-122	43.2612876445	650
-121.5	43.2648596764	650
-121.381767295	43	650
-121.5	42.8440822214	650
-121.983118478	42.5	650
-122	42.4961647815	650
-122.012850094	42.5	650
-122.212590918	43	650
-122	43.2612876445	650
> 660 contour -Z660
-122	43.2264543772	660
-121.5	43.2003085762	660
-121.410582751	43	660
-121.5	42.882082209	660
-122	42.547573328	660
-122.18424961	43	660
-122	43.2264543772	660
> 670 contour -Z670
-122	43.1916211545	670
-121.5	43.1357574612	670
-121.439398203	43	670
-121.5	42.9200821966	670
-122	42.6171656549	670
-122.155908301	43	670
-122	43.1916211545	670
> 680 contour -Z680
-122	43.1567879021	680
-121.5	43.0712063611	680
-121.468213655	43	680
-121.5	42.9580821879	680
-122	42.6867580116	680
-122.127567008	43	680
-122	43.1567879021	680
> 690 contour -Z690
-122	43.1219546497	690
-121.5	43.0066552567	690
-121.49702911	43	690
-121.5	42.9960821788	690
-122	42.7563503385	690
-122.0992257	43	690
-122	43.1219546497	690
> 700 contour -Z700
-122	43.0871213973	700
-121.631974667	43	700
-122	42.8259426802	700
-122.070884399	43	700
-122	43.0871213973	700
> 710 contour -Z710
-122	43.0522881448	710
-121.779120147	43	710
-122	42.8955350295	710
-122.042543091	43	710
-122	43.0522881448	710
> 720 contour -Z720
-122	43.0174548924	720
-121.926265612	43	720
-122	42.9651273713	720
-122.014201788	43	720
-122	43.0174548924	720
