> 10 contour -Z10
-118.5	51.5180117786	10
-118	51.6575685889	10
-117.5	51.7345916331	10
-117	51.7637256384	10
-116.5	51.7525682449	10
-116	51.6880227625	10
-115.5	51.5492745154	10
-115.373316005	51.5	10
-115	51.3923984468	10
-114.5	51.1808854342	10
-114.185912222	51	10
-114	50.9067361951	10
-113.5	50.5768265203	10
-113.396684028	50.5	10
-113	50.2093363255	10
-112.756222174	50	10
-112.5	49.7008258998	10
-112.334133416	49.5	10
-112.037008464	49	10
-112	48.9077366889	10
-111.805701897	48.5	10
-111.741262913	48	10
-111.842216641	47.5	10
-112	47.2454206645	10
-112.10666579	47	10
-112.494394425	46.5	10
-112.5	46.4945613523	10
-112.915443398	46	10
-113	45.9229246452	10
-113.430626988	45.5	10
-113.5	45.434745647	10
-113.9883943	45	10
-114	44.9883291479	10
-114.476091042	44.5	10
-114.5	44.4746061042	10
-114.94151134	44	10
-115	43.9331707656	10
-115.361710817	43.5	10
-115.5	43.3307577372	10
-115.758070782	43	10
-116	42.7052132487	10
-116.163890988	42.5	10
-116.5	42.1273083091	10
-116.624215126	42	10
-117	41.6378584802	10
-117.185421109	41.5	10
-117.5	41.2603450716	10
-118	41.0169971585	10
-118.047641963	41	10
-118.5	40.77008681	10
-119	40.6486874521	10
-119.5	40.5915650427	10
-120	40.5915722251	10
-120.5	40.6785297692	10
-121	40.9065365791	10
-121.121609919	41	10
-121.5	41.0658510625	10
-122	41.216301918	10
-122.392335027	41.5	10
-122.5	41.5350707769	10
-123	41.827728346	10
-123.165800735	42	10
-123.365512073	42.5	10
-123.435146332	43	10
-123.448354304	43.5	10
-123.407717198	44	10
-123.246709839	44.5	10
-123	44.8850338757	10
-122.942011565	45	10
-122.611225061	45.5	10
-122.5	45.9693877697	10
-122.495264053	46	10
-122.5	46.3344599158	10
-122.504339336	46.5	10
-122.5	46.5150861451	10
-122.433851331	47	10
-122.32826221	47.5	10
-122.20458509	48	10
-122.029722869	48.5	10
-122	48.5654288605	10
-121.865194768	49	10
-121.534648634	49.5	10
-121.5	49.5442985371	10
-121.111032031	50	10
-121	50.1157055572	10
-120.551309805	50.5	10
-120.5	50.5461538471	10
-120	50.9074538648	10
-119.805716515	51	10
-119.5	51.1832175553	10
-119	51.3845286071	10
-118.548304737	51.5	10
-118.5	51.5180117786	10
> 20 contour -Z20
-118.5	51.0347334743	20
-118	51.1621412635	20
-117.5	51.2263884097	20
-117	51.240040347	20
-116.5	51.2007665634	20
-116	51.0977584422	20
-115.706633359	51	20
-115.5	50.9473120272	20
-115	50.7703068852	20
-114.502406031	50.5	20
-114.5	50.4988050759	20
-114	50.2048409283	20
-113.728913814	50	20
-113.5	49.8061662912	20
-113.195181936	49.5	20
-113	49.223384738	20
-112.84049803	49	20
-112.588226169	48.5	20
-112.5	48.0728179365	20
-112.481004436	48	20
-112.5	47.7482759953	20
-112.511509866	47.5	20
-112.67073372	47	20
-112.998945788	46.5	20
-113	46.4988191684	20
-113.348210067	46	20
-113.5	45.8497552127	20
-113.80332233	45.5	20
-114	45.3138592988	20
-114.322709695	45	20
-114.5	44.8206633627	20
-114.8218804	44.5	20
-115	44.3158727884	20
-115.289764479	44	20
-115.5	43.7722951621	20
-115.746853501	43.5	20
-116	43.2171262205	20
-116.1999107	43	20
-116.5	42.6658973098	20
-116.666298866	42.5	20
-117	42.1620160043	20
-117.195868194	42	20
-117.5	41.7400536239	20
-117.918604642	41.5	20
-118	41.4462185502	20
-118.5	41.1989795864	20
-119	41.0918802321	20
-119.5	41.060867399	20
-120	41.0798696876	20
-120.5	41.1139724255	20
-121	41.1575911343	20
-121.5	41.2546443194	20
-121.997321308	41.5	20
-122	41.5005166531	20
-122.5	41.6637709141	20
-122.915976673	42	20
-123	42.1719116569	20
-123.183402523	42.5	20
-123.296184093	43	20
-123.312121958	43.5	20
-123.227828741	44	20
-123	44.4026003182	20
-122.965747774	44.5	20
-122.662009284	45	20
-122.5	45.2027614117	20
-122.28278017	45.5	20
-122.01688675	46	20
-122.061011095	46.5	20
-122.01385972	47	20
-122	47.0563331917	20
-121.941419095	47.5	20
-121.849980026	48	20
-121.704185262	48.5	20
-121.5	48.8831765056	20
-121.435204297	49	20
-121.027253879	49.5	20
-121	49.5296646636	20
-120.5	49.9836334884	20
-120.476908326	50	20
-120	50.3647898138	20
-119.745314553	50.5	20
-119.5	50.6527225375	20
-119	50.8763425648	20
-118.585919209	51	20
-118.5	51.0347334743	20
> 30 contour -Z30
-119	50.525342226	30
-118.5	50.7238245904	30
-118	50.8277922273	30
-117.5	50.8753762543	30
-117	50.8785682023	30
-116.5	50.829849273	30
-116	50.7241144776	30
-115.5	50.5502660498	30
-115.388595521	50.5	30
-115	50.3478710055	30
-114.5	50.0562488884	30
-114.417915277	50	30
-114	49.7105475068	30
-113.764649957	49.5	30
-113.5	49.1850155294	30
-113.354379356	49	30
-113.073968828	48.5	30
-113	48.2489357442	30
-112.915013649	48	30
-112.911158197	47.5	30
-113	47.2341545522	30
-113.053986996	47	30
-113.298808217	46.5	30
-113.5	46.2386009395	30
-113.647236735	46	30
-114	45.6103834212	30
-114.086072862	45.5	30
-114.5	45.0933043659	30
-114.589619517	45	30
-115	44.5905303359	30
-115.095204949	44.5	30
-115.5	44.0722784698	30
-115.568136394	44	30
-116	43.5398522317	30
-116.03644672	43.5	30
-116.5	43.0123552084	30
-116.51217401	43	30
-117	42.5128563941	30
-117.014905095	42.5	30
-117.5	42.0646749139	30
-117.598796904	42	30
-118	41.7080736458	30
-118.5	41.5113525689	30
-118.561633199	41.5	30
-119	41.3837487251	30
-119.5	41.3710988611	30
-120	41.3734002709	30
-120.5	41.3400632888	30
-121	41.3350786269	30
-121.5	41.4434375726	30
-121.614648663	41.5	30
-122	41.5743250251	30
-122.5	41.7924710363	30
-122.75675115	42	30
-123	42.4976870229	30
-123.001292962	42.5	30
-123.157221854	43	30
-123.175889596	43.5	30
-123.047940291	44	30
-123	44.0847161561	30
-122.853958458	44.5	30
-122.5	44.9412715435	30
-122.456621081	45	30
-122.0266851	45.5	30
-122	45.5487416908	30
-121.787342399	46	30
-121.813855499	46.5	30
-121.792177111	47	30
-121.71602127	47.5	30
-121.600404292	48	30
-121.5	48.2708361149	30
-121.418381065	48.5	30
-121.112997808	49	30
-121	49.135353148	30
-120.636111557	49.5	30
-120.5	49.6262864619	30
-120	49.9851267338	30
-119.974201232	50	30
-119.5	50.3001146913	30
-119.049149092	50.5	30
-119	50.525342226	30
> 40 contour -Z40
-118	50.5511977077	40
-117.5	50.601718545	40
-117	50.5953783393	40
-116.5	50.5260087214	40
-116.399601348	50.5	40
-116	50.4176535606	40
-115.5	50.2526479959	40
-115	50.003376036	40
-114.994448874	50	40
-114.5	49.7100770622	40
-114.227793038	49.5	40
-114	49.2905918956	40
-113.742027223	49	40
-113.5	48.5917170569	40
-113.44289086	48.5	40
-113.243911356	48	40
-113.215036243	47.5	40
-113.329712167	47	40
-113.5	46.6734693646	40
-113.567831278	46.5	40
-113.887309738	46	40
-114	45.8755369335	40
-114.292829663	45.5	40
-114.5	45.2964490354	40
-114.784741446	45	40
-115	44.7852191925	40
-115.29994677	44.5	40
-115.5	44.2886162996	40
-115.772076532	44	40
-116	43.7571490705	40
-116.235174865	43.5	40
-116.5	43.221411556	40
-116.718164206	43	40
-117	42.7185584605	40
-117.253386438	42.5	40
-117.5	42.2786885202	40
-117.925722517	42	40
-118	41.9459536746	40
-118.5	41.7140772045	40
-119	41.6232688427	40
-119.5	41.6199417412	40
-120	41.5870397091	40
-120.5	41.5289444923	40
-121	41.5047525764	40
-121.5	41.5431015193	40
-122	41.6481333971	40
-122.5	41.921171166	40
-122.597525634	42	40
-122.966577351	42.5	40
-123	42.941563677	40
-123.018259626	43	40
-123.039657231	43.5	40
-123	43.6420554221	40
-122.964515179	44	40
-122.742169157	44.5	40
-122.5	44.8019064963	40
-122.353681147	45	40
-122	45.3965971172	40
-121.887676805	45.5	40
-121.566903271	46	40
-121.597835466	46.5	40
-121.577262007	47	40
-121.5	47.4481425881	40
-121.49292925	47.5	40
-121.382379532	48	40
-121.178607419	48.5	40
-121	48.7671424747	40
-120.818843842	49	40
-120.5	49.3193249404	40
-120.270904213	49.5	40
-120	49.710205093	40
-119.5	49.9987321794	40
-119.497430027	50	40
-119	50.2693990171	40
-118.5	50.4459600449	40
-118.213298157	50.5	40
-118	50.5511977077	40
> 50 contour -Z50
-119	50.0208530128	50
-118.5	50.2287576348	50
-118	50.3338566422	50
-117.5	50.3732755184	50
-117	50.3629468977	50
-116.5	50.3005322516	50
-116	50.1759558767	50
-115.564541161	50	50
-115.5	49.9765923619	50
-115	49.7392975688	50
-114.643959552	49.5	50
-114.5	49.3973692954	50
-114.078624725	49	50
-114	48.8956696391	50
-113.728173405	48.5	50
-113.535391152	48	50
-113.5	47.5807813108	50
-113.491539021	47.5	50
-113.5	47.4629540332	50
-113.575704813	47	50
-113.774571002	46.5	50
-114	46.1636644006	50
-114.088501185	46	50
-114.499586477	45.5	50
-114.5	45.4995937014	50
-114.979863387	45	50
-115	44.9799080789	50
-115.5	44.5033377111	50
-115.503690332	44.5	50
-115.976016667	44	50
-116	43.9744459204	50
-116.433903016	43.5	50
-116.5	43.4304678664	50
-116.924154423	43	50
-117	42.924260512	50
-117.491867796	42.5	50
-117.5	42.4927021442	50
-118	42.1306111515	50
-118.326572016	42	50
-118.5	41.9168018103	50
-119	41.8281365186	50
-119.5	41.8251457065	50
-120	41.7400899827	50
-120.5	41.6278662384	50
-121	41.5718792677	50
-121.5	41.6046399772	50
-122	41.7219417691	50
-122.453367174	42	50
-122.5	42.0146245062	50
-122.932915717	42.5	50
-122.976207554	43	50
-122.978174776	43.5	50
-122.916137755	44	50
-122.630379841	44.5	50
-122.5	44.6625414342	50
-122.250741184	45	50
-122	45.2811663151	50
-121.762288094	45.5	50
-121.5	45.875103116	50
-121.390218168	46	50
-121.417850375	46.5	50
-121.400323719	47	50
-121.322959512	47.5	50
-121.185591146	48	50
-121	48.3935486972	50
-120.943338841	48.5	50
-120.539841563	49	50
-120.5	49.0399016812	50
-120	49.4472528398	50
-119.918167263	49.5	50
-119.5	49.7723341584	50
-119.03850393	50	50
-119	50.0208530128	50
> 60 contour -Z60
-118.5	50.0115551949	60
-118	50.1299747229	60
-117.5	50.1715813279	60
-117	50.1562926769	60
-116.5	50.0823916942	60
-116.20932743	50	60
-116	49.9487642944	60
-115.5	49.7596538067	60
-115.035364866	49.5	60
-115	49.4806705117	60
-114.5	49.118102029	60
-114.374763161	49	60
-114	48.5027114213	60
-113.998137243	48.5	60
-113.758257195	48	60
-113.691793263	47.5	60
-113.773677558	47	60
-113.981310742	46.5	60
-114	46.4721159972	60
-114.255295739	46	60
-114.5	45.7024258673	60
-114.651990503	45.5	60
-115	45.1409220695	60
-115.135697842	45	60
-115.5	44.6490890682	60
-115.664840311	44.5	60
-116	44.1489433944	60
-116.153348893	44	60
-116.5	43.625352174	60
-116.616146326	43.5	60
-117	43.1113304198	60
-117.116818309	43	60
-117.5	42.6589540243	60
-117.724471271	42.5	60
-118	42.2996213883	60
-118.5	42.0953150988	60
-119	42.0277118385	60
-119.5	42.021176368	60
-119.587401003	42	60
-120	41.8931402564	60
-120.5	41.7267879844	60
-121	41.6390059888	60
-121.5	41.6661784351	60
-122	41.7957501262	60
-122.333024442	42	60
-122.5	42.0523652136	60
-122.899254054	42.5	60
-122.948815852	43	60
-122.947387367	43.5	60
-122.86776033	44	60
-122.518590542	44.5	60
-122.5	44.5231763832	60
-122.147801206	45	60
-122	45.1657355428	60
-121.636899382	45.5	60
-121.5	45.6957823634	60
-121.232598856	46	60
-121.267695755	46.5	60
-121.244701058	47	60
-121.15298976	47.5	60
-121	47.9702716768	60
-120.989376396	48	60
-120.721225187	48.5	60
-120.5	48.7687243819	60
-120.268724382	49	60
-120	49.2231782675	60
-119.570534639	49.5	60
-119.5	49.5459361412	60
-119	49.8229964077	60
-118.52744256	50	60
-118.5	50.0115551949	60
> 70 contour -Z70
-119	49.6297821105	70
-118.5	49.832472235	70
-118	49.9396798313	70
-117.5	49.9756309092	70
-117	49.9589841664	70
-116.5	49.8899129629	70
-116	49.7603977919	70
-115.5	49.5427152403	70
-115.4235636	49.5	70
-115	49.2684914172	70
-114.656607956	49	70
-114.5	48.8458847106	70
-114.21699512	48.5	70
-114	48.0392930098	70
-113.981123243	48	70
-113.889640667	47.5	70
-113.971650317	47	70
-114	46.9319909215	70
-114.140275151	46.5	70
-114.422090299	46	70
-114.5	45.9052574337	70
-114.804285601	45.5	70
-115	45.2980609238	70
-115.287011281	45	70
-115.5	44.7948404402	70
-115.825990304	44.5	70
-116	44.3177368641	70
-116.327134982	44	70
-116.5	43.8131738305	70
-116.79017438	43.5	70
-117	43.2875418663	70
-117.301715866	43	70
-117.5	42.8235197514	70
-117.956867244	42.5	70
-118	42.4686316475	70
-118.5	42.2569756806	70
-119	42.1997282207	70
-119.5	42.1643566787	70
-120	42.0232769549	70
-120.073121041	42	70
-120.5	41.8257097304	70
-121	41.70613271	70
-121.5	41.7277169228	70
-122	41.8695584983	70
-122.212681696	42	70
-122.5	42.0901058912	70
-122.86559242	42.5	70
-122.92142415	43	70
-122.916599959	43.5	70
-122.819382906	44	70
-122.5	44.4439385831	70
-122.460141689	44.5	70
-122.044861253	45	70
-122	45.0503047556	70
-121.511510674	45.5	70
-121.5	45.5164616313	70
-121.074979559	46	70
-121.117541097	46.5	70
-121.089078397	47	70
-121	47.4257027805	70
-120.983433932	47.5	70
-120.802669883	48	70
-120.5	48.4987692833	70
-120.499098867	48.5	70
-120	48.9990988672	70
-119.998905092	49	70
-119.5	49.3478700519	70
-119.228656083	49.5	70
-119	49.6297821105	70
> 80 contour -Z80
-118.5	49.6555311978	80
-118	49.7732793987	80
-117.5	49.8124082088	80
-117	49.7906793356	80
-116.5	49.7130094916	80
-116	49.5720313042	80
-115.838717893	49.5	80
-115.5	49.3610554039	80
-115	49.0563123152	80
-114.927978322	49	80
-114.5	48.57883358	80
-114.435497902	48.5	80
-114.161719471	48	80
-114.06742084	47.5	80
-114.126621962	47	80
-114.294491425	46.5	80
-114.5	46.1428304017	80
-114.570401907	46	80
-114.956580698	45.5	80
-115	45.455199752	80
-115.438324705	45	80
-115.5	44.9405917972	80
-115.987140288	44.5	80
-116	44.4865303393	80
-116.5	44.000739038	80
-116.500850588	44	80
-116.964202441	43.5	80
-117	43.4637533166	80
-117.486613434	43	80
-117.5	42.9880854581	80
-118	42.6267390549	80
-118.309023321	42.5	80
-118.5	42.4186362699	80
-119	42.3717445731	80
-119.5	42.3075370044	80
-120	42.1004041433	80
-120.315404296	42	80
-120.5	41.9246314839	80
-121	41.7732594013	80
-121.5	41.7892553657	80
-122	41.9433668666	80
-122.092338949	42	80
-122.5	42.1278465986	80
-122.831930757	42.5	80
-122.894032419	43	80
-122.885812521	43.5	80
-122.771005481	44	80
-122.5	44.3766945302	80
-122.412332773	44.5	80
-122	44.9692995846	80
-121.961595535	45	80
-121.5	45.4409454465	80
-121.387484819	45.5	80
-121	45.9282174706	80
-120.91481173	46	80
-120.966420382	46.5	80
-120.933832616	47	80
-120.817607462	47.5	80
-120.615963385	48	80
-120.5	48.1910958886	80
-120.273822904	48.5	80
-120	48.7738229036	80
-119.725187451	49	80
-119.5	49.1570157707	80
-119	49.443212539	80
-118.864035547	49.5	80
-118.5	49.6555311978	80
> 90 contour -Z90
-118	49.6068789363	90
-117.5	49.6491855234	90
-117	49.6223745048	90
-116.5	49.5361060053	90
-116.375806279	49.5	90
-116	49.4052702188	90
-115.5	49.1880450249	90
-115.201646984	49	90
-115	48.8595142663	90
-114.636340708	48.5	90
-114.5	48.2823886573	90
-114.338404134	48	90
-114.219887733	47.5	90
-114.274406657	47	90
-114.448707718	46.5	90
-114.5	46.4108550921	90
-114.702512771	46	90
-115	45.6204874516	90
-115.088442713	45.5	90
-115.5	45.07557863	90
-115.576608777	45	90
-116	44.6096991599	90
-116.131427139	44.5	90
-116.5	44.1401740313	90
-116.661333323	44	90
-117	43.636731416	90
-117.139713645	43.5	90
-117.5	43.1558520198	90
-117.699389547	43	90
-118	42.7823617011	90
-118.5	42.5808326006	90
-119	42.5457784235	90
-119.212495714	42.5	90
-119.5	42.4507173151	90
-120	42.177531302	90
-120.5	42.0095790923	90
-120.545510083	42	90
-121	41.8403861076	90
-121.5	41.8507938385	90
-121.956214905	42	90
-122	42.0041031241	90
-122.5	42.1655872762	90
-122.798269123	42.5	90
-122.866640717	43	90
-122.855025113	43.5	90
-122.722628042	44	90
-122.5	44.3094504476	90
-122.364523858	44.5	90
-122	44.9148855209	90
-121.893526673	45	90
-121.5	45.3759217262	90
-121.263596714	45.5	90
-121	45.7913061678	90
-120.752331614	46	90
-120.811817825	46.5	90
-120.779091358	47	90
-120.651780978	47.5	90
-120.5	47.8536160886	90
-120.423621178	48	90
-120.048546944	48.5	90
-120	48.5485469438	90
-119.5	48.9641078115	90
-119.449039936	49	90
-119	49.2702380419	90
-118.5	49.4802519977	90
-118.420738906	49.5	90
-118	49.6068789363	90
> 100 contour -Z100
-119	49.0972635746	100
-118.5	49.317045331	100
-118	49.4426431358	100
-117.5	49.4865671098	100
-117	49.4601152241	100
-116.5	49.3865883946	100
-116	49.2518865764	100
-115.5	49.0150346579	100
-115.476145947	49	100
-115	48.668273136	100
-114.829786748	48.5	100
-114.512828171	48	100
-114.5	47.953717947	100
-114.372354671	47.5	100
-114.422191359	47	100
-114.5	46.7795042247	100
-114.580633134	46.5	100
-114.83462365	46	100
-115	45.7890248746	100
-115.212156087	45.5	100
-115.5	45.203158915	100
-115.705928028	45	100
-116	44.7289113998	100
-116.274251625	44.5	100
-116.5	44.2796090394	100
-116.821816057	44	100
-117	43.8088721782	100
-117.315608934	43.5	100
-117.5	43.3238683939	100
-117.914341591	43	100
-118	42.9379843622	100
-118.5	42.7435717881	100
-119	42.7257252038	100
-119.5	42.5658037066	100
-119.585461825	42.5	100
-120	42.2546584755	100
-120.5	42.049810499	100
-120.736648917	42	100
-121	41.9075128213	100
-121.5	41.9123322964	100
-121.768054038	42	100
-122	42.0217359066	100
-122.5	42.2033279836	100
-122.764607459	42.5	100
-122.839249015	43	100
-122.824237704	43.5	100
-122.674250633	44	100
-122.5	44.2422063798	100
-122.316714942	44.5	100
-122	44.8604714572	100
-121.825457782	45	100
-121.5	45.3108979762	100
-121.139708623	45.5	100
-121	45.654394865	100
-120.589851491	46	100
-120.657215297	46.5	100
-120.624350116	47	100
-120.5	47.4523246884	100
-120.48361069	47.5	100
-120.222040787	48	100
-120	48.2920201123	100
-119.811154991	48.5	100
-119.5	48.7616705	100
-119.161617607	49	100
-119	49.0972635746	100
> 110 contour -Z110
-118.5	49.1538386643	110
-118	49.2822942734	110
-117.5	49.3303708136	110
-117	49.3139633536	110
-116.5	49.2440935671	110
-116	49.098502934	110
-115.793544665	49	110
-115.5	48.8642594516	110
-115.023362041	48.5	110
-115	48.4745906889	110
-114.663041443	48	110
-114.520498604	47.5	110
-114.554868013	47	110
-114.701449841	46.5	110
-114.966734514	46	110
-115	45.9575623125	110
-115.335869476	45.5	110
-115.5	45.3307392299	110
-115.835247293	45	110
-116	44.8481236249	110
-116.417076111	44.5	110
-116.5	44.4190440401	110
-116.982298804	44	110
-117	43.9810129292	110
-117.491504228	43.5	110
-117.5	43.4918847801	110
-118	43.098551631	110
-118.255479008	43	110
-118.5	42.906310983	110
-119	42.9056719616	110
-119.5	42.6661448777	110
-119.715778768	42.5	110
-120	42.3317856491	110
-120.5	42.0900419056	110
-120.927787751	42	110
-121	41.9746395312	110
-121.5	41.9738707561	110
-121.579893149	42	110
-122	42.0393686593	110
-122.5	42.2410686612	110
-122.730945826	42.5	110
-122.811857313	43	110
-122.793450266	43.5	110
-122.625873208	44	110
-122.5	44.174962312	110
-122.268906027	44.5	110
-122	44.8060573936	110
-121.75738889	45	110
-121.5	45.2458742559	110
-121.015820516	45.5	110
-121	45.517483579	110
-120.5	45.934140712	110
-120.441573203	46	110
-120.5	46.481785005	110
-120.502612763	46.5	110
-120.5	46.5396153443	110
-120.462032229	47	110
-120.290112197	47.5	110
-120.020460397	48	110
-120	48.0269087851	110
-119.570434786	48.5	110
-119.5	48.5592332073	110
-119	48.9124530256	110
-118.841447562	49	110
-118.5	49.1538386643	110
> 120 contour -Z120
-118	49.1219453812	120
-117.5	49.1741745025	120
-117	49.1678114831	120
-116.5	49.101598762	120
-116.167071491	49	120
-116	48.9547134042	120
-115.5	48.7156003565	120
-115.217884272	48.5	120
-115	48.2630221546	120
-114.813254744	48	120
-114.646411479	47.5	120
-114.670745552	47	120
-114.822266549	46.5	120
-115	46.1685667038	120
-115.078680068	46	120
-115.459582862	45.5	120
-115.5	45.4583195373	120
-115.964566551	45	120
-116	44.9673358724	120
-116.5	44.5393116176	120
-116.55194968	44.5	120
-117	44.0987042487	120
-117.131963819	44	120
-117.5	43.638610512	120
-117.698113978	43.5	120
-118	43.2623947412	120
-118.5	43.0662388504	120
-119	43.0644174516	120
-119.084873378	43	120
-119.5	42.7664860338	120
-119.846095726	42.5	120
-120	42.4089128301	120
-120.5	42.1302733421	120
-121	42.0131106973	120
-121.5	42.009338975	120
-122	42.0570014417	120
-122.5	42.2788093537	120
-122.697284177	42.5	120
-122.784465611	43	120
-122.762662858	43.5	120
-122.577495784	44	120
-122.5	44.1077182516	120
-122.221097112	44.5	120
-122	44.7516433299	120
-121.689320013	45	120
-121.5	45.1808505207	120
-121	45.4465764463	120
-120.845276564	45.5	120
-120.5	45.7868045866	120
-120.310864508	46	120
-120.329541862	46.5	120
-120.268713236	47	120
-120.09661372	47.5	120
-120	47.6786019951	120
-119.784769803	48	120
-119.5	48.3134690821	120
-119.300113082	48.5	120
-119	48.7124370337	120
-118.5	48.9887088239	120
-118.464910299	49	120
-118	49.1219453812	120
> 130 contour -Z130
-117.5	49.0179782212	130
-117	49.0216596276	130
-116.829733968	49	130
-116.5	48.9658145905	130
-116	48.8281439245	130
-115.5	48.5669412762	130
-115.412406519	48.5	130
-115	48.0514536127	130
-114.963468026	48	130
-114.772324339	47.5	130
-114.786623091	47	130
-114.943083264	46.5	130
-115	46.3938629702	130
-115.183839142	46	130
-115.5	45.5914859772	130
-115.568761647	45.5	130
-116	45.0733540952	130
-116.078217596	45	130
-116.5	44.6330446303	130
-116.675816298	44.5	130
-117	44.2096452415	130
-117.280287743	44	130
-117.5	43.7842557132	130
-117.906282537	43.5	130
-118	43.4262378514	130
-118.5	43.2223522663	130
-119	43.1998050511	130
-119.263253659	43	130
-119.5	42.8668271899	130
-119.976412665	42.5	130
-120	42.4860400008	130
-120.5	42.1705047488	130
-121	42.0341822207	130
-121.5	42.0255693495	130
-122	42.0746341944	130
-122.5	42.3165500462	130
-122.663622528	42.5	130
-122.757073909	43	130
-122.731875449	43.5	130
-122.529118357	44	130
-122.5	44.0404741839	130
-122.173288196	44.5	130
-122	44.6972292513	130
-121.621251129	45	130
-121.5	45.115826793	130
-121	45.3853319585	130
-120.66790241	45.5	130
-120.5	45.6394684464	130
-120.180155843	46	130
-120.1561535	46.5	130
-120.07539428	47	130
-120	47.21892865	130
-119.874837428	47.5	130
-119.5452259	48	130
-119.5	48.0497837961	130
-119.017547391	48.5	130
-119	48.5124210371	130
-118.5	48.7919977903	130
-118	48.9576825798	130
-117.662295789	49	130
-117.5	49.0179782212	130
> 140 contour -Z140
-118.5	48.595286727	140
-118	48.7809916139	140
-117.5	48.87212798	140
-117	48.8942913413	140
-116.5	48.8467017114	140
-116	48.7015744746	140
-115.628296614	48.5	140
-115.5	48.4167020917	140
-115.107907653	48	140
-115	47.7582109869	140
-114.898237206	47.5	140
-114.902500622	47	140
-115	46.6929869354	140
-115.050870448	46.5	140
-115.288998246	46	140
-115.5	45.727362901	140
-115.670887917	45.5	140
-116	45.1743927896	140
-116.185955316	45	140
-116.5	44.726777643	140
-116.79968293	44.5	140
-117	44.3205862492	140
-117.428611651	44	140
-117.5	43.9299009144	140
-118	43.5632958114	140
-118.206956238	43.5	140
-118.5	43.3784656599	140
-119	43.3351926357	140
-119.441633921	43	140
-119.5	42.9671683423	140
-120	42.542534411	140
-120.051129997	42.5	140
-120.5	42.2107361555	140
-121	42.0552537739	140
-121.5	42.0417997539	140
-122	42.0922669768	140
-122.5	42.3542907387	140
-122.629960895	42.5	140
-122.729682192	43	140
-122.701088026	43.5	140
-122.5	43.9712753892	140
-122.490737498	44	140
-122.125479281	44.5	140
-122	44.6428151727	140
-121.553182244	45	140
-121.5	45.0508030616	140
-121	45.3240874708	140
-120.5	45.4965706468	140
-120.494067371	45.5	140
-120.049447156	46	140
-120	46.3959596455	140
-119.988090634	46.5	140
-119.874686629	47	140
-119.624862395	47.5	140
-119.5	47.6905469298	140
-119.267070532	48	140
-119	48.2489560694	140
-118.67028746	48.5	140
-118.5	48.595286727	140
> 150 contour -Z150
-118	48.6043006778	150
-117.5	48.7276234776	150
-117	48.7701911032	150
-116.5	48.7275888622	150
-116	48.5750050023	150
-115.86169076	48.5	150
-115.5	48.2651685178	150
-115.250491917	48	150
-115.021610767	47.5	150
-115.015235037	47	150
-115.14705205	46.5	150
-115.394157343	46	150
-115.5	45.8632398397	150
-115.773014173	45.5	150
-116	45.2754314542	150
-116.293693036	45	150
-116.5	44.8205106407	150
-116.923549555	44.5	150
-117	44.4315272495	150
-117.5	44.0441423953	150
-117.578306109	44	150
-118	43.6784209609	150
-118.5	43.5213477314	150
-118.752392441	43.5	150
-119	43.4705802202	150
-119.5	43.0496421158	150
-119.539663702	43	150
-120	42.594468981	150
-120.113559753	42.5	150
-120.5	42.2509675771	150
-121	42.0763252974	150
-121.5	42.0580301583	150
-122	42.1098997295	150
-122.5	42.3920314237	150
-122.596299246	42.5	150
-122.70229049	43	150
-122.670300603	43.5	150
-122.5	43.8991211355	150
-122.467470765	44	150
-122.077670373	44.5	150
-122	44.588401109	150
-121.5	44.9921553433	150
-121.475756079	45	150
-121	45.262842983	150
-120.5	45.4323503375	150
-120.382968575	45.5	150
-120	45.9236015975	150
-119.954449564	46	150
-119.868278533	46.5	150
-119.669255048	47	150
-119.5	47.3110463619	150
-119.38163358	47.5	150
-119	47.9792407453	150
-118.979240745	48	150
-118.5	48.378927201	150
-118.266886562	48.5	150
-118	48.6043006778	150
> 160 contour -Z160
-117.5	48.5831189752	160
-117	48.6460908502	160
-116.5	48.6084760129	160
-116.154540837	48.5	160
-116	48.4520592391	160
-115.5	48.1136349216	160
-115.393076167	48	160
-115.134284317	47.5	160
-115.111294687	47	160
-115.243233651	46.5	160
-115.49931644	46	160
-115.5	45.9991167667	160
-115.875140443	45.5	160
-116	45.3764701337	160
-116.401430741	45	160
-116.5	44.9142436534	160
-117	44.5276186764	160
-117.040384889	44.5	160
-117.5	44.1292444468	160
-117.729272336	44	160
-118	43.7935460955	160
-118.5	43.6177258193	160
-119	43.5615600944	160
-119.066483736	43.5	160
-119.5	43.1234265268	160
-119.598616928	43	160
-120	42.6464035213	160
-120.175989538	42.5	160
-120.5	42.2911989838	160
-121	42.0973968208	160
-121.5	42.0742605329	160
-122	42.1275325119	160
-122.5	42.4297721162	160
-122.562637597	42.5	160
-122.674898773	43	160
-122.639513195	43.5	160
-122.5	43.8269669116	160
-122.444204003	44	160
-122.029861458	44.5	160
-122	44.5339870378	160
-121.5	44.9562858045	160
-121.364901155	45	160
-121	45.2015985101	160
-120.5	45.3681300581	160
-120.271869779	45.5	160
-120	45.8007152081	160
-119.881181985	46	160
-119.748466432	46.5	160
-119.5	46.9608649015	160
-119.477324814	47	160
-119.145137504	47.5	160
-119	47.6822580695	160
-118.68225807	48	160
-118.5	48.1441082358	160
-118	48.4365592897	160
-117.792009324	48.5	160
-117.5	48.5831189752	160
> 170 contour -Z170
-117	48.5219905972	170
-116.667542696	48.5	170
-116.5	48.4907996356	170
-116	48.3343845308	170
-115.540447116	48	170
-115.5	47.9498976767	170
-115.246957839	47.5	170
-115.207354337	47	170
-115.339415222	46.5	170
-115.5	46.1865307093	170
-115.5844827	46	170
-115.977266714	45.5	170
-116	45.4775088113	170
-116.5	45.0066625774	170
-116.507554501	45	170
-117	44.5997676849	170
-117.145883471	44.5	170
-117.5	44.2143464983	170
-117.880238526	44	170
-118	43.9086712375	170
-118.5	43.7141039371	170
-119	43.6402110755	170
-119.151425302	43.5	170
-119.5	43.1972109377	170
-119.657570153	43	170
-120	42.6983380914	170
-120.238419294	42.5	170
-120.5	42.3314304054	170
-121	42.1184683442	170
-121.5	42.0904909372	170
-122	42.1451652646	170
-122.5	42.4675128087	170
-122.528975951	42.5	170
-122.647507071	43	170
-122.608725771	43.5	170
-122.5	43.7548126876	170
-122.42093727	44	170
-122	44.4898360372	170
-121.984482616	44.5	170
-121.5	44.9204162359	170
-121.254046261	45	170
-121	45.1403540224	170
-120.5	45.3039097488	170
-120.160770983	45.5	170
-120	45.6778288037	170
-119.807914376	46	170
-119.628654316	46.5	170
-119.5	46.7386328876	170
-119.348561734	47	170
-119	47.437558502	170
-118.93916142	47.5	170
-118.5	47.9391614199	170
-118.412427306	48	170
-118	48.2817125618	170
-117.5	48.4520108402	170
-117.147176236	48.5	170
-117	48.5219905972	170
> 180 contour -Z180
-118	48.126865834	180
-117.5	48.3390419781	180
-117	48.4165432751	180
-116.5	48.3877727091	180
-116	48.2167097926	180
-115.702170402	48	180
-115.5	47.7495691478	180
-115.359631389	47.5	180
-115.303413972	47	180
-115.435596816	46.5	180
-115.5	46.3742818534	180
-115.669518173	46	180
-116	45.5833440721	180
-116.063944608	45.5	180
-116.5	45.0849539638	180
-116.59632659	45	180
-117	44.6719166934	180
-117.251382083	44.5	180
-117.5	44.2994485497	180
-118	44.0142782331	180
-118.047558814	44	180
-118.5	43.8104820549	180
-119	43.7188620865	180
-119.236366838	43.5	180
-119.5	43.2709953338	180
-119.716523379	43	180
-120	42.7502726465	180
-120.30084908	42.5	180
-120.5	42.3716618121	180
-121	42.1395398676	180
-121.5	42.1067213416	180
-122	42.1627980471	180
-122.496386826	42.5	180
-122.5	42.5153835714	180
-122.62011537	43	180
-122.577938356	43.5	180
-122.5	43.6826584488	180
-122.397670537	44	180
-122	44.4627610147	180
-121.943146974	44.5	180
-121.5	44.8845466971	180
-121.143191367	45	180
-121	45.0791095421	180
-120.5	45.2396894395	180
-120.049672194	45.5	180
-120	45.5549424179	180
-119.734646797	46	180
-119.508842212	46.5	180
-119.5	46.5164008699	180
-119.219798654	47	180
-119	47.275918901	180
-118.781671196	47.5	180
-118.5	47.7816711962	180
-118.18573162	48	180
-118	48.126865834	180
> 190 contour -Z190
-117.5	48.2260731459	190
-117	48.3151131272	190
-116.5	48.2847458124	190
-116	48.0990350619	190
-115.863893673	48	190
-115.5	47.5492406078	190
-115.472304929	47.5	190
-115.399473615	47	190
-115.5	46.6199797094	190
-115.526379257	46.5	190
-115.754553646	46	190
-116	45.6905528009	190
-116.146199048	45.5	190
-116.5	45.1632453203	190
-116.685098678	45	190
-117	44.7440657318	190
-117.356880665	44.5	190
-117.5	44.3845506087	190
-118	44.0833552182	190
-118.277644828	44	190
-118.5	43.9068601727	190
-119	43.7975130677	190
-119.321308419	43.5	190
-119.5	43.3447797298	190
-119.775476605	43	190
-120	42.8022072017	190
-120.363278836	42.5	190
-120.5	42.4118932262	190
-121	42.1606114209	190
-121.5	42.1229517162	190
-122	42.1804307997	190
-122.470430046	42.5	190
-122.5	42.6258979142	190
-122.59272366	43	190
-122.547150936	43.5	190
-122.5	43.6105042249	190
-122.374403775	44	190
-122	44.4356859922	190
-121.901811332	44.5	190
-121.5	44.8486771286	190
-121.032336459	45	190
-121	45.0178650618	190
-120.5	45.1754691303	190
-120	45.4636994898	190
-119.962017179	45.5	190
-119.661379203	46	190
-119.5	46.3519880474	190
-119.432668447	46.5	190
-119.09103559	47	190
-119	47.1142793149	190
-118.624180958	47.5	190
-118.5	47.6241809577	190
-118	47.9814578593	190
-117.958590984	48	190
-117.5	48.2260731459	190
> 200 contour -Z200
-117.5	48.1131043136	200
-117	48.2136829495	200
-116.5	48.1817188859	200
-116.041202784	48	200
-116	47.9784278572	200
-115.588371813	47.5	200
-115.5	47.0290368497	200
-115.495533262	47	200
-115.5	46.9831143711	200
-115.60621956	46.5	200
-115.839589104	46	200
-116	45.7977614999	200
-116.228453457	45.5	200
-116.5	45.2415367067	200
-116.773870781	45	200
-117	44.8162147552	200
-117.462379262	44.5	200
-117.5	44.4696526583	200
-118	44.1524322331	200
-118.5	44.0020397007	200
-118.510447085	44	200
-119	43.8761640564	200
-119.406249978	43.5	200
-119.5	43.4185641333	200
-119.83442983	43	200
-120	42.8541417569	200
-120.425708614	42.5	200
-120.5	42.4521246403	200
-121	42.1816829443	200
-121.5	42.1391821206	200
-122	42.1980635822	200
-122.444473296	42.5	200
-122.5	42.736412257	200
-122.565331951	43	200
-122.51636352	43.5	200
-122.5	43.5383499898	200
-122.351137042	44	200
-122	44.40861094	200
-121.860475689	44.5	200
-121.5	44.8128075898	200
-121	44.9745390117	200
-120.854892343	45	200
-120.5	45.111248821	200
-120	45.3980447948	200
-119.893319815	45.5	200
-119.588111617	46	200
-119.5	46.1921823621	200
-119.359971821	46.5	200
-119	46.9720671177	200
-118.974012434	47	200
-118.5	47.4809657931	200
-118.472908854	47.5	200
-118	47.8788453341	200
-117.729432911	48	200
-117.5	48.1131043136	200
> 210 contour -Z210
-117.5	48.0001354814	210
-117	48.1122527793	210
-116.5	48.0786919668	210
-116.301321387	48	210
-116	47.8422400355	210
-115.705544651	47.5	210
-115.584901989	47	210
-115.686059892	46.5	210
-115.924624577	46	210
-116	45.9049702138	210
-116.310707882	45.5	210
-116.5	45.3198280632	210
-116.862642869	45	210
-117	44.8883637711	210
-117.5	44.5371628404	210
-117.568812907	44.5	210
-118	44.2215092182	210
-118.5	44.0627450943	210
-118.821373135	44	210
-119	43.954815045	210
-119.491191538	43.5	210
-119.5	43.4923485387	210
-119.893383056	43	210
-120	42.9060763195	210
-120.488138382	42.5	210
-120.5	42.4923560559	210
-121	42.2027544677	210
-121.5	42.1554125249	210
-122	42.2156963348	210
-122.418516517	42.5	210
-122.5	42.8469265997	210
-122.537940249	43	210
-122.5	43.3736243248	210
-122.492568076	43.5	210
-122.327870309	44	210
-122	44.3815359175	210
-121.819140047	44.5	210
-121.5	44.776938051	210
-121	44.9385923445	210
-120.650024608	45	210
-120.5	45.0470285192	210
-120	45.3323900998	210
-119.824622482	45.5	210
-119.514844021	46	210
-119.5	46.0323766507	210
-119.287275195	46.5	210
-119	46.8767327368	210
-118.885317475	47	210
-118.5	47.3909697533	210
-118.344818711	47.5	210
-118	47.7762328386	210
-117.500274839	48	210
-117.5	48.0001354814	210
> 220 contour -Z220
-117	48.010822624	220
-116.844415128	48	220
-116.5	47.9763098657	220
-116	47.7060522288	220
-115.822717473	47.5	220
-115.673944384	47	220
-115.76590021	46.5	220
-116	46.0186492801	220
-116.008199692	46	220
-116.392962314	45.5	220
-116.5	45.3981194347	220
-116.951414969	45	220
-117	44.9605127908	220
-117.5	44.5949229002	220
-117.675764769	44.5	220
-118	44.2905862182	220
-118.5	44.1234504879	220
-119	44.0264601707	220
-119.033150017	44	220
-119.5	43.5650567412	220
-119.547869027	43.5	220
-119.952336278	43	220
-120	42.9580108747	220
-120.5	42.5214115977	220
-120.529102176	42.5	220
-121	42.2238259912	220
-121.5	42.1716428995	220
-122	42.2333291173	220
-122.392559737	42.5	220
-122.5	42.95744095	220
-122.51054854	43	220
-122.5	43.1038789079	220
-122.476704836	43.5	220
-122.304603547	44	220
-122	44.3544608951	220
-121.777804434	44.5	220
-121.5	44.7410684824	220
-121	44.9026456773	220
-120.5	44.9879710078	220
-120.469090611	45	220
-120	45.2667354047	220
-119.755925119	45.5	220
-119.5	45.9118466377	220
-119.457461119	46	220
-119.214578584	46.5	220
-119	46.7813983858	220
-118.796622515	47	220
-118.5	47.3009737134	220
-118.216728538	47.5	220
-118	47.6736203432	220
-117.5	47.9142690003	220
-117.048258733	48	220
-117	48.010822624	220
> 230 contour -Z230
-118	47.5710078478	230
-117.5	47.8284350634	230
-117	47.9235725105	230
-116.5	47.8760129809	230
-116	47.5698644146	230
-115.939890288	47.5	230
-115.762986794	47	230
-115.845740527	46.5	230
-116	46.1828151345	230
-116.080379963	46	230
-116.475216737	45.5	230
-116.5	45.4764108062	230
-117	45.0288593471	230
-117.035007209	45	230
-117.5	44.65268296	230
-117.782716632	44.5	230
-118	44.3596632183	230
-118.5	44.1841559112	230
-119	44.0886461139	230
-119.111058325	44	230
-119.5	43.6376404166	230
-119.601276398	43.5	230
-120	43.012504518	230
-120.005535781	43	230
-120.5	42.5478456318	230
-120.565030724	42.5	230
-121	42.2448975146	230
-121.5	42.1878733039	230
-122	42.25096187	230
-122.366602987	42.5	230
-122.490848035	43	230
-122.460841566	43.5	230
-122.281336814	44	230
-122	44.3273858428	230
-121.736468792	44.5	230
-121.5	44.7051989436	230
-121	44.8666990399	230
-120.5	44.9430364966	230
-120.353627861	45	230
-120	45.2010807097	230
-119.687227756	45.5	230
-119.5	45.8012956679	230
-119.404114127	46	230
-119.141881973	46.5	230
-119	46.6860640496	230
-118.70792754	47	230
-118.5	47.2109776586	230
-118.088638373	47.5	230
-118	47.5710078478	230
> 240 contour -Z240
-117.5	47.7426011264	240
-117	47.8380161226	240
-116.5	47.7757160664	240
-116.075247169	47.5	240
-116	47.3866810799	240
-115.852029219	47	240
-115.925580844	46.5	240
-116	46.3469810039	240
-116.152560234	46	240
-116.5	45.563377589	240
-116.549279183	45.5	240
-117	45.0926088393	240
-117.112337142	45	240
-117.5	44.7104430199	240
-117.889668509	44.5	240
-118	44.4287402108	240
-118.5	44.2448613048	240
-119	44.1508320868	240
-119.188966632	44	240
-119.5	43.7102241218	240
-119.654683799	43.5	240
-120	43.0778025389	240
-120.034443378	43	240
-120.5	42.5742796957	240
-120.600959301	42.5	240
-121	42.2659690529	240
-121.5	42.2041036785	240
-122	42.2685946375	240
-122.340646207	42.5	240
-122.475964338	43	240
-122.444978327	43.5	240
-122.258070052	44	240
-122	44.3003108203	240
-121.69513315	44.5	240
-121.5	44.6693293899	240
-121	44.8307523727	240
-120.5	44.8981019557	240
-120.23816514	45	240
-120	45.1354260296	240
-119.6185304	45.5	240
-119.5	45.6907446533	240
-119.350767165	46	240
-119.069185361	46.5	240
-119	46.5907296911	240
-118.61923258	47	240
-118.5	47.1209816188	240
-118	47.4784047306	240
-117.950867772	47.5	240
-117.5	47.7426011264	240
> 250 contour -Z250
-117.5	47.6567671895	250
-117	47.7524597347	250
-116.5	47.6754191816	250
-116.229758978	47.5	250
-116	47.1539931446	250
-115.94107163	47	250
-116	46.5465259552	250
-116.005092174	46.5	250
-116.224740475	46	250
-116.5	45.6540854573	250
-116.619809002	45.5	250
-117	45.1563583314	250
-117.189667106	45	250
-117.5	44.7682030648	250
-117.996620382	44.5	250
-118	44.4978172064	250
-118.5	44.3055667132	250
-119	44.2130180597	250
-119.266874939	44	250
-119.5	43.7828077972	250
-119.70809117	43.5	250
-120	43.1431005597	250
-120.063350946	43	250
-120.5	42.6007137299	250
-120.636887878	42.5	250
-121	42.2870405912	250
-121.5	42.2203340828	250
-122	42.2862274051	250
-122.314689457	42.5	250
-122.461080641	43	250
-122.429115087	43.5	250
-122.234803319	44	250
-122	44.2732357979	250
-121.653797507	44.5	250
-121.5	44.6334598362	250
-121	44.7948057055	250
-120.5	44.8531674445	250
-120.122702412	45	250
-120	45.0697713345	250
-119.549833048	45.5	250
-119.5	45.5801936686	250
-119.297420174	46	250
-119	46.4957055151	250
-118.996927768	46.5	250
-118.530537616	47	250
-118.5	47.0309855752	250
-118	47.4082903266	250
-117.791347653	47.5	250
-117.5	47.6567671895	250
> 260 contour -Z260
-117.5	47.5709332228	260
-117	47.6669033468	260
-116.5	47.5751222819	260
-116.384270802	47.5	260
-116.034441918	47	260
-116.080087304	46.5	260
-116.296920747	46	260
-116.5	45.7447933257	260
-116.69033882	45.5	260
-117	45.2201078534	260
-117.266997054	45	260
-117.5	44.8259631097	260
-118	44.5493005216	260
-118.152681977	44.5	260
-118.5	44.3662721217	260
-119	44.2752040327	260
-119.344783247	44	260
-119.5	43.8553914875	260
-119.76149857	43.5	260
-120	43.2083985806	260
-120.092258543	43	260
-120.5	42.6271477938	260
-120.672816455	42.5	260
-121	42.3081121147	260
-121.5	42.2365644872	260
-122	42.3038601726	260
-122.288732678	42.5	260
-122.446196944	43	260
-122.413251847	43.5	260
-122.211536571	44	260
-122	44.2461607605	260
-121.612461872	44.5	260
-121.5	44.59759029	260
-121	44.7588590682	260
-120.5	44.8082329035	260
-120.007239677	45	260
-120	45.0041166423	260
-119.5	45.4748059511	260
-119.484750688	45.5	260
-119.244073197	46	260
-119	46.4067929387	260
-118.933321029	46.5	260
-118.5	46.9561004937	260
-118.440161288	47	260
-118	47.3381758928	260
-117.631827548	47.5	260
-117.5	47.5709332228	260
> 270 contour -Z270
-117	47.5813469589	270
-116.60442704	47.5	270
-116.5	47.4671679735	270
-116.136281163	47	270
-116.155082405	46.5	270
-116.369101018	46	270
-116.5	45.835501194	270
-116.760868654	45.5	270
-117	45.2838573456	270
-117.344326988	45	270
-117.5	44.8837231696	270
-118	44.6002097726	270
-118.310346037	44.5	270
-118.5	44.4269775227	270
-119	44.3373899907	270
-119.422691554	44	270
-119.5	43.9279751778	270
-119.814905956	43.5	270
-120	43.2736965865	270
-120.12116614	43	270
-120.5	42.6535818279	270
-120.708745033	42.5	270
-121	42.3291836381	270
-121.5	42.2527948767	270
-122	42.3214929402	270
-122.262775928	42.5	270
-122.431313246	43	270
-122.397388577	43.5	270
-122.188269839	44	270
-122	44.2190857381	270
-121.571126238	44.5	270
-121.5	44.5617207363	270
-121	44.722912401	270
-120.5	44.7632983923	270
-120	44.927619487	270
-119.908330858	45	270
-119.5	45.3830577731	270
-119.429217964	45.5	270
-119.190726206	46	270
-119	46.3178803623	270
-118.86971426	46.5	270
-118.5	46.8891499639	270
-118.348902106	47	270
-118	47.2680614591	270
-117.5	47.4874212444	270
-117.422803521	47.5	270
-117	47.5813469589	270
> 280 contour -Z280
-118	47.1979470253	280
-117.5	47.4149627388	280
-117	47.4956285059	280
-116.5	47.3363635242	280
-116.238120407	47	280
-116.230077535	46.5	280
-116.441281285	46	280
-116.5	45.9262090623	280
-116.831398472	45.5	280
-117	45.3476068377	280
-117.421656936	45	280
-117.5	44.9414832219	280
-118	44.6511189938	280
-118.468010094	44.5	280
-118.5	44.4876829237	280
-119	44.3995759636	280
-119.5	44.0009586513	280
-119.500694245	44	280
-119.868313342	43.5	280
-120	43.3389946073	280
-120.150073707	43	280
-120.5	42.6800158918	280
-120.74467361	42.5	280
-121	42.3502551764	280
-121.5	42.2690252662	280
-122	42.3391257077	280
-122.236819148	42.5	280
-122.416429549	43	280
-122.381525338	43.5	280
-122.165003091	44	280
-122	44.1920107007	280
-121.529790597	44.5	280
-121.5	44.5258511882	280
-121	44.6869657338	280
-120.5	44.7183638662	280
-120	44.8503969908	280
-119.810529411	45	280
-119.5	45.2913096249	280
-119.373685241	45.5	280
-119.137379229	46	280
-119	46.2289677858	280
-118.806107521	46.5	280
-118.5	46.822199434	280
-118.257642895	47	280
-118	47.1979470253	280
> 290 contour -Z290
-118	47.1278325915	290
-117.5	47.3425042331	290
-117	47.4067775309	290
-116.5	47.2055591047	290
-116.339959666	47	290
-116.30507265	46.5	290
-116.5	46.0334743559	290
-116.512881368	46	290
-116.901928291	45.5	290
-117	45.4113563299	290
-117.498986885	45	290
-117.5	44.9992432742	290
-118	44.7020282447	290
-118.5	44.5450161397	290
-118.782259598	44.5	290
-119	44.4617619291	290
-119.5	44.1254668832	290
-119.590860695	44	290
-119.921720728	43.5	290
-120	43.4042926133	290
-120.178981304	43	290
-120.5	42.7064499259	290
-120.780602172	42.5	290
-121	42.3713266999	290
-121.5	42.2852556556	290
-122	42.3567584753	290
-122.210862383	42.5	290
-122.401545823	43	290
-122.365662098	43.5	290
-122.141736344	44	290
-122	44.1649356633	290
-121.5	44.4940357208	290
-121.468831599	44.5	290
-121	44.6510190815	290
-120.5	44.6734293401	290
-120	44.7731745243	290
-119.712727979	45	290
-119.5	45.1995614767	290
-119.318152487	45.5	290
-119.084032245	46	290
-119	46.1400552094	290
-118.742500752	46.5	290
-118.5	46.7552489042	290
-118.166383713	47	290
-118	47.1278325915	290
> 300 contour -Z300
-118	47.0577181578	300
-117.5	47.2700457275	300
-117	47.3179265857	300
-116.5	47.0747546852	300
-116.441798907	47	300
-116.380067773	46.5	300
-116.5	46.2129625082	300
-116.581950724	46	300
-116.972458113	45.5	300
-117	45.4751058295	300
-117.5	45.0575598776	300
-117.58449623	45	300
-118	44.7529374808	300
-118.5	44.6014909744	300
-119	44.5371353626	300
-119.080457389	44.5	300
-119.5	44.2499751151	300
-119.681027114	44	300
-119.97512811	43.5	300
-120	43.4695906304	300
-120.207888871	43	300
-120.5	42.7328839898	300
-120.816530734	42.5	300
-121	42.3923982307	300
-121.5	42.30148606	300
-122	42.3743912429	300
-122.184905604	42.5	300
-122.386662126	43	300
-122.349798858	43.5	300
-122.118469603	44	300
-122	44.1378606409	300
-121.5	44.4726813436	300
-121.357236892	44.5	300
-121	44.6150724217	300
-120.5	44.628494814	300
-120	44.6959520429	300
-119.614926539	45	300
-119.5	45.1078133211	300
-119.262619764	45.5	300
-119.030685261	46	300
-119	46.0511426367	300
-118.678893998	46.5	300
-118.5	46.6882983744	300
-118.075124517	47	300
-118	47.0577181578	300
> 310 contour -Z310
-117.5	47.1975872219	310
-117	47.2290756404	310
-116.571257532	47	310
-116.5	46.7915247381	310
-116.455062892	46.5	310
-116.5	46.3924506307	310
-116.65102011	46	310
-117	45.5538227856	310
-117.042353451	45.5	310
-117.5	45.1158838868	310
-117.67011416	45	310
-118	44.8038467169	310
-118.5	44.6579658091	310
-119	44.6335655153	310
-119.289382607	44.5	310
-119.5	44.374483332	310
-119.771193579	44	310
-120	43.5869655311	310
-120.01532796	43.5	310
-120.236796468	43	310
-120.5	42.7593180239	310
-120.852459311	42.5	310
-121	42.4134697616	310
-121.5	42.3177164495	310
-122	42.392024003	310
-122.158948839	42.5	310
-122.371778429	43	310
-122.333935589	43.5	310
-122.095202863	44	310
-122	44.110785611	310
-121.5	44.4513269663	310
-121.2456422	44.5	310
-121	44.579125762	310
-120.5	44.5835602805	310
-120	44.6187295616	310
-119.517125102	45	310
-119.5	45.0160651673	310
-119.20708704	45.5	310
-119	45.94886747	310
-118.974927187	46	310
-118.615287244	46.5	310
-118.5	46.6213478372	310
-118	46.9881140888	310
-117.969556004	47	310
-117.5	47.1975872219	310
> 320 contour -Z320
-117.5	47.1251286864	320
-117	47.1402246803	320
-116.737552732	47	320
-116.536283284	46.5	320
-116.720089465	46	320
-117	45.6421292424	320
-117.111842275	45.5	320
-117.5	45.174207896	320
-117.755732074	45	320
-118	44.854755953	320
-118.5	44.7144406438	320
-119	44.7299956381	320
-119.386217624	45	320
-119.151554301	45.5	320
-119	45.8284985721	320
-118.915904343	46	320
-118.55168049	46.5	320
-118.5	46.5543973073	320
-118	46.9208862782	320
-117.79736203	47	320
-117.5	47.1251286864	320
> 320 contour -Z320
-121	44.5431790948	320
-120.5	44.5386257544	320
-120	44.5415070839	320
-119.5	44.5048615718	320
-119.498307838	44.5	320
-119.5	44.4989915624	320
-119.861360013	44	320
-120	43.7497312725	320
-120.044015944	43.5	320
-120.265704051	43	320
-120.5	42.7857520729	320
-120.888387881	42.5	320
-121	42.4345412925	320
-121.5	42.333946839	320
-122	42.4096567705	320
-122.132992074	42.5	320
-122.356894732	43	320
-122.318072349	43.5	320
-122.071936116	44	320
-122	44.0837105811	320
-121.5	44.429972589	320
-121.134047493	44.5	320
-121	44.5431790948	320
> 330 contour -Z330
-117.5	47.0526701808	330
-117	47.0513737351	330
-116.90384791	47	330
-116.626810521	46.5	330
-116.789158836	46	330
-117	45.7304356992	330
-117.181331098	45.5	330
-117.5	45.2325319052	330
-117.841350004	45	330
-118	44.905665189	330
-118.5	44.7709154934	330
-119	44.826425761	330
-119.24828276	45	330
-119.096021563	45.5	330
-119	45.7081296742	330
-118.856881529	46	330
-118.5	46.4849615097	330
-118.482792169	46.5	330
-118	46.8536584973	330
-117.625168025	47	330
-117.5	47.0526701808	330
> 330 contour -Z330
-121	44.5072324574	330
-120.705503196	44.5	330
-120.5	44.4939406812	330
-120	44.2687732875	330
-119.951526456	44	330
-120	43.9124970213	330
-120.072703928	43.5	330
-120.294611633	43	330
-120.5	42.8121861219	330
-120.924316458	42.5	330
-121	42.4556128196	330
-121.5	42.3501772434	330
-122	42.4272895381	330
-122.107035309	42.5	330
-122.342011034	43	330
-122.302209109	43.5	330
-122.048669372	44	330
-122	44.0566355474	330
-121.5	44.4086182117	330
-121.022452781	44.5	330
-121	44.5072324574	330
> 340 contour -Z340
-118	46.7864306867	340
-117.5	46.9768159389	340
-117	46.9404944777	340
-116.717337757	46.5	340
-116.858228207	46	340
-117	45.818742156	340
-117.250819936	45.5	340
-117.5	45.2908558995	340
-117.926967919	45	340
-118	44.9565744288	340
-118.5	44.827390328	340
-119	44.9228558987	340
-119.110347897	45	340
-119.040488832	45.5	340
-119	45.5877607837	340
-118.797858685	46	340
-118.5	46.4047561586	340
-118.39101702	46.5	340
-118	46.7864306867	340
> 340 contour -Z340
-122	44.0295605063	340
-121.5	44.3872638345	340
-121	44.4807323813	340
-120.5	44.4507829249	340
-120.021196574	44	340
-120.101391912	43.5	340
-120.32351923	43	340
-120.5	42.838620171	340
-120.960245028	42.5	340
-121	42.4766843487	340
-121.5	42.3664076328	340
-122	42.4449223019	340
-122.081078537	42.5	340
-122.327127337	43	340
-122.28634584	43.5	340
-122.02540263	44	340
-122	44.0295605063	340
> 350 contour -Z350
-118	46.7192028761	350
-117.5	46.8919233978	350
-117	46.7994188666	350
-116.807864994	46.5	350
-116.927297577	46	350
-117	45.9070486128	350
-117.320308775	45.5	350
-117.5	45.3491799086	350
-118	45.00997895	350
-118.033357561	45	350
-118.5	44.8838651702	350
-118.955681622	45	350
-118.979625344	45.5	350
-118.738835856	46	350
-118.5	46.3245508373	350
-118.2992419	46.5	350
-118	46.7192028761	350
> 350 contour -Z350
-122	44.0024854839	350
-121.5	44.3659094572	350
-121	44.4566116929	350
-120.5	44.4076251388	350
-120.067037016	44	350
-120.130079895	43.5	350
-120.352426812	43	350
-120.5	42.86505422	350
-120.996173598	42.5	350
-121	42.497755877	350
-121.5	42.3826380223	350
-122	42.4625550695	350
-122.055121772	42.5	350
-122.31224364	43	350
-122.2704826	43.5	350
-122.002135885	44	350
-122	44.0024854839	350
> 360 contour -Z360
-118	46.6519750953	360
-117.5	46.8070308268	360
-117	46.6583432555	360
-116.898392238	46.5	360
-116.996366944	46	360
-117	45.995355072	360
-117.389797606	45.5	360
-117.5	45.4075039104	360
-118	45.0778630078	360
-118.260279641	45	360
-118.5	44.9403400086	360
-118.734089643	45	360
-118.904414773	45.5	360
-118.679813027	46	360
-118.5	46.244345516	360
-118.207466751	46.5	360
-118	46.6519750953	360
> 360 contour -Z360
-121.5	44.344555065	360
-121	44.4324910045	360
-120.5	44.3644673824	360
-120.112877458	44	360
-120.158767879	43.5	360
-120.381334394	43	360
-120.5	42.891488269	360
-121	42.5165689886	360
-121.062706143	42.5	360
-121.5	42.3988684192	360
-122	42.480187837	360
-122.029165005	42.5	360
-122.297359943	43	360
-122.25461936	43.5	360
-122	43.9732238054	360
-121.973356098	44	360
-121.5	44.344555065	360
> 370 contour -Z370
-118	46.5847472847	370
-117.5	46.7221382856	370
-117	46.5172676407	370
-116.988919475	46.5	370
-117	46.4427930824	370
-117.083254218	46	370
-117.459286433	45.5	370
-117.5	45.4658279158	370
-118	45.1457470655	370
-118.487201701	45	370
-118.5	44.9968148454	370
-118.512497684	45	370
-118.829204202	45.5	370
-118.620790198	46	370
-118.5	46.1641401798	370
-118.115691625	46.5	370
-118	46.5847472847	370
> 370 contour -Z370
-121.5	44.3232006878	370
-121	44.4083703458	370
-120.5	44.3213096261	370
-120.158717901	44	370
-120.187455863	43.5	370
-120.410241984	43	370
-120.5	42.9179223105	370
-121	42.5351129174	370
-121.132886499	42.5	370
-121.5	42.4150988162	370
-122	42.4978206034	370
-122.003208237	42.5	370
-122.282476246	43	370
-122.238756105	43.5	370
-122	43.9437411129	370
-121.944019049	44	370
-121.5	44.3232006878	370
> 380 contour -Z380
-118	46.517519474	380
-117.5	46.6372457296	380
-117.175921172	46.5	380
-117.171130747	46	380
-117.5	45.5498134494	380
-117.544694036	45.5	380
-118	45.2136311233	380
-118.5	45.1091953218	380
-118.753993601	45.5	380
-118.56176737	46	380
-118.5	46.083934851	380
-118.023916487	46.5	380
-118	46.517519474	380
> 380 contour -Z380
-121.5	44.3018463105	380
-121	44.3842496574	380
-120.5	44.2781518698	380
-120.204558343	44	380
-120.216143847	43.5	380
-120.439149566	43	380
-120.5	42.9443563633	380
-121	42.5536568463	380
-121.203066885	42.5	380
-121.5	42.4313292056	380
-121.914202869	42.5	380
-122	42.5232401788	380
-122.267592549	43	380
-122.222892866	43.5	380
-122	43.9142584205	380
-121.914682031	44	380
-121.5	44.3018463105	380
> 390 contour -Z390
-117.5	46.5523531735	390
-117.376378268	46.5	390
-117.25900729	46	390
-117.5	45.6701069474	390
-117.652624816	45.5	390
-118	45.2815151811	390
-118.5	45.2249173224	390
-118.678783029	45.5	390
-118.50274454	46	390
-118.5	46.0037295185	390
-118	46.423876673	390
-117.72737962	46.5	390
-117.5	46.5523531735	390
> 390 contour -Z390
-121.5	44.2804919332	390
-121	44.360128969	390
-120.5	44.2349940836	390
-120.25039877	44	390
-120.24483183	43.5	390
-120.468057152	43	390
-120.5	42.9707904086	390
-121	42.5722007751	390
-121.273247242	42.5	390
-121.5	42.4475596026	390
-121.816305697	42.5	390
-122	42.5497578979	390
-122.252708852	43	390
-122.207029611	43.5	390
-122	43.8847756982	390
-121.885344982	44	390
-121.5	44.2804919332	390
> 400 contour -Z400
-118	46.3209240139	400
-117.5	46.4098413587	400
-117.346883833	46	400
-117.5	45.7904004604	400
-117.760555595	45.5	400
-118	45.3493992388	400
-118.5	45.3406392932	400
-118.603572458	45.5	400
-118.5	45.7954388559	400
-118.382882506	46	400
-118	46.3209240139	400
> 400 contour -Z400
-121.5	44.259137556	400
-121	44.3360082805	400
-120.5	44.1918363273	400
-120.296239197	44	400
-120.273519799	43.5	400
-120.496964739	43	400
-120.5	42.9972244573	400
-121	42.590744704	400
-121.343427613	42.5	400
-121.5	42.4637899958	400
-121.71840854	42.5	400
-122	42.5762756467	400
-122.23782514	43	400
-122.191166371	43.5	400
-122	43.8552930057	400
-121.856007934	44	400
-121.5	44.259137556	400
> 410 contour -Z410
-118	46.2179713547	410
-117.5	46.1746249348	410
-117.434760362	46	410
-117.5	45.9106939659	410
-117.868486375	45.5	410
-118	45.4172832966	410
-118.5	45.4563612826	410
-118.528361879	45.5	410
-118.5	45.5809018314	410
-118.260053515	46	410
-118	46.2179713547	410
> 410 contour -Z410
-121.5	44.2377831638	410
-121	44.3118875921	410
-120.5	44.1486785561	410
-120.342079639	44	410
-120.302207783	43.5	410
-120.5	43.0574484468	410
-120.520373821	43	410
-121	42.6092886627	410
-121.413607985	42.5	410
-121.5	42.480020389	410
-121.620511375	42.5	410
-122	42.6027933955	410
-122.222941443	43	410
-122.175303116	43.5	410
-122	43.8258103132	410
-121.826670915	44	410
-121.5	44.2377831638	410
> 420 contour -Z420
-118	46.1150186956	420
-117.593686044	46	420
-117.976417152	45.5	420
-118	45.4851673506	420
-118.129842952	45.5	420
-118.13722451	46	420
-118	46.1150186956	420
> 420 contour -Z420
-121.5	44.2164287865	420
-121	44.2877669334	420
-120.5	44.1055207923	420
-120.387920074	44	420
-120.330895767	43.5	420
-120.5	43.1216365695	420
-120.543137819	43	420
-121	42.6278325915	420
-121.483788352	42.5	420
-121.5	42.4962507829	420
-121.52261422	42.5	420
-122	42.6293111444	420
-122.208057746	43	420
-122.159439877	43.5	420
-122	43.7963275909	420
-121.797333866	44	420
-121.5	44.2164287865	420
> 430 contour -Z430
-118	46.0120660365	430
-117.957375679	46	430
-118	45.9347948655	430
-118.014395522	46	430
-118	46.0120660365	430
> 430 contour -Z430
-121.5	44.1950744092	430
-121	44.263646245	430
-120.5	44.0623630248	430
-120.433760516	44	430
-120.35958375	43.5	430
-120.5	43.1858246922	430
-120.565901816	43	430
-121	42.6463765204	430
-121.5	42.5135975778	430
-122	42.6558288634	430
-122.193174049	43	430
-122.143576622	43.5	430
-122	43.7668448985	430
-121.767996818	44	430
-121.5	44.1950744092	430
> 440 contour -Z440
-121.5	44.173720032	440
-121	44.2395255566	440
-120.5	44.0192052592	440
-120.479600949	44	440
-120.388271742	43.5	440
-120.5	43.2500128299	440
-120.588665813	43	440
-121	42.6649204493	440
-121.5	42.5312797427	440
-122	42.6823466122	440
-122.178290352	43	440
-122.127713382	43.5	440
-122	43.7373621911	440
-121.738659784	44	440
-121.5	44.173720032	440
> 450 contour -Z450
-121.5	44.1523656547	450
-121	44.215404883	450
-120.529255748	44	450
-120.5	43.9195560813	450
-120.416959725	43.5	450
-120.5	43.3142009526	450
-120.611429811	43	450
-121	42.6834643781	450
-121.5	42.5489618778	450
-122	42.708864361	450
-122.163406655	43	450
-122.111850128	43.5	450
-122	43.7078794986	450
-121.709322751	44	450
-121.5	44.1523656547	450
> 460 contour -Z460
-121.5	44.1310112774	460
-121	44.1912841946	460
-120.581968904	44	460
-120.5	43.7746117413	460
-120.445647705	43.5	460
-120.5	43.3783890828	460
-120.634193838	43	460
-121	42.702008307	460
-121.5	42.5666440427	460
-122	42.7353821099	460
-122.148522943	43	460
-122.09598688	43.5	460
-122	43.6783967912	460
-121.679985702	44	460
-121.5	44.1310112774	460
> 470 contour -Z470
-121.5	44.1096569002	470
-121	44.1671635062	470
-120.634682059	44	470
-120.5	43.6296674013	470
-120.474335689	43.5	470
-120.5	43.4425772093	470
-120.656957835	43	470
-121	42.7205522358	470
-121.5	42.5843261778	470
-122	42.7618998438	470
-122.133639246	43	470
-122.080123633	43.5	470
-122	43.6489140987	470
-121.650648668	44	470
-121.5	44.1096569002	470
> 480 contour -Z480
-121.5	44.0883025229	480
-121	44.1430428326	480
-120.687395245	44	480
-120.502852798	43.5	480
-120.679721832	43	480
-121	42.7390961647	480
-121.5	42.6020083427	480
-122	42.7884175926	480
-122.118755549	43	480
-122.064260386	43.5	480
-122	43.6194313914	480
-121.621311627	44	480
-121.5	44.0883025229	480
> 490 contour -Z490
-121.5	44.0669481456	490
-121	44.1189221516	490
-120.740108401	44	490
-120.529919624	43.5	490
-120.70248583	43	490
-121	42.7576400936	490
-121.5	42.6196905077	490
-122	42.8149353266	490
-122.103871852	43	490
-122.048397139	43.5	490
-122	43.5899486914	490
-121.591974594	44	490
-121.5	44.0669481456	490
> 500 contour -Z500
-121.5	44.0455937684	500
-121	44.0948014632	500
-120.792821556	44	500
-120.556986451	43.5	500
-120.725249857	43	500
-121	42.7761840224	500
-121.5	42.6373726428	500
-122	42.8414530754	500
-122.088988155	43	500
-122.032533891	43.5	500
-122	43.5604659915	500
-121.562637553	44	500
-121.5	44.0455937684	500
> 510 contour -Z510
-121.5	44.0242393911	510
-121	44.0706807822	510
-120.845534727	44	510
-120.584053278	43.5	510
-120.748013854	43	510
-121	42.7947279513	510
-121.5	42.6550548077	510
-122	42.8679708093	510
-122.074104451	43	510
-122.016670642	43.5	510
-122	43.5309832878	510
-121.533300512	44	510
-121.5	44.0242393911	510
> 520 contour -Z520
-121.5	44.0028850138	520
-121	44.0465601012	520
-120.89824789	44	520
-120.611120105	43.5	520
-120.770777851	43	520
-121	42.8132718801	520
-121.5	42.6727369428	520
-122	42.8944885507	520
-122.059220754	43	520
-122.000807395	43.5	520
-122	43.5015005874	520
-121.503963473	44	520
-121.5	44.0028850138	520
> 530 contour -Z530
-121	44.0224394202	530
-120.950961057	44	530
-120.638186932	43.5	530
-120.793541849	43	530
-121	42.831815809	530
-121.5	42.6904191077	530
-122	42.9210062921	530
-122.044337053	43	530
-122	43.3791876137	530
-121.973806143	43.5	530
-121.5	43.9760186076	530
-121.25910753	44	530
-121	44.0224394202	530
> 540 contour -Z540
-121.5	43.9482911862	540
-121	43.9971978068	540
-120.665253729	43.5	540
-120.816305861	43	540
-121	42.8503597379	540
-121.5	42.7081012726	540
-122	42.9475240372	540
-122.029453354	43	540
-122	43.2518964708	540
-121.946207613	43.5	540
-121.5	43.9482911862	540
> 550 contour -Z550
-121.5	43.9205637723	550
-121	43.956995517	550
-120.692320555	43.5	550
-120.839069858	43	550
-121	42.8689036667	550
-121.5	42.7257834077	550
-122	42.9740417786	550
-122.014569655	43	550
-122	43.1246053204	550
-121.918609083	43.5	550
-121.5	43.9205637723	550
> 560 contour -Z560
-121.5	43.8928363621	560
-121	43.9167932272	560
-120.719387382	43.5	560
-120.86183387	43	560
-121	42.887447603	560
-121.5	42.7434655726	560
-121.999273866	43	560
-121.891010523	43.5	560
-121.5	43.8928363621	560
> 570 contour -Z570
-121.5	43.8651089519	570
-121	43.8765909374	570
-120.746454209	43.5	570
-120.884597868	43	570
-121	42.9059915319	570
-121.5	42.7611477226	570
-121.964860409	43	570
-121.863411993	43.5	570
-121.5	43.8651089519	570
> 580 contour -Z580
-121.5	43.8373815417	580
-121	43.8363886774	580
-120.773521036	43.5	580
-120.907361872	43	580
-121	42.9245354608	580
-121.5	42.7788298726	580
-121.930446953	43	580
-121.835813463	43.5	580
-121.5	43.8373815417	580
> 590 contour -Z590
-121.5	43.8096541315	590
-121	43.7961863875	590
-120.800587863	43.5	590
-120.930125877	43	590
-121	42.9430793934	590
-121.5	42.7965120226	590
-121.896033496	43	590
-121.808214903	43.5	590
-121.5	43.8096541315	590
> 600 contour -Z600
-121.5	43.7819267213	600
-121	43.7559840977	600
-120.827654675	43.5	600
-120.952889878	43	600
-121	42.9616233222	600
-121.5	42.8141941726	600
-121.861620039	43	600
-121.780616373	43.5	600
-121.5	43.7819267213	600
> 610 contour -Z610
-121.5	43.7541993111	610
-121	43.7157818079	610
-120.854721501	43.5	610
-120.975653881	43	610
-121	42.9801672529	610
-121.5	42.8318763375	610
-121.827206582	43	610
-121.753017843	43.5	610
-121.5	43.7541993111	610
> 620 contour -Z620
-121.5	43.7264719009	620
-121	43.6755795181	620
-120.881788328	43.5	620
-120.998417885	43	620
-121	42.9987111833	620
-121.5	42.8495584875	620
-121.792793125	43	620
-121.725419298	43.5	620
-121.5	43.7264719009	620
> 630 contour -Z630
-121.5	43.6987444758	630
-121	43.6353772283	630
-120.908855148	43.5	630
-121	43.1082504392	630
-121.055133522	43	630
-121.5	42.8672406375	630
-121.758379668	43	630
-121.697820753	43.5	630
-121.5	43.6987444758	630
> 640 contour -Z640
-121.5	43.6710170805	640
-121	43.5951749384	640
-120.935921974	43.5	640
-121	43.224586308	640
-121.114385068	43	640
-121.5	42.884922795	640
-121.723966211	43	640
-121.670222208	43.5	640
-121.5	43.6710170805	640
> 650 contour -Z650
-121.5	43.6432896554	650
-121	43.5549726523	650
-120.962988798	43.5	650
-121	43.3409221917	650
-121.173636615	43	650
-121.5	42.902604945	650
-121.689552754	43	650
-121.642623678	43.5	650
-121.5	43.6432896554	650
> 660 contour -Z660
-121.5	43.6155622602	660
-121	43.5147703653	660
-120.990055619	43.5	660
-121	43.457258068	660
-121.232888162	43	660
-121.5	42.920287095	660
-121.655139297	43	660
-121.615025133	43.5	660
-121.5	43.6155622602	660
> 670 contour -Z670
-121.5	43.5878348351	670
-121.083227992	43.5	670
-121.292139694	43	670
-121.5	42.9379692487	670
-121.620725833	43	670
-121.587426595	43.5	670
-121.5	43.5878348351	670
> 680 contour -Z680
-121.5	43.56010741	680
-121.214793205	43.5	680
-121.351391241	43	680
-121.5	42.9556514025	680
-121.586312376	43	680
-121.559828054	43.5	680
-121.5	43.56010741	680
> 690 contour -Z690
-121.5	43.5323800147	690
-121.346358433	43.5	690
-121.41064278	43	690
-121.5	42.9733335562	690
-121.551898915	43	690
-121.532229517	43.5	690
-121.5	43.5323800147	690
> 700 contour -Z700
-121.5	43.5046525896	700
-121.477923641	43.5	700
-121.469894327	43	700
-121.5	42.991015709	700
-121.517485457	43	700
-121.504630975	43.5	700
-121.5	43.5046525896	700
