> 10 contour -Z10
-117	53.5756922662	10
-116.5	53.6491255015	10
-116	53.6799302697	10
-115.5	53.6704013646	10
-115	53.6141618416	10
-114.5	53.5092958733	10
-114.462698475	53.5	10
-114	53.3997937143	10
-113.5	53.2768975496	10
-113	53.1363095492	10
-112.585645437	53	10
-112.5	52.976372689	10
-112	52.8271112442	10
-111.5	52.6498604864	10
-111.143602073	52.5	10
-111	52.4494662285	10
-110.5	52.2528671026	10
-110	52.0355267785	10
-109.914893746	52	10
-109.5	51.8526280224	10
-109	51.6539670527	10
-108.663519144	51.5	10
-108.5	51.4164840579	10
-108	51.1229764298	10
-107.814712927	51	10
-107.5	50.7136721462	10
-107.288896784	50.5	10
-107.042772979	50	10
-107.051559329	49.5	10
-107.25022684	49	10
-107.5	48.6677730381	10
-107.600907385	48.5	10
-108	48.1252555549	10
-108.105210364	48	10
-108.5	47.6973885894	10
-108.727318674	47.5	10
-109	47.3060050309	10
-109.421287157	47	10
-109.5	46.9443277568	10
-110	46.5821492672	10
-110.106149733	46.5	10
-110.5	46.1918839812	10
-110.74501422	46	10
-111	45.7865553498	10
-111.362735853	45.5	10
-111.5	45.3744607568	10
-111.963279262	45	10
-112	44.9630425572	10
-112.5	44.5154101551	10
-112.518485814	44.5	10
-113	44.0170630813	10
-113.019230753	44	10
-113.47416972	43.5	10
-113.5	43.4678785466	10
-113.88487222	43	10
-114	42.854388535	10
-114.281423211	42.5	10
-114.5	42.2219955325	10
-114.673076898	42	10
-115	41.6266512871	10
-115.108887017	41.5	10
-115.5	41.0792608559	10
-115.577624887	41	10
-116	40.5525981784	10
-116.054894149	40.5	10
-116.5	40.0988077521	10
-116.62594986	40	10
-117	39.719035387	10
-117.356976777	39.5	10
-117.5	39.4153126106	10
-118	39.1668846905	10
-118.5	39.0185924172	10
-118.60665974	39	10
-119	38.9127222747	10
-119.5	38.8637946099	10
-120	38.8758134171	10
-120.5	38.9677344635	10
-120.586496517	39	10
-121	39.1190647185	10
-121.5	39.3833758831	10
-121.650869772	39.5	10
-122	39.7773409337	10
-122.214138433	40	10
-122.5	40.2958966047	10
-122.655296862	40.5	10
-123	40.9926489354	10
-123.005088391	41	10
-123.47413677	41.5	10
-123.5	41.5380650461	10
-123.899291635	42	10
-124	42.221426785	10
-124.253080785	42.5	10
-124.491531491	43	10
-124.5	43.0342499316	10
-124.862221003	43.5	10
-125	43.7868020236	10
-125.16240333	44	10
-125.4081074	44.5	10
-125.5	44.9326699302	10
-125.516768705	45	10
-125.541136608	45.5	10
-125.506634661	46	10
-125.5	46.0254053622	10
-125.403706938	46.5	10
-125.239588484	47	10
-125.017944952	47.5	10
-125	47.5375756435	10
-124.812115222	48	10
-124.553470384	48.5	10
-124.5	48.5925258026	10
-124.291314632	49	10
-124	49.4511446655	10
-123.970988065	49.5	10
-123.649828553	50	10
-123.5	50.1989648193	10
-123.270445198	50.5	10
-123	50.8096528947	10
-122.818510771	51	10
-122.5	51.3043478131	10
-122.25373137	51.5	10
-122	51.6944708973	10
-121.5	51.9982495606	10
-121.496730506	52	10
-121	52.287743479	10
-120.51752772	52.5	10
-120.5	52.5089174211	10
-120	52.7385997772	10
-119.5	52.9147433043	10
-119.207828984	53	10
-119	53.0753144696	10
-118.5	53.2316196412	10
-118	53.3615594804	10
-117.5	53.4710538983	10
-117.333785594	53.5	10
-117	53.5756922662	10
> 20 contour -Z20
-117	52.5260283351	20
-116.5	52.5438232571	20
-116	52.5157780033	20
-115.90550188	52.5	20
-115.5	52.4397226572	20
-115	52.3294742405	20
-114.5	52.210234046	20
-114	52.0913373232	20
-113.634725749	52	20
-113.5	51.9736757576	20
-113	51.8581817746	20
-112.5	51.7112044245	20
-112	51.5262989495	20
-111.935000055	51.5	20
-111.5	51.3426912725	20
-111	51.1348817945	20
-110.711617351	51	20
-110.5	50.8896411955	20
-110	50.5948773697	20
-109.855978325	50.5	20
-109.5	50.193153277	20
-109.307954073	50	20
-109.02138254	49.5	20
-109	49.3897282779	20
-108.929469571	49	20
-109	48.6935866177	20
-109.034446329	48.5	20
-109.291189238	48	20
-109.5	47.7822862566	20
-109.722087145	47.5	20
-110	47.2673629671	20
-110.283108264	47	20
-110.5	46.8244390041	20
-110.868382871	46.5	20
-111	46.390799582	20
-111.450448181	46	20
-111.5	45.9579314105	20
-112	45.5265419185	20
-112.029126227	45.5	20
-112.5	45.0863878727	20
-112.598118663	45	20
-113	44.6431525052	20
-113.168927491	44.5	20
-113.5	44.191871047	20
-113.728848457	44	20
-114	43.7344860137	20
-114.27327235	43.5	20
-114.5	43.2684636116	20
-114.798456162	43	20
-115	42.7838976979	20
-115.290857285	42.5	20
-115.5	42.2655143142	20
-115.760559812	42	20
-116	41.7480363846	20
-116.255893201	41.5	20
-116.5	41.2689559609	20
-116.805786833	41	20
-117	40.8244986385	20
-117.400088273	40.5	20
-117.5	40.4213179797	20
-118	40.0801957548	20
-118.169394255	40	20
-118.5	39.8353824466	20
-119	39.6891536117	20
-119.5	39.6201861501	20
-120	39.6154542565	20
-120.5	39.6885657609	20
-121	39.8824351206	20
-121.183070883	40	20
-121.5	40.1458611488	20
-121.959421009	40.5	20
-122	40.5138841867	20
-122.5	40.8534408957	20
-122.628326878	41	20
-123	41.236041218	20
-123.249629557	41.5	20
-123.5	41.8684906363	20
-123.613675296	42	20
-123.958394378	42.5	20
-124	42.7309097052	20
-124.193344444	43	20
-124.339705408	43.5	20
-124.418767095	44	20
-124.490761518	44.5	20
-124.5	44.604927659	20
-124.573009908	45	20
-124.591777727	45.5	20
-124.586605437	46	20
-124.5	46.434471488	20
-124.48982355	46.5	20
-124.32944271	47	20
-124.106478646	47.5	20
-124	47.7082450241	20
-123.86512056	48	20
-123.593795821	48.5	20
-123.5	48.6507854015	20
-123.287105024	49	20
-123	49.3939128518	20
-122.919478148	49.5	20
-122.5	49.9958742857	20
-122.496231854	50	20
-122	50.4977502227	20
-121.997490495	50.5	20
-121.5	50.9161908329	20
-121.379643112	51	20
-121	51.2576104999	20
-120.539776333	51.5	20
-120.5	51.522080427	20
-120	51.762545377	20
-119.5	51.9471936524	20
-119.327119559	52	20
-119	52.1178257912	20
-118.5	52.2641804516	20
-118	52.3793912828	20
-117.5	52.467538923	20
-117.191946119	52.5	20
-117	52.5260283351	20
> 30 contour -Z30
-118.5	51.6239798963	30
-118	51.7368272841	30
-117.5	51.8058547378	30
-117	51.8323117197	30
-116.5	51.8196842372	30
-116	51.7546301782	30
-115.5	51.6436326951	30
-115	51.5245447848	30
-114.884271964	51.5	30
-114.5	51.4350627065	30
-114	51.3460078835	30
-113.5	51.2292634994	30
-113	51.0730410814	30
-112.801778659	51	30
-112.5	50.8953822851	30
-112	50.6901178807	30
-111.621174693	50.5	30
-111.5	50.4298622012	30
-111	50.0933486894	30
-110.876290187	50	30
-110.5	49.6284770668	30
-110.382759422	49.5	30
-110.093543649	49	30
-110.02503413	48.5	30
-110.152079612	48	30
-110.453541327	47.5	30
-110.5	47.4560302906	30
-110.900965028	47	30
-111	46.9114079848	30
-111.413362272	46.5	30
-111.5	46.4229780808	30
-111.945341174	46	30
-112	45.9518927932	30
-112.495892487	45.5	30
-112.5	45.4963919907	30
-113	45.046143502	30
-113.0499672	45	30
-113.5	44.6033496261	30
-113.619065255	44.5	30
-114	44.1634162366	30
-114.197641283	44	30
-114.5	43.7265960872	30
-114.779978752	43.5	30
-115	43.2944480777	30
-115.362011209	43	30
-115.5	42.864204362	30
-115.935148671	42.5	30
-116	42.4342853427	30
-116.493264634	42	30
-116.5	41.9934201981	30
-117	41.5320061743	30
-117.037680328	41.5	30
-117.5	41.0942938328	30
-117.623874187	41	30
-118	40.7066039443	30
-118.378965057	40.5	30
-118.5	40.4315429181	30
-119	40.2502232939	30
-119.5	40.1602789462	30
-120	40.1372011304	30
-120.5	40.1875351369	30
-121	40.3388065845	30
-121.301771939	40.5	30
-121.5	40.5434408188	30
-122	40.7255333662	30
-122.331917077	41	30
-122.5	41.0446303785	30
-123	41.4734355845	30
-123.025122344	41.5	30
-123.47607407	42	30
-123.5	42.0525103807	30
-123.883617967	42.5	30
-123.983126819	43	30
-124	43.2694666386	30
-124.07855425	43.5	30
-124.121537291	44	30
-124.116733946	44.5	30
-124.062131923	45	30
-124	45.3982053697	30
-123.986895531	45.5	30
-123.969655007	46	30
-123.894677579	46.5	30
-123.71964711	47	30
-123.5	47.4480330646	30
-123.475247532	47.5	30
-123.215414792	48	30
-123	48.3551136255	30
-122.911415905	48.5	30
-122.555540077	49	30
-122.5	49.0695409775	30
-122.138856441	49.5	30
-122	49.6493801624	30
-121.642765746	50	30
-121.5	50.1307466626	30
-121.031922776	50.5	30
-121	50.523902161	30
-120.5	50.8469848633	30
-120.193751559	51	30
-120	51.0999755189	30
-119.5	51.3125481904	30
-119	51.47587502	30
-118.908410221	51.5	30
-118.5	51.6239798963	30
> 40 contour -Z40
-118.5	51.1248093545	40
-118	51.2282181829	40
-117.5	51.2764294147	40
-117	51.2850384712	40
-116.5	51.2487479001	40
-116	51.1615907103	40
-115.5	51.0540933758	40
-115.233590811	51	40
-115	50.9597739279	40
-114.5	50.8758433163	40
-114	50.7695283294	40
-113.5	50.6261709034	40
-113.150916785	50.5	40
-113	50.4445604682	40
-112.5	50.2173505723	40
-112.121772617	50	40
-112	49.9161728919	40
-111.5	49.5081422618	40
-111.490998689	49.5	40
-111.061293811	49	40
-111	48.8708314896	40
-110.843464956	48.5	40
-110.852929503	48	40
-111	47.6469751298	40
-111.049256951	47.5	40
-111.402294435	47	40
-111.5	46.9027294517	40
-111.855489135	46.5	40
-112	46.3619409204	40
-112.350000024	46	40
-112.5	45.8614089191	40
-112.870209947	45.5	40
-113	45.3829572722	40
-113.414691061	45	40
-113.5	44.9248103201	40
-113.989408217	44.5	40
-114	44.4906413835	40
-114.5	44.063998282	40
-114.578171581	44	40
-115	43.641449362	40
-115.181319416	43.5	40
-115.5	43.2259976268	40
-115.803104758	43	40
-116	42.8266398162	40
-116.435296379	42.5	40
-116.5	42.4409904405	40
-117	42.0299431682	40
-117.038712114	42	40
-117.5	41.594386667	40
-117.624112308	41.5	40
-118	41.1977418065	40
-118.3428078	41	40
-118.5	40.9036321566	40
-119	40.7076157928	40
-119.5	40.5960462689	40
-120	40.54246068	40
-120.5	40.5464882851	40
-121	40.6062941253	40
-121.5	40.7122741938	40
-122	40.9371825531	40
-122.075966187	41	40
-122.5	41.1125919223	40
-122.932602286	41.5	40
-123	41.5374201536	40
-123.43633002	42	40
-123.5	42.1397369206	40
-123.808841586	42.5	40
-123.935137123	43	40
-123.963042408	43.5	40
-123.950716197	44	40
-123.899370968	44.5	40
-123.782076955	45	40
-123.588584363	45.5	40
-123.5	45.9086729884	40
-123.480578303	46	40
-123.39592436	46.5	40
-123.208976895	47	40
-123	47.4002605975	40
-122.94784984	47.5	40
-122.659782246	48	40
-122.5	48.2444081157	40
-122.335036874	48.5	40
-122	48.9321146905	40
-121.945564479	49	40
-121.5	49.4746342897	40
-121.473544002	49.5	40
-121	49.9209903777	40
-120.893298507	50	40
-120.5	50.2828541696	40
-120.113940656	50.5	40
-120	50.5638875216	40
-119.5	50.7975856364	40
-119	50.9746395648	40
-118.907943964	51	40
-118.5	51.1248093545	40
> 50 contour -Z50
-119	50.5455287099	50
-118.5	50.7003977895	50
-118	50.7905913591	50
-117.5	50.8238106966	50
-117	50.8184480369	50
-116.5	50.7639628947	50
-116	50.6770499945	50
-115.5	50.579774864	50
-115.078416944	50.5	50
-115	50.4868605137	50
-114.5	50.3961867988	50
-114	50.2758824825	50
-113.5	50.1055588871	50
-113.264513224	50	50
-113	49.8643891513	50
-112.5	49.5410772562	50
-112.444136117	49.5	50
-112	49.0933955014	50
-111.908948258	49	50
-111.567149729	48.5	50
-111.5	48.1667807549	50
-111.470513469	48	50
-111.5	47.8779449165	50
-111.574994981	47.5	50
-111.850346476	47	50
-112	46.8298604935	50
-112.248834223	46.5	50
-112.5	46.2406817973	50
-112.711367995	46	50
-113	45.7176451087	50
-113.208759934	45.5	50
-113.5	45.228495568	50
-113.739107341	45	50
-114	44.7687434256	50
-114.307560816	44.5	50
-114.5	44.3351773769	50
-114.909407079	44	50
-115	43.9229967669	50
-115.5	43.529317379	50
-115.540641874	43.5	50
-116	43.1424593329	50
-116.204732716	43	50
-116.5	42.7665294409	50
-116.869589269	42.5	50
-117	42.3898365945	50
-117.5	42.0028133392	50
-117.503926158	42	50
-118	41.6085453033	50
-118.185369819	41.5	50
-118.5	41.3035796881	50
-119	41.1014586091	50
-119.364595905	41	50
-119.5	40.9594446942	50
-120	40.8194382787	50
-120.5	40.7555183917	50
-121	40.7810337842	50
-121.5	40.8811075464	50
-121.750177592	41	50
-122	41.0297333598	50
-122.5	41.1805534959	50
-122.856712461	41.5	50
-123	41.5795552135	50
-123.396585971	42	50
-123.5	42.2269634604	50
-123.734065175	42.5	50
-123.887147397	43	50
-123.910185516	43.5	50
-123.86733979	44	50
-123.753086597	44.5	50
-123.531964384	45	50
-123.5	45.0705765262	50
-123.316551834	45.5	50
-123.089800701	46	50
-123	46.3196993768	50
-122.945422322	46.5	50
-122.743379518	47	50
-122.5	47.43594715	50
-122.464660913	47.5	50
-122.16695191	48	50
-122	48.2454914749	50
-121.827816159	48.5	50
-121.5	48.8958879709	50
-121.407770842	49	50
-121	49.3936315179	50
-120.870434225	49.5	50
-120.5	49.7878605723	50
-120.158708841	50	50
-120	50.0978180915	50
-119.5	50.3507707715	50
-119.112848416	50.5	50
-119	50.5455287099	50
> 60 contour -Z60
-119	50.1641240716	60
-118.5	50.3165446818	60
-118	50.3943125606	60
-117.5	50.4175852239	60
-117	50.3981466889	60
-116.5	50.3345693946	60
-116	50.2522614002	60
-115.5	50.1652796715	60
-115	50.0749649778	60
-114.646327049	50	60
-114.5	49.9717978239	60
-114	49.8313844204	60
-113.5	49.6069229096	60
-113.316296965	49.5	60
-113	49.2733276486	60
-112.677628756	49	60
-112.5	48.8008570075	60
-112.250234932	48.5	60
-112.046969801	48	60
-112.071267456	47.5	60
-112.273842171	47	60
-112.5	46.6895330846	60
-112.616395593	46.5	60
-113	46.0614984035	60
-113.047106117	46	60
-113.5	45.5286489725	60
-113.52588594	45.5	60
-114	45.045406729	60
-114.04687497	45	60
-114.5	44.5991155207	60
-114.614792496	44.5	60
-115	44.177837044	60
-115.226338118	44	60
-115.5	43.7798937857	60
-115.888008907	43.5	60
-116	43.41283191	60
-116.5	43.0633977652	60
-116.595330775	43	60
-117	42.7025275528	60
-117.285861447	42.5	60
-117.5	42.3299529105	60
-117.960463788	42	60
-118	41.9688017499	60
-118.5	41.6634004414	60
-118.86517188	41.5	60
-119	41.4390910715	60
-119.5	41.2056576908	60
-120	41.0495191514	60
-120.336198598	41	60
-120.5	40.9645485096	60
-121	40.9557734244	60
-121.230551913	41	60
-121.5	41.0120824575	60
-122	41.0720162988	60
-122.5	41.2485150397	60
-122.780822664	41.5	60
-123	41.6216902733	60
-123.356841922	42	60
-123.5	42.3141900003	60
-123.659288749	42.5	60
-123.839157701	43	60
-123.857328594	43.5	60
-123.783963382	44	60
-123.606802247	44.5	60
-123.5	44.7278287858	60
-123.38263315	45	60
-123.08063601	45.5	60
-123	45.6536870301	60
-122.794174284	46	60
-122.524298813	46.5	60
-122.5	46.5557703115	60
-122.305879295	47	60
-122.019583352	47.5	60
-122	47.5317551084	60
-121.719449922	48	60
-121.5	48.3116172254	60
-121.36368075	48.5	60
-121	48.9041975737	60
-120.903193682	49	60
-120.5	49.3408420384	60
-120.271305591	49.5	60
-120	49.6813319623	60
-119.5	49.9474220872	60
-119.375774175	50	60
-119	50.1641240716	60
> 70 contour -Z70
-118	50.0278511345	70
-117.5	50.0451734513	70
-117	50.0071550938	70
-116.948940102	50	70
-116.5	49.9415461421	70
-116	49.8686936498	70
-115.5	49.7965081036	70
-115	49.7139459252	70
-114.5	49.5972659364	70
-114.23127073	49.5	70
-114	49.4049583375	70
-113.5	49.1002955064	70
-113.368715718	49	70
-113	48.6175655574	70
-112.893470503	48.5	70
-112.605151236	48	70
-112.558765531	47.5	70
-112.68839854	47	70
-112.966879301	46.5	70
-113	46.4621394351	70
-113.353986308	46	70
-113.5	45.8480356932	70
-113.814469561	45.5	70
-114	45.3221084476	70
-114.332524002	45	70
-114.5	44.8518322259	70
-114.907481052	44.5	70
-115	44.4226230606	70
-115.5	44.0291929543	70
-115.541256785	44	70
-116	43.6669211984	70
-116.254526272	43.5	70
-116.5	43.3274450302	70
-116.992376665	43	70
-117	42.9943960849	70
-117.5	42.6447519362	70
-117.71634537	42.5	70
-118	42.295981884	70
-118.496466875	42	70
-118.5	41.9978261513	70
-119	41.6945591867	70
-119.375584386	41.5	70
-119.5	41.4371499419	70
-120	41.1917747855	70
-120.5	41.075001359	70
-121	41.0421410799	70
-121.5	41.0529291034	70
-122	41.1142992377	70
-122.5	41.3164766133	70
-122.704932839	41.5	70
-123	41.6638253331	70
-123.317097872	42	70
-123.5	42.4014165476	70
-123.584512323	42.5	70
-123.791167974	43	70
-123.804471672	43.5	70
-123.70058696	44	70
-123.5	44.4495646358	70
-123.478669792	44.5	70
-123.248068988	45	70
-123	45.3684494197	70
-122.90013957	45.5	70
-122.526937548	46	70
-122.5	46.0483176522	70
-122.182919368	46.5	70
-122	46.8317059278	70
-121.889644563	47	70
-121.60703703	47.5	70
-121.5	47.6729311049	70
-121.297824174	48	70
-121	48.3999447227	70
-120.918929666	48.5	70
-120.5	48.9150367677	70
-120.399989665	49	70
-120	49.2908051014	70
-119.64644143	49.5	70
-119.5	49.5833091214	70
-119	49.8080043197	70
-118.5	49.956933558	70
-118.187747374	50	70
-118	50.0278511345	70
> 80 contour -Z80
-118.5	49.6162181497	80
-118	49.6842321157	80
-117.5	49.6869165748	80
-117	49.6421593875	80
-116.5	49.5782532617	80
-116	49.5188231058	80
-115.860476762	49.5	80
-115.5	49.4594610333	80
-115	49.3774620295	80
-114.5	49.2317169905	80
-114.034710944	49	80
-114	48.9771749675	80
-113.5	48.5308447238	80
-113.470095169	48.5	80
-113.138824672	48	80
-113.026360422	47.5	80
-113.098320007	47	80
-113.309975296	46.5	80
-113.5	46.2428424358	80
-113.655724525	46	80
-114	45.6177770495	80
-114.099776477	45.5	80
-114.5	45.1120470464	80
-114.617175579	45	80
-115	44.6679930687	80
-115.207872272	44.5	80
-115.5	44.2692658901	80
-115.880538709	44	80
-116	43.9132629707	80
-116.5	43.5915406644	80
-116.649701774	43.5	80
-117	43.2737217695	80
-117.423013747	43	80
-117.5	42.9461927079	80
-118	42.6069037616	80
-118.120667279	42.5	80
-118.5	42.2302006483	80
-118.888025388	42	80
-119	41.9319423288	80
-119.5	41.6121149063	80
-119.692196131	41.5	80
-120	41.3340303898	80
-120.5	41.1653209031	80
-121	41.0985623896	80
-121.5	41.093775779	80
-122	41.1565821767	80
-122.5	41.384438172	80
-122.629043028	41.5	80
-123	41.7059604228	80
-123.277353853	42	80
-123.5	42.4886430874	80
-123.509735904	42.5	80
-123.743178278	43	80
-123.751614749	43.5	80
-123.617210552	44	80
-123.5	44.2626976371	80
-123.399639636	44.5	80
-123.113504834	45	80
-123	45.1685853302	80
-122.748422131	45.5	80
-122.5	45.8227549195	80
-122.336229235	46	80
-122	46.4008902907	80
-121.882352889	46.5	80
-121.5	46.9913215935	80
-121.490034193	47	80
-121.204750389	47.5	80
-121	47.825691998	80
-120.883577824	48	80
-120.5	48.4678736627	80
-120.469865978	48.5	80
-120	48.9033239186	80
-119.866838783	49	80
-119.5	49.2266411185	80
-119	49.4662092328	80
-118.889739901	49.5	80
-118.5	49.6162181497	80
> 90 contour -Z90
-119	49.1160446405	90
-118.5	49.2698568106	90
-118	49.3373446763	90
-117.5	49.3299227655	90
-117	49.2892628014	90
-116.5	49.2550268173	90
-116	49.2227658629	90
-115.5	49.1678137779	90
-115	49.0618055463	90
-114.824047521	49	90
-114.5	48.8602324724	90
-114.001501828	48.5	90
-114	48.4982578456	90
-113.629841805	48	90
-113.5	47.5924261734	90
-113.471635906	47.5	90
-113.498320007	47	90
-113.5	46.9953239989	90
-113.655342102	46.5	90
-113.952795513	46	90
-114	45.9475924373	90
-114.379184179	45.5	90
-114.5	45.3828883097	90
-114.900413558	45	90
-115	44.9136330262	90
-115.5	44.5100273192	90
-115.514534444	44.5	90
-116	44.166367054	90
-116.271314874	44	90
-116.5	43.8557275683	90
-117	43.557841599	90
-117.107025623	43.5	90
-117.5	43.2709075063	90
-117.847063661	43	90
-118	42.89552062	90
-118.446442623	42.5	90
-118.5	42.461907465	90
-119	42.0945344567	90
-119.15966785	42	90
-119.5	41.7660131156	90
-119.956020486	41.5	90
-120	41.4762859922	90
-120.5	41.255640462	90
-121	41.1549836993	90
-121.5	41.1346224546	90
-122	41.1988651156	90
-122.5	41.4523997381	90
-122.553153209	41.5	90
-123	41.7480954826	90
-123.237609789	42	90
-123.474293351	42.5	90
-123.5	42.588088125	90
-123.695188567	43	90
-123.698757842	43.5	90
-123.533834137	44	90
-123.5	44.0758306086	90
-123.32060948	44.5	90
-123	44.9814278185	90
-122.984402061	45	90
-122.596704699	45.5	90
-122.5	45.6256406456	90
-122.154099733	46	90
-122	46.1837350279	90
-121.624581106	46.5	90
-121.5	46.6600861102	90
-121.109661557	47	90
-121	47.1859041303	90
-120.788969666	47.5	90
-120.5	47.9373196065	90
-120.45414862	48	90
-120	48.4838033319	90
-119.982429832	48.5	90
-119.5	48.8535336554	90
-119.239450887	49	90
-119	49.1160446405	90
> 100 contour -Z100
-119	48.7284322381	100
-118.5	48.9070925713	100
-118	48.9819468856	100
-117.5	48.9709658325	100
-117	48.9512290359	100
-116.5	48.9521370828	100
-116	48.9393040836	100
-115.5	48.883146137	100
-115	48.7435423434	100
-114.542310983	48.5	100
-114.5	48.4649800956	100
-114.087629646	48	100
-114	47.7871798575	100
-113.888473861	47.5	100
-113.880337544	47	100
-114	46.5197727978	100
-114.004450053	46.5	100
-114.267049864	46	100
-114.5	45.7180896997	100
-114.673080474	45.5	100
-115	45.1884336174	100
-115.209269285	45	100
-115.5	44.7677990943	100
-115.888170786	44.5	100
-116	44.4231461212	100
-116.5	44.1256784201	100
-116.752110749	44	100
-117	43.8635585904	100
-117.5	43.598097831	100
-117.597155094	43.5	100
-118	43.1675508022	100
-118.105951875	43	100
-118.5	42.6302207112	100
-118.644317806	42.5	100
-119	42.2270655036	100
-119.38351164	42	100
-119.5	41.9199113324	100
-120	41.5919249654	100
-120.164112955	41.5	100
-120.5	41.3459600061	100
-121	41.211405009	100
-121.5	41.1754691303	100
-122	41.2411480844	100
-122.476672113	41.5	100
-122.5	41.5089919269	100
-123	41.7902305424	100
-123.197865739	42	100
-123.444738686	42.5	100
-123.5	42.6893621385	100
-123.647198856	43	100
-123.64590092	43.5	100
-123.5	43.9114323854	100
-123.475131422	44	100
-123.241579324	44.5	100
-123	44.8627559841	100
-122.884734988	45	100
-122.5	45.4570664167	100
-122.458036304	45.5	100
-122	45.9812850952	100
-121.975907177	46	100
-121.5	46.427362442	100
-121.34856388	46.5	100
-121	46.8128090799	100
-120.679991007	47	100
-120.5	47.2729440928	100
-120.326290965	47.5	100
-120	47.9608754218	100
-119.969110042	48	100
-119.5	48.4307693541	100
-119.40635854	48.5	100
-119	48.7284322381	100
> 110 contour -Z110
-118	48.572580725	110
-117.5	48.5977758691	110
-117	48.6514688581	110
-116.5	48.6908767819	110
-116	48.6860882789	110
-115.5	48.607936956	110
-115.187987298	48.5	110
-115	48.4097954333	110
-114.52755037	48	110
-114.5	47.9495161474	110
-114.283718765	47.5	110
-114.252426043	47	110
-114.349420473	46.5	110
-114.5	46.1894566119	110
-114.58743766	46	110
-114.978014255	45.5	110
-115	45.4790467713	110
-115.5	45.0308495164	110
-115.539746642	45	110
-116	44.6894398928	110
-116.332842633	44.5	110
-116.5	44.4025640339	110
-117	44.1452366412	110
-117.344126701	44	110
-117.5	43.9194138423	110
-117.915383242	43.5	110
-118	43.4301697165	110
-118.272020727	43	110
-118.5	42.7860616297	110
-118.817029357	42.5	110
-119	42.3595965654	110
-119.5	42.0471295416	110
-119.575437218	42	110
-120	41.7022393644	110
-120.361056402	41.5	110
-120.5	41.4362795576	110
-121	41.2678263336	110
-121.5	41.2163157761	110
-122	41.2834310234	110
-122.398808658	41.5	110
-122.5	41.5390050113	110
-123	41.8323656172	110
-123.158121705	42	110
-123.415184021	42.5	110
-123.5	42.7906361669	110
-123.599209145	43	110
-123.593044013	43.5	110
-123.5	43.7623788714	110
-123.433279186	44	110
-123.162549168	44.5	110
-123	44.7440841496	110
-122.785067886	45	110
-122.5	45.3386615813	110
-122.342306286	45.5	110
-122	45.8596809208	110
-121.819358736	46	110
-121.5	46.2867826521	110
-121.055480599	46.5	110
-121	46.5497895405	110
-120.5	46.8226054013	110
-120.132626817	47	110
-120	47.1831640899	110
-119.74979943	47.5	110
-119.5	47.8294274509	110
-119.348821104	48	110
-119	48.2525727451	110
-118.5	48.4980082512	110
-118.490048915	48.5	110
-118	48.572580725	110
> 120 contour -Z120
-118	48.1387865841	120
-117.5	48.2860621512	120
-117	48.3857030869	120
-116.5	48.4410941601	120
-116	48.4357986748	120
-115.5	48.3213823736	120
-115	48.0280577429	120
-114.96765247	48	120
-114.660385698	47.5	120
-114.609556377	47	120
-114.690191746	46.5	120
-114.91578009	46	120
-115	45.8917172402	120
-115.322972521	45.5	120
-115.5	45.3418335617	120
-115.940419909	45	120
-116	44.9597977921	120
-116.5	44.657160908	120
-116.823855683	44.5	120
-117	44.4075385407	120
-117.5	44.1432833374	120
-117.654646337	44	120
-118	43.6524800956	120
-118.086348474	43.5	120
-118.438089583	43	120
-118.5	42.9419025555	120
-118.989740903	42.5	120
-119	42.4921276318	120
-119.5	42.1453980505	120
-119.732729286	42	120
-120	41.8125537485	120
-120.5	41.5217612982	120
-120.543188155	41.5	120
-121	41.3242476434	120
-121.5	41.2571624517	120
-122	41.3257139623	120
-122.320945233	41.5	120
-122.5	41.5690180957	120
-123	41.874500677	120
-123.118377656	42	120
-123.385629326	42.5	120
-123.5	42.8919101954	120
-123.551219437	43	120
-123.540187094	43.5	120
-123.5	43.6133253425	120
-123.39142698	44	120
-123.083519012	44.5	120
-123	44.6254123151	120
-122.685400784	45	120
-122.5	45.2202567309	120
-122.226576269	45.5	120
-122	45.7380767167	120
-121.662810281	46	120
-121.5	46.1462028772	120
-121	46.3967050314	120
-120.550260633	46.5	120
-120.5	46.5267999247	120
-120	46.7541576326	120
-119.506238911	47	120
-119.5	47.0077829412	120
-119.053678241	47.5	120
-119	47.5598949157	120
-118.5	47.9530573487	120
-118.380019218	48	120
-118	48.1387865841	120
> 130 contour -Z130
-117	48.1546601355	130
-116.5	48.2224384993	130
-116	48.1936209649	130
-115.5	48.0275068823	130
-115.454121936	48	130
-115.022310853	47.5	130
-115	47.3613065779	130
-114.945104305	47	130
-115	46.6670734286	130
-115.025485784	46.5	130
-115.240396917	46	130
-115.5	45.6898322701	130
-115.666859061	45.5	130
-116	45.2322909236	130
-116.336455613	45	130
-116.5	44.8996556625	130
-117	44.6157862842	130
-117.214021355	44.5	130
-117.5	44.3345318884	130
-117.861061737	44	130
-118	43.8601902425	130
-118.203973353	43.5	130
-118.5	43.0997487307	130
-118.567361206	43	130
-119	42.594648689	130
-119.13251242	42.5	130
-119.5	42.2436665595	130
-119.890021332	42	130
-120	41.9228681326	130
-120.5	41.5956536531	130
-120.689837247	41.5	130
-121	41.3806689605	130
-121.5	41.2980091274	130
-122	41.3679969013	130
-122.243081808	41.5	130
-122.5	41.5990311801	130
-123	41.9166357517	130
-123.078633606	42	130
-123.356074661	42.5	130
-123.5	42.9931842163	130
-123.503229727	43	130
-123.5	43.1096095368	130
-123.493150443	43.5	130
-123.349574775	44	130
-123.004488859	44.5	130
-123	44.5067404793	130
-122.585733689	45	130
-122.5	45.1018519029	130
-122.110846244	45.5	130
-122	45.6164725274	130
-121.506261842	46	130
-121.5	46.0056231054	130
-121	46.2692905068	130
-120.5	46.3823300898	130
-120	46.4772531986	130
-119.922252446	46.5	130
-119.5	46.7551681399	130
-119.117662862	47	130
-119	47.123922132	130
-118.5	47.4925872982	130
-118.48611021	47.5	130
-118	47.8265798092	130
-117.5	47.9974861145	130
-117.490330815	48	130
-117	48.1546601355	130
> 140 contour -Z140
-116.5	48.0037828386	140
-116.460283875	48	140
-116	47.9442217648	140
-115.5	47.6377298385	140
-115.377575748	47.5	140
-115.248072058	47	140
-115.335909933	46.5	140
-115.5	46.1357996464	140
-115.557246387	46	140
-116	45.5061230958	140
-116.00519675	45.5	140
-116.5	45.1228570342	140
-116.66895327	45	140
-117	44.7946068496	140
-117.5	44.5170646608	140
-117.518246382	44.5	140
-118	44.0420612097	140
-118.030279696	44	140
-118.321598247	43.5	140
-118.5	43.2587868273	140
-118.674761027	43	140
-119	42.6952745914	140
-119.273393199	42.5	140
-119.5	42.3419350535	140
-120	42.0212036669	140
-120.031511188	42	140
-120.5	41.6695460081	140
-120.836486354	41.5	140
-121	41.4370902702	140
-121.5	41.3388557881	140
-122	41.4102798477	140
-122.165218368	41.5	140
-122.5	41.6290442646	140
-123	41.958770819	140
-123.038889565	42	140
-123.326519996	42.5	140
-123.474483073	43	140
-123.464574933	43.5	140
-123.307722569	44	140
-123	44.443151921	140
-122.945874572	44.5	140
-122.5	44.9911627769	140
-122.488346159	45	140
-122	45.4964239895	140
-121.995288223	45.5	140
-121.5	45.9110435247	140
-121.268507212	46	140
-121	46.1418759972	140
-120.5	46.2529372275	140
-120	46.3575328588	140
-119.513053457	46.5	140
-119.5	46.5078882352	140
-119	46.8964525759	140
-118.837599754	47	140
-118.5	47.2911530137	140
-118.108666077	47.5	140
-118	47.5730043277	140
-117.5	47.8070462346	140
-117	47.9398449957	140
-116.524864035	48	140
-116.5	48.0037828386	140
> 150 contour -Z150
-117.5	47.6166063547	150
-117	47.7578878701	150
-116.5	47.792740643	150
-116	47.6660268158	150
-115.761699378	47.5	150
-115.541280538	47	150
-115.618567467	46.5	150
-115.847690836	46	150
-116	45.830104202	150
-116.280163899	45.5	150
-116.5	45.3324391842	150
-116.957171053	45	150
-117	44.9734274	150
-117.5	44.6436565518	150
-117.653604656	44.5	150
-118	44.1707282066	150
-118.122906625	44	150
-118.439223133	43.5	150
-118.5	43.4178249016	150
-118.782160878	43	150
-119	42.7959004641	150
-119.414273962	42.5	150
-119.5	42.4402035512	150
-120	42.0916947126	150
-120.136269331	42	150
-120.5	41.7434383929	150
-120.983135443	41.5	150
-121	41.4935115837	150
-121.5	41.3797024637	150
-122	41.4525627904	150
-122.087354936	41.5	150
-122.5	41.659057349	150
-122.999055475	42	150
-123	42.001067549	150
-123.296965331	42.5	150
-123.447124928	43	150
-123.435999423	43.5	150
-123.265870363	44	150
-123	44.3828804493	150
-122.888489723	44.5	150
-122.5	44.9279492497	150
-122.40498504	45	150
-122	45.4116839767	150
-121.883633703	45.5	150
-121.5	45.8183805645	150
-121.027369048	46	150
-121	46.0144614773	150
-120.5	46.1235443652	150
-120	46.2378124893	150
-119.5	46.4076539874	150
-119.31596458	46.5	150
-119	46.7475278378	150
-118.60403128	47	150
-118.5	47.0897187218	150
-118	47.3958856761	150
-117.731161267	47.5	150
-117.5	47.6166063547	150
> 160 contour -Z160
-117	47.5759307742	160
-116.5	47.5818324685	160
-116.2548026	47.5	160
-116	47.3127613068	160
-115.815388367	47	160
-115.870089188	46.5	160
-116	46.2396936417	160
-116.10925293	46	160
-116.5	45.5527216792	160
-116.541838914	45.5	160
-117	45.1397113204	160
-117.159659535	45	160
-117.5	44.7702483982	160
-117.788962901	44.5	160
-118	44.2993952185	160
-118.215533525	44	160
-118.5	43.5679860711	160
-118.540631831	43.5	160
-118.889560699	43	160
-119	42.8965263516	160
-119.5	42.5313741565	160
-119.537761807	42.5	160
-120	42.1621857584	160
-120.241027474	42	160
-120.5	41.8173307478	160
-121	41.5370237231	160
-121.156354964	41.5	160
-121.5	41.4205491319	160
-122	41.494845734	160
-122.009491507	41.5	160
-122.5	41.6890704334	160
-122.955123752	42	160
-123	42.05072245	160
-123.267410666	42.5	160
-123.419766814	43	160
-123.407423913	43.5	160
-123.224018142	44	160
-123	44.3226090074	160
-122.831104875	44.5	160
-122.5	44.8647357225	160
-122.321623892	45	160
-122	45.3269439638	160
-121.771979183	45.5	160
-121.5	45.7257176191	160
-121	45.9222586155	160
-120.5	45.9964955151	160
-120.478092462	46	160
-120	46.118092142	160
-119.5	46.3122650683	160
-119.125864983	46.5	160
-119	46.598603107	160
-118.5	46.9370830357	160
-118.377425522	47	160
-118	47.2496782988	160
-117.5	47.4437627196	160
-117.259192705	47.5	160
-117	47.5759307742	160
> 170 contour -Z170
-118	47.1034709215	170
-117.5	47.2987090349	170
-117	47.395834893	170
-116.5	47.3374502957	170
-116.10222289	47	170
-116.105246127	46.5	170
-116.338969097	46	170
-116.5	45.8156719804	170
-116.750511363	45.5	170
-117	45.3038071394	170
-117.347185254	45	170
-117.5	44.8968402669	170
-117.924321152	44.5	170
-118	44.4280622303	170
-118.308160424	44	170
-118.5	43.7086568177	170
-118.624703616	43.5	170
-118.996960534	43	170
-119	42.9971522395	170
-119.5	42.6115126312	170
-119.63421616	42.5	170
-120	42.2326768041	170
-120.345785618	42	170
-120.5	41.8912231028	170
-121	41.5788584352	170
-121.333027095	41.5	170
-121.5	41.4613957964	170
-121.759187102	41.5	170
-122	41.5240447819	170
-122.5	41.7190835476	170
-122.91119206	42	170
-123	42.1003773808	170
-123.237855986	42.5	170
-123.392408669	43	170
-123.378848404	43.5	170
-123.182165936	44	170
-123	44.2623375356	170
-122.773720026	44.5	170
-122.5	44.8015222251	170
-122.238262773	45	170
-122	45.242203936	170
-121.660324648	45.5	170
-121.5	45.6330546737	170
-121	45.8345639408	170
-120.5	45.918961674	170
-120	45.9991196692	170
-119.997026891	46	170
-119.5	46.2168761641	170
-119	46.4706714749	170
-118.94704926	46.5	170
-118.5	46.8236374855	170
-118.156411514	47	170
-118	47.1034709215	170
> 180 contour -Z180
-117.5	47.15365538	180
-117	47.2170719504	180
-116.5	47.0718460083	180
-116.415309906	47	180
-116.322921336	46.5	180
-116.5	46.1343822777	180
-116.553465515	46	180
-116.959183805	45.5	180
-117	45.4679029621	180
-117.5	45.0251535475	180
-117.521237284	45	180
-118	44.5477815866	180
-118.033672899	44.5	180
-118.400787331	44	180
-118.5	43.8493275791	180
-118.708775371	43.5	180
-119	43.1095317006	180
-119.100811243	43	180
-119.5	42.6916511357	180
-119.730670512	42.5	180
-120	42.3031678349	180
-120.450543758	42	180
-120.5	41.9651154689	180
-121	41.6206931472	180
-121.5	41.5016142428	180
-122	41.5514274836	180
-122.5	41.749096632	180
-122.867260337	42	180
-123	42.1500322819	180
-123.208301306	42.5	180
-123.365050524	43	180
-123.350272894	43.5	180
-123.14031373	44	180
-123	44.2020660937	180
-122.716335177	44.5	180
-122.5	44.7383086979	180
-122.154901654	45	180
-122	45.1574639082	180
-121.548670132	45.5	180
-121.5	45.5403917208	180
-121	45.7468692809	180
-120.5	45.8414278626	180
-120	45.9343897104	180
-119.778418928	46	180
-119.5	46.1214872524	180
-119	46.3838749826	180
-118.790343821	46.5	180
-118.5	46.7101919204	180
-118	46.9654515684	180
-117.8918688	47	180
-117.5	47.15365538	180
> 190 contour -Z190
-117.5	47.0086017251	190
-117	47.0383089967	190
-116.886469349	47	190
-116.543175399	46.5	190
-116.732279569	46	190
-117	45.6747480929	190
-117.121926904	45.5	190
-117.5	45.1610452831	190
-117.635971457	45	190
-118	44.6561544836	190
-118.110046089	44.5	190
-118.49341424	44	190
-118.5	43.9899983304	190
-118.792847157	43.5	190
-119	43.2222535014	190
-119.204558611	43	190
-119.5	42.7717896104	190
-119.827124834	42.5	190
-120	42.3736588806	190
-120.5	42.0194038451	190
-120.530710816	42	190
-121	41.6625278294	190
-121.5	41.5310178995	190
-122	41.5788101852	190
-122.5	41.7791097015	190
-122.823328614	42	190
-123	42.1996871829	190
-123.178746641	42.5	190
-123.33769241	43	190
-123.321697384	43.5	190
-123.098461516	44	190
-123	44.1417946368	190
-122.658950329	44.5	190
-122.5	44.6750951707	190
-122.071540527	45	190
-122	45.0727238953	190
-121.5	45.4567506909	190
-121.381451637	45.5	190
-121	45.6591746062	190
-120.5	45.7638940513	190
-120	45.8696597815	190
-119.559810974	46	190
-119.5	46.0260983352	190
-119	46.2970784605	190
-118.633638397	46.5	190
-118.5	46.5967463702	190
-118	46.8472566903	190
-117.521937039	47	190
-117.5	47.0086017251	190
> 200 contour -Z200
-118	46.7290617824	200
-117.5	46.8493192494	200
-117	46.7766629755	200
-116.774678245	46.5	200
-116.911093645	46	200
-117	45.8919882104	200
-117.273501784	45.5	200
-117.5	45.2969370484	200
-117.750705615	45	200
-118	44.7645273805	200
-118.186419278	44.5	200
-118.5	44.092247963	200
-118.56005457	44	200
-118.876918927	43.5	200
-119	43.3349753022	200
-119.308305964	43	200
-119.5	42.8519280851	200
-119.923579186	42.5	200
-120	42.4441499189	200
-120.5	42.0561604202	200
-120.588886201	42	200
-121	41.7043625414	200
-121.5	41.5604215264	200
-122	41.6061928868	200
-122.5	41.8091228008	200
-122.779396892	42	200
-123	42.2493420839	200
-123.149191976	42.5	200
-123.310334265	43	200
-123.293121874	43.5	200
-123.056609303	44	200
-123	44.08152318	200
-122.601565473	44.5	200
-122.5	44.6118816435	200
-122	44.9941055179	200
-121.986095876	45	200
-121.5	45.3800812364	200
-121.171297044	45.5	200
-121	45.5714799389	200
-120.5	45.68636024	200
-120	45.8049298227	200
-119.5	45.9546022117	200
-119.3846654	46	200
-119	46.2102819532	200
-118.5	46.4841389656	200
-118.464703619	46.5	200
-118	46.7290617824	200
> 210 contour -Z210
-118	46.6108668745	210
-117.5	46.689139843	210
-117.011055827	46.5	210
-117.087312877	46	210
-117.425076649	45.5	210
-117.5	45.4328287989	210
-117.865439802	45	210
-118	44.8729002923	210
-118.262792468	44.5	210
-118.5	44.1915567517	210
-118.624705821	44	210
-118.960990701	43.5	210
-119	43.4476970956	210
-119.412053317	43	210
-119.5	42.9320665672	210
-120	42.5110844076	210
-120.009204268	42.5	210
-120.5	42.0929170251	210
-120.647061586	42	210
-121	41.7461972535	210
-121.5	41.5898251534	210
-122	41.6335755885	210
-122.5	41.8391358852	210
-122.735465184	42	210
-123	42.2989969701	210
-123.119637296	42.5	210
-123.282976121	43	210
-123.264546365	43.5	210
-123.014757094	44	210
-123	44.0212517213	210
-122.544180624	44.5	210
-122.5	44.5486681238	210
-122	44.9525365531	210
-121.888041288	45	210
-121.5	45.3034117818	210
-121	45.4857762754	210
-120.941800445	45.5	210
-120.5	45.6088264287	210
-120	45.7401998937	210
-119.5	45.892105341	210
-119.225889921	46	210
-119	46.1234854385	210
-118.5	46.3763872981	210
-118.224918529	46.5	210
-118	46.6108668745	210
> 220 contour -Z220
-117.5	46.5289604068	220
-117.425134614	46.5	220
-117.260966212	46	220
-117.5	45.634337604	220
-117.568521261	45.5	220
-117.980173972	45	220
-118	44.9812731966	220
-118.339165658	44.5	220
-118.5	44.2908655554	220
-118.689357072	44	220
-119	43.5501787961	220
-119.042952865	43.5	220
-119.5	43.0130043924	220
-119.509159654	43	220
-120	42.5644519031	220
-120.053519487	42.5	220
-120.5	42.1296736002	220
-120.705236971	42	220
-121	41.7880319357	220
-121.5	41.6192288101	220
-122	41.6609582901	220
-122.5	41.8691489697	220
-122.691533461	42	220
-123	42.348651886	220
-123.090082623	42.5	220
-123.255617976	43	220
-123.235970855	43.5	220
-123	43.963650465	220
-122.980869025	44	220
-122.5	44.4930285215	220
-122.488627523	44.5	220
-122	44.9109675586	220
-121.7899867	45	220
-121.5	45.2267423123	220
-121	45.4088496566	220
-120.627037987	45.5	220
-120.5	45.5312926136	220
-120	45.6754699498	220
-119.5	45.8296084702	220
-119.067114465	46	220
-119	46.0366889276	220
-118.5	46.2686356604	220
-118	46.4895026386	220
-117.872323573	46.5	220
-117.5	46.5289604068	220
> 230 contour -Z230
-118.5	46.1608839929	230
-118	46.3201889694	230
-117.5	46.1574391276	230
-117.434619531	46	230
-117.5	45.8999841139	230
-117.70401895	45.5	230
-118	45.1373356879	230
-118.074596465	45	230
-118.415538847	44.5	230
-118.5	44.3901743442	230
-118.754008353	44	230
-119	43.6437959671	230
-119.123088777	43.5	230
-119.5	43.0983912945	230
-119.569302082	43	230
-120	42.6178193688	230
-120.097834736	42.5	230
-120.5	42.1664302051	230
-120.763412356	42	230
-121	41.8298666477	230
-121.5	41.648632437	230
-122	41.6883409917	230
-122.5	41.8991620541	230
-122.647601753	42	230
-123	42.3983067796	230
-123.060527954	42.5	230
-123.228259847	43	230
-123.207395345	43.5	230
-123	43.9075034857	230
-122.951318532	44	230
-122.5	44.4627307951	230
-122.439203322	44.5	230
-122	44.8693985939	230
-121.691932097	45	230
-121.5	45.1500728428	230
-121	45.3319230378	230
-120.5	45.4620566964	230
-120.370752364	45.5	230
-120	45.6107399985	230
-119.5	45.7671115994	230
-119	45.9524151385	230
-118.86058259	46	230
-118.5	46.1608839929	230
> 240 contour -Z240
-118.5	46.0531323254	240
-118	46.15087533	240
-117.705830008	46	240
-117.839516625	45.5	240
-118	45.3033604175	240
-118.164775908	45	240
-118.491912035	44.5	240
-118.5	44.4894831413	240
-118.818659604	44	240
-119	43.7374131083	240
-119.203224689	43.5	240
-119.5	43.1837781966	240
-119.62944448	43	240
-120	42.6711868644	240
-120.142149985	42.5	240
-120.5	42.20318681	240
-120.821587741	42	240
-121	41.8717013448	240
-121.5	41.6780360937	240
-122	41.7157236934	240
-122.5	41.9291751385	240
-122.603670031	42	240
-123	42.4479616843	240
-123.030973284	42.5	240
-123.200901717	43	240
-123.178819835	43.5	240
-123	43.8513565063	240
-122.921768069	44	240
-122.5	44.4324330986	240
-122.389779121	44.5	240
-122	44.8278296292	240
-121.593877517	45	240
-121.5	45.0734033808	240
-121	45.254996419	240
-120.5	45.3984361887	240
-120.154039517	45.5	240
-120	45.5460100546	240
-119.5	45.7046147138	240
-119	45.8699884713	240
-118.619083293	46	240
-118.5	46.0531323254	240
> 250 contour -Z250
-119.5	45.6421178281	250
-119	45.7875618339	250
-118.5	45.9194322824	250
-118	45.8143530488	250
-117.975014307	45.5	250
-118	45.4693851396	250
-118.254955351	45	250
-118.5	44.623788476	250
-118.558524311	44.5	250
-118.883310869	44	250
-119	43.8310302794	250
-119.2833606	43.5	250
-119.5	43.2691650838	250
-119.689586908	43	250
-120	42.7245543599	250
-120.186465204	42.5	250
-120.5	42.2399433851	250
-120.879763126	42	250
-121	41.913536042	250
-121.5	41.7074397206	250
-122	41.743106395	250
-122.5	41.9591882303	250
-122.559738312	42	250
-123	42.4976165858	250
-123.001418612	42.5	250
-123.173543572	43	250
-123.150244325	43.5	250
-123	43.7952095568	250
-122.892217577	44	250
-122.5	44.402135402	250
-122.340354919	44.5	250
-122	44.7862606347	250
-121.5	44.9983516037	250
-121.490964741	45	250
-121	45.178069815	250
-120.5	45.3348157108	250
-120	45.4834244847	250
-119.943586141	45.5	250
-119.5	45.6421178281	250
> 260 contour -Z260
-119.5	45.5796209574	260
-119	45.7051351666	260
-118.5	45.7604902387	260
-118.166143835	45.5	260
-118.345134795	45	260
-118.5	44.7622389495	260
-118.623980463	44.5	260
-118.947962128	44	260
-119	43.924647443	260
-119.363496512	43.5	260
-119.5	43.3545519859	260
-119.749729335	43	260
-120	42.7779218405	260
-120.230780452	42.5	260
-120.5	42.27669999	260
-120.937938504	42	260
-121	41.9553707428	260
-121.5	41.7368433475	260
-122	41.7704890966	260
-122.5	41.9892013157	260
-122.515806597	42	260
-122.990606517	42.5	260
-123	42.5756108165	260
-123.146185443	43	260
-123.121668816	43.5	260
-123	43.7390625775	260
-122.862667114	44	260
-122.5	44.3718376756	260
-122.290930688	44.5	260
-122	44.7446916699	260
-121.5	44.9596560895	260
-121.278866708	45	260
-121	45.1011431962	260
-120.5	45.2711952031	260
-120	45.4261093438	260
-119.748517394	45.5	260
-119.5	45.5796209574	260
> 270 contour -Z270
-119.5	45.5171240866	270
-119	45.6227085069	270
-118.5	45.6015481874	270
-118.369851217	45.5	270
-118.435314246	45	270
-118.5	44.9006894231	270
-118.689436615	44.5	270
-119	44.0197480619	270
-119.013485789	44	270
-119.443632424	43.5	270
-119.5	43.4399388842	270
-119.809871733	43	270
-120	42.8312893212	270
-120.275095701	42.5	270
-120.5	42.31345658	270
-120.996113889	42	270
-121	41.9972054451	270
-121.5	41.7662469894	270
-122	41.7978718132	270
-122.46009621	42	270
-122.5	42.0064847767	270
-122.980739444	42.5	270
-123	42.6550338864	270
-123.118827306	43	270
-123.093093306	43.5	270
-123	43.6829156131	270
-122.833116621	44	270
-122.5	44.341539979	270
-122.241506502	44.5	270
-122	44.7031226903	270
-121.5	44.9209606051	270
-121.066768676	45	270
-121	45.0242165774	270
-120.5	45.2075746953	270
-120	45.3687942028	270
-119.553448647	45.5	270
-119.5	45.5171240866	270
> 280 contour -Z280
-119	45.540281862	280
-118.71246165	45.5	280
-118.530179083	45	280
-118.754892781	44.5	280
-119	44.1209687591	280
-119.08260864	44	280
-119.5	43.5234096646	280
-119.515390545	43.5	280
-119.870014161	43	280
-120	42.8846568167	280
-120.319410935	42.5	280
-120.5	42.350213185	280
-121	42.0175077319	280
-121.059190691	42	280
-121.5	41.7956506312	280
-122	41.8252545148	280
-122.397766054	42	280
-122.5	42.0166140795	280
-122.970872402	42.5	280
-123	42.7344569564	280
-123.091469169	43	280
-123.064517796	43.5	280
-123	43.6267686486	280
-122.803566158	44	280
-122.5	44.3112422824	280
-122.192082286	44.5	280
-122	44.6615537256	280
-121.5	44.8822650909	280
-121	44.9725874364	280
-120.88378185	45	280
-120.5	45.1439542025	280
-120	45.3114790916	280
-119.5	45.449409008	280
-119.201160461	45.5	280
-119	45.540281862	280
> 290 contour -Z290
-120.5	45.0803337097	290
-120	45.2541639507	290
-119.5	45.3797245622	290
-119	45.4346547425	290
-118.636932284	45	290
-118.820348933	44.5	290
-119	44.222189486	290
-119.151731461	44	290
-119.5	43.6023362577	290
-119.567280352	43.5	290
-119.930156574	43	290
-120	42.9380243011	290
-120.363726169	42.5	290
-120.5	42.386969775	290
-121	42.0362686813	290
-121.122618318	42	290
-121.5	41.825054273	290
-122	41.8526372164	290
-122.335435927	42	290
-122.5	42.0267433524	290
-122.96100533	42.5	290
-123	42.8138800412	290
-123.064111032	43	290
-123.035942286	43.5	290
-123	43.5706216767	290
-122.774015665	44	290
-122.5	44.280944556	290
-122.142658085	44.5	290
-122	44.619984746	290
-121.5	44.8435695767	290
-121	44.9325807095	290
-120.714169621	45	290
-120.5	45.0803337097	290
> 300 contour -Z300
-120.5	45.016713202	300
-120	45.1968488246	300
-119.5	45.3100401163	300
-119	45.3068527281	300
-118.743685484	45	300
-118.885805093	44.5	300
-119	44.3234101981	300
-119.220854312	44	300
-119.5	43.681262821	300
-119.619170189	43.5	300
-119.990298988	43	300
-120	42.9913917892	300
-120.408041418	42.5	300
-120.5	42.423726365	300
-121	42.0550296307	300
-121.186045945	42	300
-121.5	41.8544579148	300
-122	41.8800199181	300
-122.2731058	42	300
-122.5	42.0368726552	300
-122.951138258	42.5	300
-123	42.8933031112	300
-123.036752895	43	300
-123.007366775	43.5	300
-123	43.5144747049	300
-122.744465187	44	300
-122.5	44.2506468594	300
-122.093233883	44.5	300
-122	44.5784157738	300
-121.5	44.8048740923	300
-121	44.8925739825	300
-120.544557378	45	300
-120.5	45.016713202	300
> 310 contour -Z310
-120	45.1395336986	310
-119.5	45.2403556556	310
-119	45.1790507436	310
-118.850438669	45	310
-118.951261252	44.5	310
-119	44.4246309102	310
-119.289977148	44	310
-119.5	43.7601894289	310
-119.671060026	43.5	310
-120	43.058422327	310
-120.024104714	43	310
-120.452356655	42.5	310
-120.5	42.4604829587	310
-121	42.07379058	310
-121.249473602	42	310
-121.5	41.8838615492	310
-122	41.9074026197	310
-122.210775644	42	310
-122.5	42.0470019281	310
-122.941271186	42.5	310
-123	42.9727261905	310
-123.009394758	43	310
-123	43.1581611335	310
-122.988064259	43.5	310
-122.714914709	44	310
-122.5	44.2203491479	310
-122.043809682	44.5	310
-122	44.5368467979	310
-121.5	44.7661785781	310
-121	44.8525672853	310
-120.5	44.9628265202	310
-120.38377279	45	310
-120	45.1395336986	310
> 320 contour -Z320
-120	45.0822185576	320
-119.5	45.1706711948	320
-119	45.0512487292	320
-118.957191866	45	320
-119	44.6945450604	320
-119.023273051	44.5	320
-119.359099984	44	320
-119.5	43.839116022	320
-119.722949833	43.5	320
-120	43.1280806065	320
-120.052845299	43	320
-120.496671894	42.5	320
-120.5	42.4972395538	320
-121	42.0925515294	320
-121.312901244	42	320
-121.5	41.913265191	320
-122	41.9347853288	320
-122.148445517	42	320
-122.5	42.0571312308	320
-122.931404114	42.5	320
-122.993018836	43	320
-122.971982688	43.5	320
-122.685364231	44	320
-122.5	44.1900514513	320
-122	44.4974817634	320
-121.990521431	44.5	320
-121.5	44.7274830937	320
-121	44.8125605583	320
-120.5	44.9124080539	320
-120.22613354	45	320
-120	45.0822185576	320
> 330 contour -Z330
-120	45.0249034166	330
-119.5	45.1009867415	330
-119.14622575	45	330
-119.114397556	44.5	330
-119.428222828	44	330
-119.5	43.9180426076	330
-119.774839669	43.5	330
-120	43.1977388561	330
-120.081585884	43	330
-120.5	42.5298678279	330
-120.521367371	42.5	330
-121	42.1113124788	330
-121.376328878	42	330
-121.5	41.9426688254	330
-122	41.9621680304	330
-122.086115375	42	330
-122.5	42.0672605336	330
-122.921537042	42.5	330
-122.982386559	43	330
-122.955901146	43.5	330
-122.655813754	44	330
-122.5	44.1597537398	330
-122	44.4753140211	330
-121.907082379	44.5	330
-121.5	44.6887875795	330
-121	44.7725538313	330
-120.5	44.8619895577	330
-120.068494275	45	330
-120	45.0249034166	330
> 340 contour -Z340
-119.5	45.0313022733	340
-119.390342601	45	340
-119.205522031	44.5	340
-119.497345664	44	340
-119.5	43.9969691976	340
-119.826729506	43.5	340
-120	43.2673971355	340
-120.110326469	43	340
-120.5	42.5621609092	340
-120.544469744	42.5	340
-121	42.1300734282	340
-121.439756516	42	340
-121.5	41.9720724653	340
-122	41.9895507339	340
-122.023785239	42	340
-122.5	42.0773898065	340
-122.91166997	42.5	340
-122.971754283	43	340
-122.939819574	43.5	340
-122.626263276	44	340
-122.5	44.1294560283	340
-122	44.4531462789	340
-121.823643327	44.5	340
-121.5	44.6500920802	340
-121	44.7325471193	340
-120.5	44.8115710914	340
-120	44.9540041983	340
-119.721346363	45	340
-119.5	45.0313022733	340
> 350 contour -Z350
-121.5	44.6113965809	350
-121	44.6925403923	350
-120.5	44.7611525953	350
-120	44.8726676702	350
-119.5	44.9010207951	350
-119.29664652	44.5	350
-119.5	44.150569886	350
-119.56820631	44	350
-119.878619328	43.5	350
-120	43.3370554	350
-120.139067054	43	350
-120.5	42.5944539607	350
-120.567572117	42.5	350
-121	42.1488343775	350
-121.5	42.0005581379	350
-122	42.0052471459	350
-122.5	42.0875191092	350
-122.901802897	42.5	350
-122.961122006	43	350
-122.923738003	43.5	350
-122.596712798	44	350
-122.5	44.0991583243	350
-122	44.4309785664	350
-121.74020429	44.5	350
-121.5	44.6113965809	350
> 360 contour -Z360
-121.5	44.5727010965	360
-121	44.6525336802	360
-120.5	44.7107341141	360
-120	44.7913311422	360
-119.5	44.7213198543	360
-119.387770995	44.5	360
-119.5	44.3071525991	360
-119.639136314	44	360
-119.93050915	43.5	360
-120	43.4067136645	360
-120.167807639	43	360
-120.5	42.6267470419	360
-120.59067449	42.5	360
-121	42.1675953269	360
-121.5	42.0116761625	360
-122	42.0137321353	360
-122.5	42.0976483822	360
-122.891935825	42.5	360
-122.95048973	43	360
-122.907656431	43.5	360
-122.56716232	44	360
-122.5	44.0688606203	360
-122	44.4088108242	360
-121.656765237	44.5	360
-121.5	44.5727010965	360
> 370 contour -Z370
-121.5	44.5340055823	370
-121	44.6125269607	370
-120.5	44.6603156328	370
-120	44.7099945992	370
-119.5	44.5416189097	370
-119.478895484	44.5	370
-119.5	44.4637352973	370
-119.710066348	44	370
-119.982398979	43.5	370
-120	43.476371929	370
-120.196548223	43	370
-120.5	42.6590400934	370
-120.613776833	42.5	370
-121	42.1863562763	370
-121.5	42.0227941871	370
-122	42.0222171247	370
-122.5	42.1077776849	370
-122.882068753	42.5	370
-122.939857423	43	370
-122.89157486	43.5	370
-122.537611838	44	370
-122.5	44.0385629125	370
-122	44.3866430819	370
-121.573326193	44.5	370
-121.5	44.5340055823	370
> 380 contour -Z380
-121	44.5725202262	380
-120.5	44.6098971516	380
-120	44.6286580712	380
-119.663475364	44.5	380
-119.780996382	44	380
-120	43.5881442726	380
-120.019647837	43.5	380
-120.225288808	43	380
-120.5	42.6913331747	380
-120.636879206	42.5	380
-121	42.2051172256	380
-121.5	42.0339122117	380
-122	42.0307021141	380
-122.5	42.1179069579	380
-122.872201681	42.5	380
-122.929225147	43	380
-122.875493288	43.5	380
-122.508061361	44	380
-122.5	44.0082652047	380
-122	44.3644753397	380
-121.5	44.4974422455	380
-121.468664259	44.5	380
-121	44.5725202262	380
> 390 contour -Z390
-121	44.5325135291	390
-120.5	44.5594786666	390
-120	44.5473215394	390
-119.876223363	44.5	390
-119.851926416	44	390
-120	43.7215344906	390
-120.049381256	43.5	390
-120.254029408	43	390
-120.5	42.7236262262	390
-120.659981579	42.5	390
-121	42.223878175	390
-121.5	42.045030266	390
-122	42.0391870737	390
-122.5	42.1280362606	390
-122.862334609	42.5	390
-122.91859287	43	390
-122.859411716	43.5	390
-122.5	43.984243691	390
-122.47751236	44	390
-122	44.3423075974	390
-121.5	44.4763388932	390
-121.210119605	44.5	390
-121	44.5325135291	390
> 400 contour -Z400
-120.5	44.5090601742	400
-120.349724382	44.5	400
-120	44.3611368239	400
-119.92285645	44	400
-120	43.8549247086	400
-120.079114676	43.5	400
-120.282769993	43	400
-120.5	42.7559192926	400
-120.683083951	42.5	400
-121	42.2426391244	400
-121.5	42.0561482906	400
-122	42.0476720631	400
-122.5	42.1381655633	400
-122.852467537	42.5	400
-122.907960594	43	400
-122.843330175	43.5	400
-122.5	43.9625766277	400
-122.446588814	44	400
-122	44.3201398551	400
-121.5	44.4552355111	400
-121	44.4950632751	400
-120.744823635	44.5	400
-120.5	44.5090601742	400
> 410 contour -Z410
-122	44.2979721129	410
-121.5	44.4341321588	410
-121	44.4687057137	410
-120.5	44.4597248435	410
-120	44.0290877372	410
-119.993786479	44	410
-120	43.9883149229	410
-120.108848095	43.5	410
-120.311510578	43	410
-120.5	42.788212359	410
-120.706186324	42.5	410
-121	42.2614000738	410
-121.5	42.0672663152	410
-122	42.0561570525	410
-122.5	42.1482948363	410
-122.842600465	42.5	410
-122.897328317	43	410
-122.827248603	43.5	410
-122.5	43.9409095645	410
-122.415665239	44	410
-122	44.2979721129	410
> 420 contour -Z420
-122	44.2758043706	420
-121.5	44.4130287766	420
-121	44.4423481822	420
-120.5	44.4106267691	420
-120.0491817	44	420
-120.138581514	43.5	420
-120.340251178	43	420
-120.5	42.8205054253	420
-120.729288697	42.5	420
-121	42.2801610231	420
-121.5	42.0783843398	420
-122	42.0646420419	420
-122.5	42.158424139	420
-122.832733393	42.5	420
-122.886696041	43	420
-122.811167032	43.5	420
-122.5	43.9192425013	420
-122.384741694	44	420
-122	44.2758043706	420
> 430 contour -Z430
-122	44.2536366284	430
-121.5	44.3919254243	430
-121	44.4159906209	430
-120.5	44.3615287244	430
-120.103085428	44	430
-120.168314904	43.5	430
-120.368991762	43	430
-120.5	42.8527984917	430
-120.75239107	42.5	430
-121	42.2989219725	430
-121.5	42.0895023644	430
-122	42.0731270313	430
-122.5	42.168553412	430
-122.822866321	42.5	430
-122.876063764	43	430
-122.79508546	43.5	430
-122.5	43.897575438	430
-122.353818119	44	430
-122	44.2536366284	430
> 440 contour -Z440
-122	44.2314688861	440
-121.5	44.3708220422	440
-121	44.3896330595	440
-120.5	44.31243065	440
-120.156989127	44	440
-120.198048323	43.5	440
-120.397732347	43	440
-120.5	42.8850915581	440
-120.775493443	42.5	440
-121	42.3176829219	440
-121.5	42.100620389	440
-122	42.0816120207	440
-122.5	42.1786827147	440
-122.812999249	42.5	440
-122.865431488	43	440
-122.779003888	43.5	440
-122.5	43.8759083748	440
-122.322894543	44	440
-122	44.2314688861	440
> 450 contour -Z450
-122	44.2093011439	450
-121.5	44.3497186601	450
-121	44.363275528	450
-120.5	44.2633325756	450
-120.210892826	44	450
-120.227781743	43.5	450
-120.426472932	43	450
-120.5	42.9173846245	450
-120.798595816	42.5	450
-121	42.3364438862	450
-121.5	42.1117384136	450
-122	42.0900970101	450
-122.5	42.1888119876	450
-122.803132206	42.5	450
-122.854799181	43	450
-122.762922317	43.5	450
-122.5	43.8542413116	450
-122.291970998	44	450
-122	44.2093011439	450
> 460 contour -Z460
-122	44.1871334016	460
-121.5	44.3286153078	460
-121	44.3369179666	460
-120.5	44.214234516	460
-120.26479654	44	460
-120.257515162	43.5	460
-120.455213521	43	460
-120.5	42.9496776909	460
-120.821698174	42.5	460
-121	42.3552048355	460
-121.5	42.1228564382	460
-122	42.0985819995	460
-122.5	42.1989412904	460
-122.793265134	42.5	460
-122.844166905	43	460
-122.74684076	43.5	460
-122.5	43.8325742483	460
-122.261047423	44	460
-122	44.1871334016	460
> 470 contour -Z470
-122	44.1649656594	470
-121.5	44.3075119257	470
-121	44.3105604351	470
-120.5	44.1651364416	470
-120.318700254	44	470
-120.287248567	43.5	470
-120.483954107	43	470
-120.5	42.9819707554	470
-120.844800547	42.5	470
-121	42.3739657849	470
-121.5	42.1339744925	470
-122	42.1070669889	470
-122.5	42.2090705931	470
-122.783398062	42.5	470
-122.833534628	43	470
-122.730759203	43.5	470
-122.5	43.8109071851	470
-122.230123863	44	470
-122	44.1649656594	470
> 480 contour -Z480
-122	44.1427979171	480
-121.5	44.2864085734	480
-121	44.2842028737	480
-120.5	44.1160383821	480
-120.372603953	44	480
-120.316981986	43.5	480
-120.5	43.0334773064	480
-120.508374363	43	480
-120.86790292	42.5	480
-121	42.3927267343	480
-121.5	42.1450925171	480
-122	42.1155519783	480
-122.5	42.2191998661	480
-122.77353099	42.5	480
-122.822902352	43	480
-122.714677632	43.5	480
-122.5	43.7892401218	480
-122.199200302	44	480
-122	44.1427979171	480
> 490 contour -Z490
-122	44.1206301749	490
-121.5	44.2653051913	490
-121	44.2578453422	490
-120.5	44.0669403151	490
-120.426507667	44	490
-120.346715391	43.5	490
-120.5	43.1092693508	490
-120.527333796	43	490
-120.891005293	42.5	490
-121	42.4114876837	490
-121.5	42.1562105417	490
-122	42.1240369678	490
-122.5	42.2293291688	490
-122.763663918	42.5	490
-122.812270075	43	490
-122.69859606	43.5	490
-122.5	43.7675730586	490
-122.168276727	44	490
-122	44.1206301749	490
> 500 contour -Z500
-122	44.0984624326	500
-121.5	44.2442018241	500
-121	44.2314877808	500
-120.5	44.0178422499	500
-120.480411377	44	500
-120.37644881	43.5	500
-120.5	43.185061425	500
-120.546293229	43	500
-120.914107658	42.5	500
-121	42.430248633	500
-121.5	42.1673285663	500
-122	42.1325219572	500
-122.5	42.2394584417	500
-122.753796846	42.5	500
-122.801637799	43	500
-122.682514489	43.5	500
-122.5	43.7459059805	500
-122.137353167	44	500
-122	44.0984624326	500
> 510 contour -Z510
-122	44.0762946904	510
-121.5	44.2230984569	510
-121	44.2051302344	510
-120.537806422	44	510
-120.5	43.9160578847	510
-120.406182222	43.5	510
-120.5	43.2608534694	510
-120.565252662	43	510
-120.937210031	42.5	510
-121	42.4490095824	510
-121.5	42.1784465909	510
-122	42.1410069466	510
-122.5	42.2495877445	510
-122.743929774	42.5	510
-122.791005522	43	510
-122.666432932	43.5	510
-122.5	43.7242389172	510
-122.106429607	44	510
-122	44.0762946904	510
> 520 contour -Z520
-122	44.0541269481	520
-121.5	44.2019950897	520
-121	44.1787726879	520
-120.597194523	44	520
-120.5	43.7841978073	520
-120.435915634	43.5	520
-120.5	43.3366455287	520
-120.584212095	43	520
-120.9603124	42.5	520
-121	42.4677705318	520
-121.5	42.1895646155	520
-122	42.149491936	520
-122.5	42.2597170323	520
-122.734062701	42.5	520
-122.780373245	43	520
-122.65035136	43.5	520
-122.5	43.702571854	520
-122.075506039	44	520
-122	44.0541269481	520
> 530 contour -Z530
-122	44.0319592059	530
-121.5	44.1808917075	530
-121	44.1524151266	530
-120.656582594	44	530
-120.5	43.6523376852	530
-120.46564905	43.5	530
-120.5	43.4124375954	530
-120.603171527	43	530
-120.983414771	42.5	530
-121	42.486531483	530
-121.5	42.2006826401	530
-122	42.1579769254	530
-122.5	42.2698463202	530
-122.724195629	42.5	530
-122.769740969	43	530
-122.634269789	43.5	530
-122.5	43.6809047908	530
-122.044582479	44	530
-122	44.0319592059	530
> 540 contour -Z540
-122	44.0097914636	540
-121.5	44.1597883403	540
-121	44.1260575801	540
-120.715970665	44	540
-120.5	43.5204775911	540
-120.495382465	43.5	540
-120.5	43.4882296557	540
-120.62213096	43	540
-121	42.5069783032	540
-121.005382746	42.5	540
-121.5	42.2118006647	540
-122	42.1664619148	540
-122.5	42.279975608	540
-122.714328557	42.5	540
-122.759108663	43	540
-122.618188232	43.5	540
-122.5	43.6592377275	540
-122.013658914	44	540
-122	44.0097914636	540
> 550 contour -Z550
-121.5	44.1386849582	550
-121	44.0997000337	550
-120.775358737	44	550
-120.520903081	43.5	550
-120.641090363	43	550
-121	42.5317154825	550
-121.024463892	42.5	550
-121.5	42.2229187191	550
-122	42.1749469042	550
-122.5	42.2901048958	550
-122.704461485	42.5	550
-122.748476401	43	550
-122.602106661	43.5	550
-122.5	43.6375706643	550
-122	43.9902481437	550
-121.96084848	44	550
-121.5	44.1386849582	550
> 560 contour -Z560
-121.5	44.1175816059	560
-121	44.0733424872	560
-120.834746808	44	560
-120.545649201	43.5	560
-120.660049796	43	560
-121	42.5564526618	560
-121.043545008	42.5	560
-121.5	42.2340367436	560
-122	42.1834318936	560
-122.5	42.3002341837	560
-122.694594413	42.5	560
-122.73784411	43	560
-122.586025096	43.5	560
-122.5	43.6159035936	560
-122	43.9727811515	560
-121.890722215	44	560
-121.5	44.1175816059	560
> 570 contour -Z570
-121.5	44.0964782238	570
-121	44.046984937	570
-120.894134887	44	570
-120.570395291	43.5	570
-120.679009229	43	570
-121	42.5811898112	570
-121.062626153	42.5	570
-121.5	42.2451547682	570
-122	42.191916883	570
-122.5	42.3103634864	570
-122.684727341	42.5	570
-122.727211833	43	570
-122.569943525	43.5	570
-122.5	43.5942365229	570
-122	43.9553141594	570
-121.82059598	44	570
-121.5	44.0964782238	570
> 580 contour -Z580
-121.5	44.0753748715	580
-121	44.0206273887	580
-120.953522958	44	580
-120.595141411	43.5	580
-120.697968662	43	580
-121	42.6059269905	580
-121.081707269	42.5	580
-121.5	42.2562727928	580
-122	42.2004018724	580
-122.5	42.3204927742	580
-122.674860284	42.5	580
-122.716579556	43	580
-122.553861961	43.5	580
-122.5	43.5725694597	580
-122	43.9378471375	580
-121.750469744	44	580
-121.5	44.0753748715	580
> 590 contour -Z590
-121.5	44.0542714894	590
-121.038973361	44	590
-121	43.9930221438	590
-120.619887501	43.5	590
-120.716928095	43	590
-121	42.63066414	590
-121.100788414	42.5	590
-121.5	42.2673908174	590
-122	42.2088868618	590
-122.5	42.3306220621	590
-122.664993212	42.5	590
-122.70594728	43	590
-122.537780393	43.5	590
-122.5	43.5509023964	590
-122	43.9203801453	590
-121.680343509	44	590
-121.5	44.0542714894	590
> 600 contour -Z600
-121.5	44.0331681371	600
-121.218242705	44	600
-121	43.9609253705	600
-120.644633621	43.5	600
-120.735887527	43	600
-121	42.6554013193	600
-121.11986953	42.5	600
-121.5	42.278508842	600
-122	42.2173718512	600
-122.5	42.3407513499	600
-122.65512614	42.5	600
-122.695314988	43	600
-122.521698827	43.5	600
-122.5	43.5292353295	600
-122	43.9029131532	600
-121.610217273	44	600
-121.5	44.0331681371	600
> 610 contour -Z610
-121.5	44.012064755	610
-121.397512071	44	610
-121	43.9288286269	610
-120.669379711	43.5	610
-120.75484696	43	610
-121	42.6801384985	610
-121.138950646	42.5	610
-121.5	42.2896268815	610
-122	42.2258568406	610
-122.5	42.3508806378	610
-122.645259067	42.5	610
-122.684682712	43	610
-122.50561726	43.5	610
-122.5	43.5075682648	610
-122	43.8854461312	610
-121.54009103	44	610
-121.5	44.012064755	610
> 620 contour -Z620
-122	43.8679791391	620
-121.5	43.991789192	620
-121	43.8967318535	620
-120.694125831	43.5	620
-120.773806378	43	620
-121	42.704875648	620
-121.158031791	42.5	620
-121.5	42.3007449061	620
-122	42.23434183	620
-122.5	42.3610099256	620
-122.635391995	42.5	620
-122.674050435	43	620
-122.5	43.480884999	620
-122.485019147	43.5	620
-122	43.8679791391	620
> 630 contour -Z630
-122	43.850512132	630
-121.5	43.9726185799	630
-121	43.8646351099	630
-120.718871921	43.5	630
-120.792765811	43	630
-121	42.7296128273	630
-121.177112907	42.5	630
-121.5	42.3118629307	630
-122	42.2428268194	630
-122.5	42.3711392134	630
-122.625524923	42.5	630
-122.663418159	43	630
-122.5	43.4515089989	630
-122.461996585	43.5	630
-122	43.850512132	630
> 640 contour -Z640
-122	43.833045125	640
-121.5	43.9534479976	640
-121	43.8325383663	640
-120.743618041	43.5	640
-120.811725244	43	640
-121	42.7543499917	640
-121.196194053	42.5	640
-121.5	42.3229809552	640
-122	42.2513117939	640
-122.5	42.3812685087	640
-122.615657859	42.5	640
-122.652785882	43	640
-122.5	43.4221329987	640
-122.438973993	43.5	640
-122	43.833045125	640
> 650 contour -Z650
-122	43.8155781329	650
-121.5	43.9342773855	650
-121	43.8004415929	650
-120.768364131	43.5	650
-120.830684677	43	650
-121	42.7790871561	650
-121.215275168	42.5	650
-121.5	42.3340989798	650
-122	42.2597967833	650
-122.5	42.391397804	650
-122.605790786	42.5	650
-122.642153591	43	650
-122.5	43.3927570283	650
-122.415951401	43.5	650
-122	43.8155781329	650
> 660 contour -Z660
-122	43.7981111258	660
-121.5	43.9151068032	660
-121	43.7683448493	660
-120.793110237	43.5	660
-120.84964411	43	660
-121	42.8038243204	660
-121.234356314	42.5	660
-121.5	42.3452170193	660
-122	42.2682817727	660
-122.5	42.4015270919	660
-122.595923714	42.5	660
-122.631521314	43	660
-122.5	43.3633810282	660
-122.392928809	43.5	660
-122	43.7981111258	660
> 670 contour -Z670
-122	43.7806441188	670
-121.5	43.8959361911	670
-121	43.7362480909	670
-120.817856342	43.5	670
-120.868603542	43	670
-121	42.8285614997	670
-121.25343743	42.5	670
-121.5	42.3563350439	670
-122	42.2767667621	670
-122.5	42.4116563797	670
-122.586056642	42.5	670
-122.620889038	43	670
-122.5	43.334005028	670
-122.369906247	43.5	670
-122	43.7806441188	670
> 680 contour -Z680
-122	43.7631771117	680
-121.5	43.876765579	680
-121	43.7041513473	680
-120.842602447	43.5	680
-120.887562968	43	680
-121	42.8532986641	680
-121.27251856	42.5	680
-121.5	42.3674530685	680
-122	42.2852517515	680
-122.5	42.4217856675	680
-122.576189578	42.5	680
-122.610256754	43	680
-122.5	43.3046290576	680
-122.346883655	43.5	680
-122	43.7631771117	680
> 690 contour -Z690
-122	43.7457101047	690
-121.5	43.8575949967	690
-121	43.6720545888	690
-120.867348552	43.5	690
-120.906522393	43	690
-121	42.8780358285	690
-121.291599691	42.5	690
-121.5	42.3785711005	690
-122	42.2937367409	690
-122.5	42.4319149628	690
-122.566322505	42.5	690
-122.599624477	43	690
-122.5	43.2752530575	690
-122.323861063	43.5	690
-122	43.7457101047	690
> 700 contour -Z700
-122	43.7282431126	700
-121.5	43.8384243846	700
-121	43.6399578303	700
-120.892094657	43.5	700
-120.925481826	43	700
-121	42.9027730003	700
-121.310680822	42.5	700
-121.5	42.3896891251	700
-122	42.3022217304	700
-122.5	42.4420442507	700
-122.556455433	42.5	700
-122.588992193	43	700
-122.5	43.2458770722	700
-122.30083847	43.5	700
-122	43.7282431126	700
> 710 contour -Z710
-122	43.7107761204	710
-121.5	43.8192538023	710
-121	43.6078610793	710
-120.916840762	43.5	710
-120.944441255	43	710
-121	42.9275101647	710
-121.329761952	42.5	710
-121.5	42.4008071572	710
-122	42.3107067198	710
-122.5	42.4521735422	710
-122.546588361	42.5	710
-122.578359917	43	710
-122.5	43.216501087	710
-122.277815878	43.5	710
-122	43.7107761204	710
> 720 contour -Z720
-122	43.6933090985	720
-121.5	43.8000831902	720
-121	43.5757643282	720
-120.941586867	43.5	720
-120.963400684	43	720
-121	42.9522473328	720
-121.348843083	42.5	720
-121.5	42.4119251817	720
-122	42.3191917092	720
-122.5	42.4623028301	720
-122.536721293	42.5	720
-122.567727633	43	720
-122.5	43.1871250868	720
-122.254793316	43.5	720
-122	43.6933090985	720
> 730 contour -Z730
-122	43.6758421063	730
-121.5	43.7809125781	730
-121	43.5436675698	730
-120.966332972	43.5	730
-120.982360115	43	730
-121	42.976984499	730
-121.367924213	42.5	730
-121.5	42.4230432138	730
-122	42.3276766986	730
-122.5	42.4724321216	730
-122.526854223	42.5	730
-122.557095356	43	730
-122.5	43.1577491015	730
-122.231770724	43.5	730
-122	43.6758421063	730
> 740 contour -Z740
-122	43.6583751142	740
-121.5	43.7617419958	740
-121	43.5115708169	740
-120.991079077	43.5	740
-121	43.0809102058	740
-121.001403838	43	740
-121.387005337	42.5	740
-121.5	42.4341612384	740
-122	42.3361616731	740
-122.5	42.4825614113	740
-122.516987152	42.5	740
-122.546463076	43	740
-122.5	43.1283731163	740
-122.208748132	43.5	740
-122	43.6583751142	740
> 750 contour -Z750
-122	43.6409080923	750
-121.5	43.7425713986	750
-121.024054438	43.5	750
-121.021574587	43	750
-121.406086467	42.5	750
-121.5	42.4452792704	750
-122	42.3446466625	750
-122.5	42.492690701	750
-122.507120081	42.5	750
-122.535830796	43	750
-122.5	43.0989971235	750
-122.18572554	43.5	750
-122	43.6409080923	750
> 760 contour -Z760
-122	43.6234411001	760
-121.5	43.7234007865	760
-121.061668783	43.5	760
-121.041745305	43	760
-121.425167598	42.5	760
-121.5	42.4563972987	760
-122	42.3531316519	760
-122.492085338	42.5	760
-122.5	42.552559942	760
-122.525198517	43	760
-122.5	43.0696211308	760
-122.162702963	43.5	760
-122	43.6234411001	760
> 770 contour -Z770
-122	43.6059740782	770
-121.5	43.7042301893	770
-121.099283129	43.5	770
-121.061916023	43	770
-121.444248725	42.5	770
-121.5	42.467515327	770
-122	42.3616166413	770
-122.463656217	42.5	770
-122.5	42.7413531244	770
-122.514566236	43	770
-122.5	43.0402451418	770
-122.139680371	43.5	770
-122	43.6059740782	770
> 780 contour -Z780
-122	43.588507086	780
-121.5	43.6850595921	780
-121.136897445	43.5	780
-121.082086772	43	780
-121.463329852	42.5	780
-121.5	42.4786333535	780
-122	42.3701016307	780
-122.435227096	42.5	780
-122.5	42.9301462993	780
-122.503933956	43	780
-122.5	43.0108691519	780
-122.116657794	43.5	780
-122	43.588507086	780
> 790 contour -Z790
-122	43.5710400939	790
-121.5	43.6658889949	790
-121.17451179	43.5	790
-121.10225749	43	790
-121.482410982	42.5	790
-121.5	42.4897513818	790
-122	42.3785866201	790
-122.406797975	42.5	790
-122.487501562	43	790
-122.093635201	43.5	790
-122	43.5710400939	790
> 800 contour -Z800
-122	43.553573072	800
-121.5	43.6467183977	800
-121.212126136	43.5	800
-121.122428209	43	800
-121.5	42.5020800829	800
-121.502920598	42.5	800
-122	42.3870716095	800
-122.378368855	42.5	800
-122.467662722	43	800
-122.070612617	43.5	800
-122	43.553573072	800
> 810 contour -Z810
-122	43.5361060798	810
-121.5	43.6275477856	810
-121.249740452	43.5	810
-121.142598927	43	810
-121.5	42.5286800563	810
-121.540269166	42.5	810
-122	42.3955565989	810
-122.349939734	42.5	810
-122.447823882	43	810
-122.047590032	43.5	810
-122	43.5361060798	810
> 820 contour -Z820
-122	43.5186390877	820
-121.5	43.6083771884	820
-121.287354797	43.5	820
-121.162769675	43	820
-121.5	42.5552800596	820
-121.577617705	42.5	820
-122	42.4040415883	820
-122.321510583	42.5	820
-122.427985072	43	820
-122.024567448	43.5	820
-122	43.5186390877	820
> 830 contour -Z830
-122	43.5011720657	830
-121.5	43.5892065912	830
-121.324969128	43.5	830
-121.182940394	43	830
-121.5	42.5818800628	830
-121.614966273	42.5	830
-122	42.4125265777	830
-122.293081462	42.5	830
-122.408146232	43	830
-122.001544863	43.5	830
-122	43.5011720657	830
> 840 contour -Z840
-121.5	43.5700359941	840
-121.362583473	43.5	840
-121.203111112	43	840
-121.5	42.6084800363	840
-121.652314842	42.5	840
-122	42.4210115671	840
-122.264652342	42.5	840
-122.388307393	43	840
-122	43.4772530496	840
-121.898292929	43.5	840
-121.5	43.5700359941	840
> 850 contour -Z850
-121.5	43.550865382	850
-121.400197804	43.5	850
-121.22328186	43	850
-121.5	42.6350800395	850
-121.68966341	42.5	850
-122	42.4294965491	850
-122.236223221	42.5	850
-122.368468553	43	850
-122	43.4528699219	850
-121.789270192	43.5	850
-121.5	43.550865382	850
> 860 contour -Z860
-121.5	43.5316947997	860
-121.437812142	43.5	860
-121.243452579	43	860
-121.5	42.6616800427	860
-121.727011979	42.5	860
-122	42.4379815347	860
-122.2077941	42.5	860
-122.348629713	43	860
-122	43.428486824	860
-121.680247486	43.5	860
-121.5	43.5316947997	860
> 870 contour -Z870
-121.5	43.5125241876	870
-121.475426478	43.5	870
-121.263623312	43	870
-121.5	42.6882800162	870
-121.764360532	42.5	870
-122	42.4464665242	870
-122.179364979	42.5	870
-122.328790903	43	870
-122	43.4041036963	870
-121.571224764	43.5	870
-121.5	43.5125241876	870
> 880 contour -Z880
-122	43.3797205836	880
-121.5	43.48433429	880
-121.283794031	43	880
-121.5	42.7148800194	880
-121.801709086	42.5	880
-122	42.4549515136	880
-122.150935844	42.5	880
-122.308952063	43	880
-122	43.3797205836	880
> 890 contour -Z890
-122	43.3553374708	890
-121.5	43.4391487837	890
-121.303964764	43	890
-121.5	42.7414800227	890
-121.839057654	42.5	890
-122	42.463436503	890
-122.122506723	42.5	890
-122.289113224	43	890
-122	43.3553374708	890
> 900 contour -Z900
-122	43.330954358	900
-121.5	43.3939632773	900
-121.324135482	43	900
-121.5	42.768080011	900
-121.876406215	42.5	900
-122	42.4719214905	900
-122.094077602	42.5	900
-122.269274384	43	900
-122	43.330954358	900
> 910 contour -Z910
-122	43.3065712303	910
-121.5	43.348777771	910
-121.344306216	43	910
-121.5	42.7946799994	910
-121.913754776	42.5	910
-122	42.4804064799	910
-122.065648474	42.5	910
-122.249435559	43	910
-122	43.3065712303	910
> 920 contour -Z920
-122	43.2821881175	920
-121.5	43.3035922945	920
-121.364476934	43	920
-121.5	42.8212799877	920
-121.951103337	42.5	920
-122	42.4888914693	920
-122.037219353	42.5	920
-122.229596719	43	920
-122	43.2821881175	920
> 930 contour -Z930
-122	43.2578050047	930
-121.5	43.2584067881	930
-121.384647667	43	930
-121.5	42.8478799909	930
-121.988451899	42.5	930
-122	42.4973764583	930
-122.008790229	42.5	930
-122.209757894	43	930
-122	43.2578050047	930
> 940 contour -Z940
-122	43.2334218919	940
-121.5	43.2132212818	940
-121.404818393	43	940
-121.5	42.8744799793	940
-122	42.5336520374	940
-122.189919055	43	940
-122	43.2334218919	940
> 950 contour -Z950
-122	43.2090387642	950
-121.5	43.1680357754	950
-121.424989127	43	950
-121.5	42.9010799751	950
-122	42.5823664665	950
-122.170080215	43	950
-122	43.2090387642	950
> 960 contour -Z960
-122	43.1846556664	960
-121.5	43.122850284	960
-121.445159849	43	960
-121.5	42.9276799709	960
-122	42.6310808957	960
-122.15024139	43	960
-122	43.1846556664	960
> 970 contour -Z970
-122	43.1602725387	970
-121.5	43.0776647851	970
-121.465330578	43	970
-121.5	42.9542799629	970
-122	42.6797953546	970
-122.13040255	43	970
-122	43.1602725387	970
> 980 contour -Z980
-122	43.1358894408	980
-121.5	43.0324792825	980
-121.485501305	43	980
-121.5	42.980879955	980
-122	42.7285097837	980
-122.110563718	43	980
-122	43.1358894408	980
> 990 contour -Z990
-122	43.1115063131	990
-121.528964162	43	990
-122	42.7772242129	990
-122.090724885	43	990
-122	43.1115063131	990
> 1000 contour -Z1000
-122	43.0871232152	1000
-121.631965667	43	1000
-122	42.8259386569	1000
-122.070886053	43	1000
-122	43.0871232152	1000
> 1010 contour -Z1010
-122	43.0627400875	1010
-121.734967202	43	1010
-122	42.8746530861	1010
-122.051047217	43	1010
-122	43.0627400875	1010
> 1020 contour -Z1020
-122	43.0383569598	1020
-121.837968737	43	1020
-122	42.9233675301	1020
-122.031208385	43	1020
-122	43.0383569598	1020
> 1030 contour -Z1030
-122	43.0139738619	1030
-121.940970268	43	1030
-122	42.9720819648	1030
-122.011369551	43	1030
-122	43.0139738619	1030
