> 10 contour -Z10
-116	53.0183571875	10
-115.5	53.0665927902	10
-115	53.0844888911	10
-114.5	53.0893147439	10
-114	53.0906290561	10
-113.5	53.0843688473	10
-113	53.0565334596	10
-112.592683226	53	10
-112.5	52.9892564118	10
-112	52.886007756	10
-111.5	52.701675728	10
-111.12635392	52.5	10
-111	52.4320651591	10
-110.5	52.1005094796	10
-110.358262584	52	10
-110	51.8497260213	10
-109.5	51.6764281243	10
-109	51.5068976935	10
-108.979659311	51.5	10
-108.5	51.3075901568	10
-108	51.0283064749	10
-107.954855703	51	10
-107.521955431	50.5	10
-107.518251747	50	10
-107.797695801	49.5	10
-108	49.2824578732	10
-108.21599099	49	10
-108.5	48.7614576817	10
-108.759886116	48.5	10
-109	48.3270282745	10
-109.426575445	48	10
-109.5	47.9513012245	10
-110	47.5995870233	10
-110.131805718	47.5	10
-110.5	47.2485644519	10
-110.860954791	47	10
-111	46.9010972902	10
-111.5	46.5504457653	10
-111.565824956	46.5	10
-112	46.1524528563	10
-112.194452494	46	10
-112.5	45.7354527414	10
-112.78946963	45.5	10
-113	45.2994566113	10
-113.338086545	45	10
-113.5	44.8322165012	10
-113.841306254	44.5	10
-114	44.3225774467	10
-114.293763474	44	10
-114.5	43.7560586631	10
-114.713110387	43.5	10
-115	43.1427626908	10
-115.108397424	43	10
-115.493848176	42.5	10
-115.5	42.4918346191	10
-115.846172616	42	10
-116	41.8288434893	10
-116.320472002	41.5	10
-116.5	41.3390394747	10
-116.958963618	41	10
-117	40.9684717953	10
-117.5	40.6222258806	10
-117.748401195	40.5	10
-118	40.3474489897	10
-118.5	40.132665664	10
-119	40.0052572191	10
-119.028571308	40	10
-119.5	39.8574953973	10
-120	39.7655367404	10
-120.5	39.7323085368	10
-121	39.7657666206	10
-121.5	39.8641042113	10
-121.873340964	40	10
-122	40.0396495759	10
-122.5	40.3285824358	10
-122.67757383	40.5	10
-123	40.9663331695	10
-123.018059874	41	10
-123.215776697	41.5	10
-123.341764987	42	10
-123.45636633	42.5	10
-123.5	42.6261582673	10
-123.677615955	43	10
-123.845958471	43.5	10
-123.97820276	44	10
-124	44.0900117159	10
-124.162822857	44.5	10
-124.288855702	45	10
-124.359838039	45.5	10
-124.393426299	46	10
-124.404014111	46.5	10
-124.370686233	47	10
-124.298987657	47.5	10
-124.190612048	48	10
-124.007191922	48.5	10
-124	48.5140413735	10
-123.76738748	49	10
-123.5	49.3530092537	10
-123.381529868	49.5	10
-123	49.8910134137	10
-122.878074884	50	10
-122.5	50.3162839115	10
-122.23217386	50.5	10
-122	50.6594981849	10
-121.5	50.9515053928	10
-121.406222224	51	10
-121	51.2316856831	10
-120.5	51.4621181488	10
-120.409577131	51.5	10
-120	51.70599024	10
-119.5	51.9099448621	10
-119.242707089	52	10
-119	52.1077161804	10
-118.5	52.3029867411	10
-118	52.4663963318	10
-117.890359282	52.5	10
-117.5	52.6562815607	10
-117	52.8210502267	10
-116.5	52.9417233467	10
-116.093354456	53	10
-116	53.0183571875	10
> 20 contour -Z20
-116	52.0147213042	20
-115.5	52.0232082233	20
-115	52.0311949328	20
-114.5	52.0441964753	20
-114	52.0464292392	20
-113.5	52.0172537267	20
-113.387059204	52	20
-113	51.948625803	20
-112.5	51.8095194399	20
-112	51.5748031437	20
-111.86519514	51.5	20
-111.5	51.3534018397	20
-111	51.1567817926	20
-110.620823205	51	20
-110.5	50.94476524	20
-110	50.6743942052	20
-109.744974434	50.5	20
-109.5	50.1719890237	20
-109.387058139	50	20
-109.384259306	49.5	20
-109.5	49.2624550909	20
-109.601368755	49	20
-109.943102445	48.5	20
-110	48.4484443106	20
-110.415103823	48	20
-110.5	47.9324989989	20
-110.993018738	47.5	20
-111	47.4947477127	20
-111.5	47.0811292231	20
-111.591254324	47	20
-112	46.6667956412	20
-112.193158031	46.5	20
-112.5	46.2420246005	20
-112.773462638	46	20
-113	45.8014181554	20
-113.334299102	45.5	20
-113.5	45.3453647941	20
-113.86984095	45	20
-114	44.8716693521	20
-114.384132594	44.5	20
-114.5	44.3784752563	20
-114.859509155	44	20
-115	43.8458742946	20
-115.312679306	43.5	20
-115.5	43.2838992029	20
-115.751918525	43	20
-116	42.7080824971	20
-116.187155306	42.5	20
-116.5	42.150694102	20
-116.650005549	42	20
-117	41.6705308259	20
-117.214445889	41.5	20
-117.5	41.2783863842	20
-117.990440035	41	20
-118	40.9938450302	20
-118.5	40.7343875766	20
-119	40.5797730386	20
-119.397382319	40.5	20
-119.5	40.4704532865	20
-120	40.3859991655	20
-120.5	40.3692444414	20
-121	40.4356315136	20
-121.210976124	40.5	20
-121.5	40.5784940422	20
-122	40.8452330679	20
-122.178322241	41	20
-122.5	41.3972946256	20
-122.561318476	41.5	20
-122.776715696	42	20
-122.93352291	42.5	20
-123	42.9200389013	20
-123.02941874	43	20
-123.244089603	43.5	20
-123.372183174	44	20
-123.448966652	44.5	20
-123.5	44.8844858184	20
-123.52737076	45	20
-123.630774811	45.5	20
-123.674288645	46	20
-123.672081664	46.5	20
-123.598816462	47	20
-123.5	47.357011497	20
-123.466537565	47.5	20
-123.30645588	48	20
-123.038006816	48.5	20
-123	48.5536993667	20
-122.665832803	49	20
-122.5	49.1720430553	20
-122.144992948	49.5	20
-122	49.62272802	20
-121.5	49.9888390005	20
-121.482961237	50	20
-121	50.3270123601	20
-120.677742064	50.5	20
-120.5	50.6042602062	20
-120	50.8579067886	20
-119.655849755	51	20
-119.5	51.0758928061	20
-119	51.2925344408	20
-118.5	51.466691941	20
-118.39166382	51.5	20
-118	51.6505339593	20
-117.5	51.8081896901	20
-117	51.9206135571	20
-116.5	51.9819754958	20
-116.18946214	52	20
-116	52.0147213042	20
> 30 contour -Z30
-118	51.1130140424	30
-117.5	51.2486301363	30
-117	51.3284548223	30
-116.5	51.3713534474	30
-116	51.3903922439	30
-115.5	51.4034128487	30
-115	51.4198604822	30
-114.5	51.4311348498	30
-114	51.4161719382	30
-113.5	51.3544203043	30
-113	51.2217061371	30
-112.5	51.0119379023	30
-112.47219377	51	30
-112	50.8449994326	30
-111.5	50.6445001364	30
-111.20739001	50.5	30
-111	50.3526802957	30
-110.616713554	50	30
-110.5	49.7208073139	30
-110.414031766	49.5	30
-110.491535123	49	30
-110.5	48.9846405275	30
-110.710765272	48.5	30
-111	48.1129816175	30
-111.068117619	48	30
-111.5	47.557277739	30
-111.547139883	47.5	30
-112	47.0899608433	30
-112.090832055	47	30
-112.5	46.6372871399	30
-112.642687172	46.5	30
-113	46.1757859886	30
-113.178044289	46	30
-113.5	45.702180773	30
-113.703946948	45.5	30
-114	45.2178193629	30
-114.218523234	45	30
-114.5	44.7245360315	30
-114.723708481	44.5	30
-115	44.2145971656	30
-115.201377302	44	30
-115.5	43.6823976636	30
-115.668937296	43.5	30
-116	43.1449747384	30
-116.141503274	43	30
-116.5	42.6187843382	30
-116.624256462	42.5	30
-117	42.1232354641	30
-117.146578908	42	30
-117.5	41.6937081516	30
-117.797315672	41.5	30
-118	41.3595203161	30
-118.5	41.1168216169	30
-118.898570627	41	30
-119	40.9605513886	30
-119.5	40.832782194	30
-120	40.7701520771	30
-120.5	40.7729820311	30
-121	40.8681049794	30
-121.31773749	41	30
-121.5	41.0756020844	30
-122	41.4649028331	30
-122.030792588	41.5	30
-122.323168755	42	30
-122.5	42.1930750012	30
-122.67734912	42.5	30
-122.738774374	43	30
-122.837723672	43.5	30
-122.977866113	44	30
-123	44.125919044	30
-123.075915836	44.5	30
-123.130880013	45	30
-123.183085456	45.5	30
-123.212412372	46	30
-123.201392412	46.5	30
-123.109585814	47	30
-123	47.3204920292	30
-122.943795532	47.5	30
-122.724244595	48	30
-122.5	48.3422792256	30
-122.393222541	48.5	30
-122	48.9329461753	30
-121.933476925	49	30
-121.5	49.3789559603	30
-121.337455571	49.5	30
-121	49.7467772216	30
-120.568974368	50	30
-120.5	50.0432672165	30
-120	50.320215255	30
-119.588205285	50.5	30
-119.5	50.5442061871	30
-119	50.7678491771	30
-118.5	50.9446018338	30
-118.311898947	51	30
-118	51.1130140424	30
> 40 contour -Z40
-118.5	50.539940089	40
-118	50.7040355057	40
-117.5	50.809453696	40
-117	50.8696851134	40
-116.5	50.9048502147	40
-116	50.9271086454	40
-115.5	50.9476283491	40
-115	50.9640641212	40
-114.5	50.9624533653	40
-114	50.9224252403	40
-113.5	50.8314405382	40
-113	50.6846197546	40
-112.5	50.5034827499	40
-112.491171926	50.5	40
-112	50.2889963388	40
-111.55365026	50	40
-111.5	49.9357592762	40
-111.199579567	49.5	40
-111.142490387	49	40
-111.291886196	48.5	40
-111.5	48.1532044709	40
-111.575632751	48	40
-111.988524085	47.5	40
-112	47.4896092089	40
-112.494350763	47	40
-112.5	46.9949921519	40
-113	46.5119215548	40
-113.011128277	46.5	40
-113.5	46.0163308084	40
-113.515085757	46	40
-114	45.518534869	40
-114.017415494	45.5	40
-114.5	45.0186599493	40
-114.517761171	45	40
-115	44.5163725317	40
-115.015799433	44.5	40
-115.489511945	44	40
-115.5	43.9888453521	40
-115.95277017	43.5	40
-116	43.4493516386	40
-116.438591767	43	40
-116.5	42.9347001612	40
-116.954725742	42.5	40
-117	42.4546027221	40
-117.5	42.023247987	40
-117.533692122	42	40
-118	41.6501149833	40
-118.323284447	41.5	40
-118.5	41.4037821218	40
-119	41.2258048654	40
-119.5	41.1265374422	40
-120	41.0830098987	40
-120.5	41.1003896296	40
-121	41.2156372368	40
-121.5	41.4894065829	40
-121.51324095	41.5	40
-121.921427459	42	40
-122	42.0647813082	40
-122.408362627	42.5	40
-122.473802	43	40
-122.5	43.4474405088	40
-122.505122043	43.5	40
-122.654743478	44	40
-122.769009918	44.5	40
-122.822628349	45	40
-122.85363698	45.5	40
-122.860892802	46	40
-122.833576083	46.5	40
-122.725536048	47	40
-122.520568822	47.5	40
-122.5	47.5395958908	40
-122.265245885	48	40
-122	48.3545252681	40
-121.885489553	48.5	40
-121.5	48.8877946436	40
-121.37308538	49	40
-121	49.2985751331	40
-120.692040801	49.5	40
-120.5	49.6278249919	40
-120	49.9044579566	40
-119.792174101	50	40
-119.5	50.150547117	40
-119	50.3636363447	40
-118.598858111	50.5	40
-118.5	50.539940089	40
> 50 contour -Z50
-116.5	50.5265208781	50
-116	50.5587845519	50
-115.5	50.5844410658	50
-115	50.5947333053	50
-114.5	50.5737717301	50
-114	50.5071428935	50
-113.968829157	50.5	50
-113.5	50.4124356508	50
-113	50.2631558478	50
-112.5	50.0517288037	50
-112.402683437	50	50
-112	49.6591921747	50
-111.860305265	49.5	50
-111.688788921	49	50
-111.766168073	48.5	50
-112	48.0189174116	50
-112.00756532	48	50
-112.350435331	47.5	50
-112.5	47.3517157435	50
-112.812302068	47	50
-113	46.818388015	50
-113.297202185	46.5	50
-113.5	46.2993603349	50
-113.776537314	46	50
-114	45.7781267762	50
-114.26132983	45.5	50
-114.5	45.2619452924	50
-114.749328434	45	50
-115	44.7486066222	50
-115.239904106	44.5	50
-115.5	44.2268148363	50
-115.711213917	44	50
-116	43.6937613189	50
-116.181280434	43.5	50
-116.5	43.1755943	50
-116.678590715	43	50
-117	42.6883703768	50
-117.217775345	42.5	50
-117.5	42.2483008802	50
-117.85984996	42	50
-118	41.8948411494	50
-118.5	41.6336778998	50
-118.941250756	41.5	50
-119	41.4777067266	50
-119.5	41.3676988482	50
-120	41.328673929	50
-120.5	41.367241323	50
-120.915414095	41.5	50
-121	41.5329217017	50
-121.5	41.955710467	50
-121.536456678	42	50
-122	42.3821811303	50
-122.110548615	42.5	50
-122.273969859	43	50
-122.292776853	43.5	50
-122.35971573	44	50
-122.479352057	44.5	50
-122.5	44.6326491535	50
-122.553883396	45	50
-122.586014032	45.5	50
-122.574014619	46	50
-122.516940024	46.5	50
-122.5	46.562705107	50
-122.396876752	47	50
-122.181059361	47.5	50
-122	47.7995230258	50
-121.876604289	48	50
-121.5	48.4516908228	50
-121.455299646	48.5	50
-121	48.9139629006	50
-120.886340857	49	50
-120.5	49.2768503129	50
-120.106349871	49.5	50
-120	49.5631143898	50
-119.5	49.8194618225	50
-119.050407741	50	50
-119	50.023152886	50
-118.5	50.2180265486	50
-118	50.3569284081	50
-117.5	50.4381604791	50
-117	50.4892397225	50
-116.833809882	50.5	50
-116.5	50.5265208781	50
> 60 contour -Z60
-118	50.0506309569	60
-117.5	50.1309597045	60
-117	50.1809211969	60
-116.5	50.2202803195	60
-116	50.2547422647	60
-115.5	50.2784865201	60
-115	50.2825132608	60
-114.5	50.2591986954	60
-114	50.1981201172	60
-113.5	50.0739575177	60
-113.296706259	50	60
-113	49.8732914627	60
-112.5	49.5362456143	60
-112.4591836	49.5	60
-112.176819652	49	60
-112.177113295	48.5	60
-112.36954318	48	60
-112.5	47.8092515767	60
-112.67595154	47.5	60
-113	47.1373104453	60
-113.103264749	47	60
-113.5	46.5784086585	60
-113.565856725	46.5	60
-114	46.0351935029	60
-114.03016901	46	60
-114.5	45.5047060549	60
-114.504189879	45.5	60
-114.980895683	45	60
-115	44.9808406718	60
-115.464008808	44.5	60
-115.5	44.4621975571	60
-115.930406399	44	60
-116	43.9262005612	60
-116.398747414	43.5	60
-116.5	43.3969410136	60
-116.90371453	43	60
-117	42.9066442549	60
-117.470122183	42.5	60
-117.5	42.4733537789	60
-118	42.1021933258	60
-118.204878598	42	60
-118.5	41.8347880691	60
-119	41.6704120934	60
-119.5	41.5848719478	60
-120	41.5615917146	60
-120.5	41.6227585971	60
-121	41.8579135239	60
-121.162830561	42	60
-121.5	42.2466488481	60
-121.798293531	42.5	60
-122	42.8144628853	60
-122.074137703	43	60
-122.082312569	43.5	60
-122.090507723	44	60
-122.19415924	44.5	60
-122.300613523	45	60
-122.347717822	45.5	60
-122.337295026	46	60
-122.274653614	46.5	60
-122.120480962	47	60
-122	47.2433021367	60
-121.873695523	47.5	60
-121.535260811	48	60
-121.5	48.042291034	60
-121.076483101	48.5	60
-121	48.5695391819	60
-120.5	48.9570134878	60
-120.433253735	49	60
-120	49.2729020119	60
-119.54120221	49.5	60
-119.5	49.521789562	60
-119	49.7504017055	60
-118.5	49.9235407412	60
-118.176451802	50	60
-118	50.0506309569	60
> 70 contour -Z70
-118.5	49.6712830067	70
-118	49.7852917314	70
-117.5	49.8495094478	70
-117	49.8946777582	70
-116.5	49.9358955622	70
-116	49.9711947441	70
-115.5	49.9923376143	70
-115	49.9926558435	70
-114.5	49.9710908234	70
-114	49.9060100019	70
-113.5	49.7508766949	70
-113.035693377	49.5	70
-113	49.4678121209	70
-112.62643379	49	70
-112.549117953	48.5	70
-112.693454683	48	70
-112.977083787	47.5	70
-113	47.4743511472	70
-113.356737301	47	70
-113.5	46.8477616608	70
-113.792090818	46.5	70
-114	46.2774063498	70
-114.237801582	46	70
-114.5	45.7235914767	70
-114.699068457	45.5	70
-115	45.1863549352	70
-115.172029108	45	70
-115.5	44.6621339917	70
-115.656115174	44.5	70
-116	44.1348015368	70
-116.128116101	44	70
-116.5	43.6062214673	70
-116.602062672	43.5	70
-117	43.1077412665	70
-117.114887387	43	70
-117.5	42.6574285924	70
-117.70974502	42.5	70
-118	42.281385541	70
-118.5	42.0292815566	70
-118.594805777	42	70
-119	41.8573699147	70
-119.5	41.7728913426	70
-120	41.7651333064	70
-120.5	41.8670542687	70
-120.745799527	42	70
-121	42.1495376229	70
-121.474767953	42.5	70
-121.5	42.5145471096	70
-121.894047081	43	70
-121.923973024	43.5	70
-121.906725109	44	70
-121.935985863	44.5	70
-122	44.8042317927	70
-122.051224522	45	70
-122.123311393	45.5	70
-122.118016034	46	70
-122.036569756	46.5	70
-122	46.6070086882	70
-121.871198326	47	70
-121.599060804	47.5	70
-121.5	47.6434309632	70
-121.23028332	48	70
-121	48.24480398	70
-120.71545209	48.5	70
-120.5	48.67214562	70
-120	48.9949477017	70
-119.990891248	49	70
-119.5	49.2719038725	70
-119	49.4853616357	70
-118.956317127	49.5	70
-118.5	49.6712830067	70
> 80 contour -Z80
-118	49.5280636549	80
-117.5	49.5871936977	80
-117	49.6397838444	80
-116.5	49.6964320093	80
-116	49.7445607483	80
-115.5	49.7740351558	80
-115	49.7779161334	80
-114.5	49.7450612932	80
-114	49.6412496269	80
-113.642665654	49.5	80
-113.5	49.4203083813	80
-113.048508972	49	80
-113	48.8688042164	80
-112.885773018	48.5	80
-112.995916698	48	80
-113	47.9927991186	80
-113.231832802	47.5	80
-113.5	47.1445959806	80
-113.590988994	47	80
-114	46.5198967755	80
-114.014850348	46.5	80
-114.445434187	46	80
-114.5	45.9424769394	80
-114.89394705	45.5	80
-115	45.3894666061	80
-115.359526798	45	80
-115.5	44.8552886248	80
-115.842099428	44.5	80
-116	44.3323128968	80
-116.315832004	44	80
-116.5	43.8049891144	80
-116.793048158	43.5	80
-117	43.2960013747	80
-117.315634176	43	80
-117.5	42.8360000402	80
-117.947658997	42.5	80
-118	42.4605777636	80
-118.5	42.1933235228	80
-119	42.0390519798	80
-119.266404465	42	80
-119.5	41.9609107263	80
-120	41.9686749168	80
-120.126209736	42	80
-120.5	42.1133492291	80
-121	42.4152406678	80
-121.114822641	42.5	80
-121.5	42.7220677137	80
-121.725600481	43	80
-121.799113512	43.5	80
-121.766208589	44	80
-121.735440359	44.5	80
-121.807220191	45	80
-121.899536192	45.5	80
-121.904944271	46	80
-121.825412601	46.5	80
-121.642866999	47	80
-121.5	47.247312367	80
-121.340993911	47.5	80
-121	47.9269963503	80
-120.931522042	48	80
-120.5	48.3943560421	80
-120.359081179	48.5	80
-120	48.7484966218	80
-119.546565212	49	80
-119.5	49.0257923957	80
-119	49.2601567507	80
-118.5	49.4271613359	80
-118.126831293	49.5	80
-118	49.5280636549	80
> 90 contour -Z90
-116	49.5179267526	90
-115.5	49.5557326563	90
-115	49.5631764457	90
-114.5	49.5190317519	90
-114.423551634	49.5	90
-114	49.370243609	90
-113.5	49.04616886	90
-113.450405877	49	90
-113.203668356	48.5	90
-113.252056763	48	90
-113.482761301	47.5	90
-113.5	47.4771534204	90
-113.800255328	47	90
-114	46.7655367255	90
-114.198188603	46.5	90
-114.5	46.1546530426	90
-114.624199778	46	90
-115	45.5848346949	90
-115.073124528	45.5	90
-115.5	45.043069154	90
-115.539692372	45	90
-116	44.5246772766	90
-116.024432123	44.5	90
-116.5	44.0031946599	90
-116.503210843	44	90
-116.984033642	43.5	90
-117	43.484261483	90
-117.5	43.0139994919	90
-117.517211586	43	90
-118	42.6270813942	90
-118.236435324	42.5	90
-118.5	42.3573655039	90
-119	42.2037586272	90
-119.5	42.1450466514	90
-120	42.1821998656	90
-120.5	42.362031281	90
-120.724469945	42.5	90
-121	42.5920667946	90
-121.5	42.9295883104	90
-121.557153892	43	90
-121.67425397	43.5	90
-121.62569204	44	90
-121.534894872	44.5	90
-121.564607739	45	90
-121.676530957	45.5	90
-121.699106649	46	90
-121.619141944	46.5	90
-121.5	46.803393364	90
-121.418235928	47	90
-121.092274778	47.5	90
-121	47.6155474931	90
-120.639380723	48	90
-120.5	48.1273761839	90
-120.002955847	48.5	90
-120	48.5020455485	90
-119.5	48.8010843396	90
-119.073876671	49	90
-119	49.0349518433	90
-118.5	49.2002495676	90
-118	49.2907802165	90
-117.5	49.3484930694	90
-117	49.4081404507	90
-116.5	49.4672582746	90
-116.15282093	49.5	90
-116	49.5179267526	90
> 100 contour -Z100
-118	49.0559392273	100
-117.5	49.1215505078	100
-117	49.2047313303	100
-116.5	49.2850557566	100
-116	49.346429646	100
-115.5	49.3781856596	100
-115	49.373521626	100
-114.5	49.2995622754	100
-114	49.0920949429	100
-113.862921327	49	100
-113.511511713	48.5	100
-113.506777734	48	100
-113.695717126	47.5	100
-114	47.0152337551	100
-114.008133739	47	100
-114.381526858	46.5	100
-114.5	46.3644374013	100
-114.79267472	46	100
-115	45.7709574103	100
-115.233555764	45.5	100
-115.5	45.2147960067	100
-115.697955281	45	100
-116	44.6881026626	100
-116.186233938	44.5	100
-116.5	44.1722220778	100
-116.673093975	44	100
-117	43.6612983048	100
-117.166666657	43.5	100
-117.5	43.1855613589	100
-117.728137553	43	100
-118	42.7900062054	100
-118.5	42.5216274559	100
-118.570229262	42.5	100
-119	42.3684652746	100
-119.5	42.328163296	100
-120	42.3975407481	100
-120.258306175	42.5	100
-120.5	42.554648608	100
-121	42.7272604108	100
-121.376647621	43	100
-121.5	43.3127425909	100
-121.549394444	43.5	100
-121.5	43.8947315812	100
-121.492109895	44	100
-121.425691336	44.5	100
-121.388782799	45	100
-121.454883963	45.5	100
-121.492831379	46	100
-121.411002517	46.5	100
-121.199790373	47	100
-121	47.2962555289	100
-120.840719163	47.5	100
-120.5	47.8600675166	100
-120.340627968	48	100
-120	48.2649220526	100
-119.631803751	48.5	100
-119.5	48.5788819194	100
-119	48.8153443038	100
-118.5	48.9729722738	100
-118.334832609	49	100
-118	49.0559392273	100
> 110 contour -Z110
-117	49.0013222098	110
-116.5	49.1028532535	110
-116	49.179668501	110
-115.5	49.2146105617	110
-115	49.1943230182	110
-114.5	49.080695942	110
-114.322330534	49	110
-114	48.7449087352	110
-113.80897145	48.5	110
-113.73575744	48	110
-113.905871801	47.5	110
-114	47.3500402868	110
-114.186896712	47	110
-114.5	46.5840260684	110
-114.553816468	46.5	110
-114.961149678	46	110
-115	45.9570801109	110
-115.393987007	45.5	110
-115.5	45.3865228668	110
-115.856218174	45	110
-116	44.8515280485	110
-116.348035753	44.5	110
-116.5	44.3412494808	110
-116.842977092	44	110
-117	43.8373112828	110
-117.348537728	43.5	110
-117.5	43.3571232259	110
-117.939063493	43	110
-118	42.9529310241	110
-118.5	42.6873549521	110
-119	42.5349446535	110
-119.5	42.51000157	110
-120	42.5730592012	110
-120.5	42.6773991585	110
-121	42.8624539971	110
-121.189948127	43	110
-121.443093896	43.5	110
-121.417322308	44	110
-121.335729301	44.5	110
-121.237198755	45	110
-121.238396272	45.5	110
-121.273610115	46	110
-121.200307667	46.5	110
-121	46.9587879479	110
-120.979428709	47	110
-120.587490536	47.5	110
-120.5	47.5924588442	110
-120.03584281	48	110
-120	48.0278766025	110
-119.5	48.3515740633	110
-119.203502908	48.5	110
-119	48.5967650712	110
-118.5	48.7429497391	110
-118	48.8332749903	110
-117.5	48.9146480858	110
-117.006901938	49	110
-117	49.0013222098	110
> 120 contour -Z120
-116	49.012907356	120
-115.5	49.0510354713	120
-115	49.0151243955	120
-114.941036668	49	120
-114.5	48.8341127932	120
-114.109801859	48.5	120
-114	48.1504493654	120
-113.96473711	48	120
-114	47.8909502998	120
-114.100542754	47.5	120
-114.365659654	47	120
-114.5	46.8215218931	120
-114.705926269	46.5	120
-115	46.14233917	120
-115.106414765	46	120
-115.5	45.5532512665	120
-115.545623273	45.5	120
-116	45.0131855905	120
-116.012513012	45	120
-116.5	44.5083850622	120
-116.508812904	44.5	120
-117	44.0109254718	120
-117.012337089	44	120
-117.5	43.5264598429	120
-117.534133524	43.5	120
-118	43.1187898517	120
-118.222552508	43	120
-118.5	42.8530824631	120
-119	42.708453387	120
-119.5	42.6723656058	120
-120	42.7124320567	120
-120.5	42.8001497239	120
-121	42.9976475828	120
-121.003248638	43	120
-121.34894079	43.5	120
-121.342534691	44	120
-121.24576728	44.5	120
-121.085614711	45	120
-121.021908578	45.5	120
-121.054388858	46	120
-121	46.4171155989	120
-120.987731516	46.5	120
-120.738546073	47	120
-120.5	47.3010396659	120
-120.309183657	47.5	120
-120	47.772916764	120
-119.687136605	48	120
-119.5	48.1214561984	120
-119	48.3620681465	120
-118.545802522	48.5	120
-118.5	48.5129271857	120
-118	48.6144182459	120
-117.5	48.7308583707	120
-117	48.8483854234	120
-116.5	48.9416657388	120
-116.07545343	49	120
-116	49.012907356	120
> 130 contour -Z130
-117.5	48.5470686257	130
-117	48.6957788765	130
-116.5	48.8077180684	130
-116	48.8777851462	130
-115.5	48.8966811895	130
-115	48.8240584135	130
-114.5	48.5713421404	130
-114.416682117	48.5	130
-114.189371884	48	130
-114.282652304	47.5	130
-114.5	47.0861650705	130
-114.538249612	47	130
-114.858036041	46.5	130
-115	46.3273394257	130
-115.244723529	46	130
-115.5	45.7102420628	130
-115.680125892	45.5	130
-116	45.1572902799	130
-116.149266988	45	130
-116.5	44.6462970674	130
-116.653761446	44.5	130
-117	44.1552506089	130
-117.175309658	44	130
-117.5	43.684712708	130
-117.738281786	43.5	130
-118	43.285840705	130
-118.5	43.0170337856	130
-118.571491331	43	130
-119	42.8819621205	130
-119.5	42.8347296417	130
-120	42.8518049121	130
-120.5	42.9229002967	130
-120.694977492	43	130
-121	43.1331905127	130
-121.254787713	43.5	130
-121.267747074	44	130
-121.155805245	44.5	130
-121	44.8995893598	130
-120.968673974	45	130
-120.880319566	45.5	130
-120.829408318	46	130
-120.738876209	46.5	130
-120.5	46.9949979186	130
-120.49693194	47	130
-120.017638365	47.5	130
-120	47.5155694047	130
-119.5	47.8669184148	130
-119.247513577	48	130
-119	48.1145678312	130
-118.5	48.2827248275	130
-118	48.4167131782	130
-117.674621701	48.5	130
-117.5	48.5470686257	130
> 140 contour -Z140
-117	48.5431722999	140
-116.5	48.6737704128	140
-116	48.7453172505	140
-115.5	48.7465084493	140
-115	48.6318985224	140
-114.757438779	48.5	140
-114.5	48.1736695021	140
-114.413215756	48	140
-114.464761846	47.5	140
-114.5	47.4329057634	140
-114.692171574	47	140
-115	46.5161378086	140
-115.008851409	46.5	140
-115.383032277	46	140
-115.5	45.8672328591	140
-115.814628512	45.5	140
-116	45.3013949543	140
-116.286020979	45	140
-116.5	44.7842090577	140
-116.798710018	44.5	140
-117	44.299575761	140
-117.338282242	44	140
-117.5	43.8429656029	140
-117.942430042	43.5	140
-118	43.4528915398	140
-118.5	43.1671118438	140
-119	43.0366646051	140
-119.473489266	43	140
-119.5	42.9970936701	140
-120	42.9911777601	140
-120.072724849	43	140
-120.5	43.0293842852	140
-121	43.2687396109	140
-121.160634622	43.5	140
-121.192959473	44	140
-121.065843217	44.5	140
-121	44.6688662469	140
-120.8966932	45	140
-120.747163758	45.5	140
-120.602527417	46	140
-120.5	46.4592478573	140
-120.48892507	46.5	140
-120.180636361	47	140
-120	47.1890307665	140
-119.621596456	47.5	140
-119.5	47.5850853324	140
-119	47.8618569672	140
-118.649046227	48	140
-118.5	48.0525117368	140
-118	48.2421809882	140
-117.5	48.4024240077	140
-117.137757957	48.5	140
-117	48.5431722999	140
> 150 contour -Z150
-116.5	48.5398227274	150
-116	48.6128493622	150
-115.5	48.5963357091	150
-115.164171457	48.5	150
-115	48.4143028259	150
-114.643840492	48	150
-114.637769073	47.5	150
-114.846093535	47	150
-115	46.7580810785	150
-115.141554832	46.5	150
-115.5	46.0270189643	150
-115.517970264	46	150
-115.949131139	45.5	150
-116	45.4454996437	150
-116.422774978	45	150
-116.5	44.9221210554	150
-116.94365859	44.5	150
-117	44.4439009093	150
-117.5	44.0008897781	150
-117.501227587	44	150
-118	43.5933339596	150
-118.185424179	43.5	150
-118.5	43.317189917	150
-119	43.1513487399	150
-119.5	43.0853361785	150
-120	43.0667155981	150
-120.5	43.1083956957	150
-121	43.4042887166	150
-121.066481538	43.5	150
-121.118171863	44	150
-121	44.4274699688	150
-120.984332621	44.5	150
-120.824712425	45	150
-120.614007957	45.5	150
-120.5	45.804849267	150
-120.42472598	46	150
-120.212743074	46.5	150
-120	46.821172446	150
-119.849031985	47	150
-119.5	47.2934248149	150
-119.1841176	47.5	150
-119	47.6046553403	150
-118.5	47.8703300059	150
-118.167141303	48	150
-118	48.0676487982	150
-117.5	48.2712557912	150
-117	48.4200325012	150
-116.646540001	48.5	150
-116.5	48.5398227274	150
> 160 contour -Z160
-117.5	48.1400875747	160
-117	48.3085174859	160
-116.5	48.4213701189	160
-116	48.480366379	160
-115.5	48.4349245727	160
-115	48.1410339475	160
-114.878758781	48	160
-114.808592409	47.5	160
-115	47.0000449419	160
-115.000013798	47	160
-115.274258226	46.5	160
-115.5	46.2021257877	160
-115.634433478	46	160
-116	45.582670778	160
-116.068931133	45.5	160
-116.5	45.0503376424	160
-116.549973577	45	160
-117	44.5674531162	160
-117.07776767	44.5	160
-117.5	44.1164512932	160
-117.66066131	44	160
-118	43.7233256698	160
-118.443675414	43.5	160
-118.5	43.4672679789	160
-119	43.2660328746	160
-119.5	43.1722277105	160
-120	43.1379396617	160
-120.5	43.187407136	160
-120.965425223	43.5	160
-121	43.6681349277	160
-121.043384254	44	160
-121	44.1569363922	160
-120.925894111	44.5	160
-120.752731651	45	160
-120.5	45.4803277254	160
-120.489714295	45.5	160
-120.287389725	46	160
-120	46.4505447745	160
-119.963888228	46.5	160
-119.5	46.9985806644	160
-119.498333067	47	160
-119	47.4044712186	160
-118.835030019	47.5	160
-118.5	47.7023417801	160
-118	47.9308539033	160
-117.817781538	48	160
-117.5	48.1400875747	160
> 170 contour -Z170
-117.5	48.0089193285	170
-117	48.1970024556	170
-116.5	48.3094732165	170
-116	48.3477966785	170
-115.5	48.2534035146	170
-115.128703684	48	170
-115	47.5996856838	170
-114.979415756	47.5	170
-115	47.4462341219	170
-115.137165427	47	170
-115.40696162	46.5	170
-115.5	46.3772325888	170
-115.750896722	46	170
-116	45.7156247199	170
-116.17978853	45.5	170
-116.5	45.1659766734	170
-116.664776236	45	170
-117	44.6777967215	170
-117.204984397	44.5	170
-117.5	44.2320128083	170
-117.820095032	44	170
-118	43.8533173949	170
-118.5	43.5732829571	170
-118.714571893	43.5	170
-119	43.3807170168	170
-119.5	43.2591192573	170
-120	43.2091636956	170
-120.5	43.2664185315	170
-120.847783685	43.5	170
-120.971683443	44	170
-120.867455572	44.5	170
-120.680750877	45	170
-120.5	45.3435250521	170
-120.418186605	45.5	170
-120.150053501	46	170
-120	46.2352408916	170
-119.806675315	46.5	170
-119.5	46.8296103776	170
-119.299888879	47	170
-119	47.2434043139	170
-118.556881353	47.5	170
-118.5	47.534353558	170
-118	47.817943722	170
-117.520233078	48	170
-117.5	48.0089193285	170
> 180 contour -Z180
-117	48.0854874253	180
-116.5	48.1975763291	180
-116	48.2152269483	180
-115.5	48.071882464	180
-115.394675136	48	180
-115.154553086	47.5	180
-115.274317011	47	180
-115.5	46.5768617094	180
-115.535066485	46.5	180
-115.867359951	46	180
-116	45.8485786617	180
-116.290645897	45.5	180
-116.5	45.2816157341	180
-116.779578909	45	180
-117	44.7881403118	180
-117.332201108	44.5	180
-117.5	44.3475743234	180
-117.979528764	44	180
-118	43.9833091088	180
-118.5	43.6670071781	180
-118.988995583	43.5	180
-119	43.4954011547	180
-119.5	43.3460108042	180
-120	43.2803877592	180
-120.5	43.345429942	180
-120.730142161	43.5	180
-120.904247135	44	180
-120.809017062	44.5	180
-120.608770095	45	180
-120.5	45.2067224085	180
-120.346658915	45.5	180
-120.012717265	46	180
-120	46.0199370272	180
-119.649462387	46.5	180
-119.5	46.6606401056	180
-119.101444669	47	180
-119	47.0823373944	180
-118.5	47.4222019911	180
-118.347687006	47.5	180
-118	47.7050335407	180
-117.5	47.9128091335	180
-117.225656331	48	180
-117	48.0854874253	180
> 190 contour -Z190
-116.5	48.0856794417	190
-116	48.0826572254	190
-115.746028364	48	190
-115.5	47.8076190054	190
-115.330281451	47.5	190
-115.411468618	47	190
-115.5	46.834010452	190
-115.652385056	46.5	190
-115.983823169	46	190
-116	45.9815325979	190
-116.40150328	45.5	190
-116.5	45.3972547725	190
-116.894381575	45	190
-117	44.8984839171	190
-117.459417835	44.5	190
-117.5	44.463135846	190
-118	44.073522985	190
-118.127259463	44	190
-118.5	43.7607313842	190
-119	43.5674333274	190
-119.277091384	43.5	190
-119.5	43.432902351	190
-120	43.3516118079	190
-120.5	43.4244413599	190
-120.61250063	43.5	190
-120.836810797	44	190
-120.750578523	44.5	190
-120.53678932	45	190
-120.5	45.0699197352	190
-120.275131226	45.5	190
-120	45.9045625329	190
-119.927354515	46	190
-119.5	46.4954244494	190
-119.495168209	46.5	190
-119	46.9558932185	190
-118.935783923	47	190
-118.5	47.3244044185	190
-118.156218827	47.5	190
-118	47.5921233743	190
-117.5	47.8192568123	190
-117	47.9773133695	190
-116.883194864	48	190
-116.5	48.0856794417	190
> 200 contour -Z200
-117.5	47.7257044613	200
-117	47.8801127672	200
-116.5	47.9713253975	200
-116	47.9315852821	200
-115.507097393	47.5	200
-115.54797411	47	200
-115.769703612	46.5	200
-116	46.1524555385	200
-116.089979053	46	200
-116.5	45.5138153136	200
-116.510562778	45.5	200
-117	45.0076241493	200
-117.007414997	45	200
-117.5	44.556792587	200
-117.571883947	44.5	200
-118	44.1578769982	200
-118.273266137	44	200
-118.5	43.8544556051	200
-119	43.6376837194	200
-119.5	43.5135566294	200
-119.586867005	43.5	200
-120	43.4228358641	200
-120.480614126	43.5	200
-120.5	43.5054107904	200
-120.76937446	44	200
-120.692140013	44.5	200
-120.5	44.9352757931	200
-120.47182712	45	200
-120.203603536	45.5	200
-120	45.7993857265	200
-119.847295582	46	200
-119.5	46.4026135802	200
-119.397159725	46.5	200
-119	46.8656584322	200
-118.804408967	47	200
-118.5	47.226606831	200
-118	47.4854931831	200
-117.964551121	47.5	200
-117.5	47.7257044613	200
> 210 contour -Z210
-117.5	47.6321521103	210
-117	47.7829121351	210
-116.5	47.8489413261	210
-116	47.7498728782	210
-115.714626521	47.5	210
-115.683303118	47	210
-115.887022175	46.5	210
-116	46.3295031041	210
-116.194472253	46	210
-116.5	45.6377187371	210
-116.605295628	45.5	210
-117	45.1029258072	210
-117.100101978	45	210
-117.5	44.6401884556	210
-117.677440464	44.5	210
-118	44.2422310114	210
-118.41927281	44	210
-118.5	43.9481798187	210
-119	43.7079340816	210
-119.5	43.5730676949	210
-119.968197085	43.5	210
-120	43.4940599166	210
-120.036997601	43.5	210
-120.5	43.6292283237	210
-120.701938137	44	210
-120.633701488	44.5	210
-120.5	44.802888602	210
-120.414202213	45	210
-120.132075846	45.5	210
-120	45.69420892	210
-119.76723668	46	210
-119.5	46.309802711	210
-119.299151242	46.5	210
-119	46.7754236162	210
-118.673034012	47	210
-118.5	47.1288092434	210
-118	47.4066947103	210
-117.771999091	47.5	210
-117.5	47.6321521103	210
> 220 contour -Z220
-117.5	47.5385997593	220
-117	47.6857115328	220
-116.5	47.7265572846	220
-116	47.5681604594	220
-115.922155671	47.5	220
-115.818632141	47	220
-116	46.5134328902	220
-116.004124999	46.5	220
-116.298965499	46	220
-116.5	45.7616221905	220
-116.700028479	45.5	220
-117	45.1982274354	220
-117.192788959	45	220
-117.5	44.7235843241	220
-117.782996953	44.5	220
-118	44.3265850246	220
-118.5	44.0295544267	220
-118.562017888	44	220
-119	43.7781844586	220
-119.5	43.6325787604	220
-120	43.5639217794	220
-120.5	43.7530458421	220
-120.6345018	44	220
-120.575262964	44.5	220
-120.5	44.6705014259	220
-120.356577277	45	220
-120.060548164	45.5	220
-120	45.589032121	220
-119.687177777	46	220
-119.5	46.2169918567	220
-119.201142758	46.5	220
-119	46.6851888299	220
-118.541659065	47	220
-118.5	47.0310116652	220
-118	47.3278962076	220
-117.579447098	47.5	220
-117.5	47.5385997593	220
> 230 contour -Z230
-117	47.5885109007	230
-116.5	47.6041732281	230
-116.211672604	47.5	230
-116	47.1762510538	230
-115.953961164	47	230
-116	46.8764886782	230
-116.115612715	46.5	230
-116.403458722	46	230
-116.5	45.8855256289	230
-116.79476133	45.5	230
-117	45.2935290635	230
-117.28547594	45	230
-117.5	44.8069802076	230
-117.888553455	44.5	230
-118	44.4109390453	230
-118.5	44.0956570208	230
-118.700729579	44	230
-119	43.8484348357	230
-119.5	43.6920898259	230
-120	43.6336596906	230
-120.5	43.8768633753	230
-120.567065477	44	230
-120.516824439	44.5	230
-120.5	44.5381142423	230
-120.298952341	45	230
-120	45.4856310785	230
-119.990378559	45.5	230
-119.60711886	46	230
-119.5	46.1241809875	230
-119.103134282	46.5	230
-119	46.5949540362	230
-118.5	46.9517180622	230
-118.411175609	47	230
-118	47.2490977347	230
-117.5	47.4494518936	230
-117.303938776	47.5	230
-117	47.5885109007	230
> 240 contour -Z240
-118	47.1702992618	240
-117.5	47.3633978069	240
-117	47.489636004	240
-116.5	47.4717033803	240
-116.105053782	47	240
-116.227100402	46.5	240
-116.5	46.0150758922	240
-116.507407635	46	240
-116.889494188	45.5	240
-117	45.3888307065	240
-117.37816292	45	240
-117.5	44.8903760836	240
-117.994109961	44.5	240
-118	44.4952930575	240
-118.5	44.1617596149	240
-118.83944127	44	240
-119	43.9186852127	240
-119.5	43.7516008765	240
-120	43.7033976018	240
-120.499354333	44	240
-120.454144448	44.5	240
-120.24132742	45	240
-120	45.3920226693	240
-119.927698344	45.5	240
-119.52705995	46	240
-119.5	46.0313701183	240
-119.005125795	46.5	240
-119	46.504719235	240
-118.5	46.8810167015	240
-118.281106144	47	240
-118	47.1702992618	240
> 250 contour -Z250
-118	47.0915007889	250
-117.5	47.2773437202	250
-117	47.3737073839	250
-116.5	47.2815386951	250
-116.264274225	47	250
-116.338588133	46.5	250
-116.5	46.2131820321	250
-116.604748279	46	250
-116.984227043	45.5	250
-117	45.484132342	250
-117.470849903	45	250
-117.5	44.9737719614	250
-118	44.5675432086	250
-118.093280107	44.5	250
-118.5	44.2278622091	250
-118.978152951	44	250
-119	43.988935587	250
-119.5	43.8111119419	250
-120	43.773135528	250
-120.381944865	44	250
-120.389749616	44.5	250
-120.183702499	45	250
-120	45.2984142303	250
-119.865018129	45.5	250
-119.5	45.9489631057	250
-119.451324284	46	250
-119	46.4331268072	250
-118.911210775	46.5	250
-118.5	46.8103153408	250
-118.151036665	47	250
-118	47.0915007889	250
> 260 contour -Z260
-118	47.012702316	260
-117.5	47.1912896484	260
-117	47.2577787936	260
-116.5	47.0913739949	260
-116.423494689	47	260
-116.450075839	46.5	260
-116.5	46.4112881422	260
-116.702088892	46	260
-117	45.6070236564	260
-117.074215591	45.5	260
-117.5	45.0626897216	260
-117.55980733	45	260
-118	44.6390780509	260
-118.192072868	44.5	260
-118.5	44.2939647883	260
-119	44.0517627299	260
-119.139648676	44	260
-119.5	43.8706230074	260
-120	43.8428734541	260
-120.264535367	44	260
-120.325354785	44.5	260
-120.126077563	45	260
-120	45.2048058361	260
-119.802337915	45.5	260
-119.5	45.8718680143	260
-119.377795964	46	260
-119	46.362563163	260
-118.817521662	46.5	260
-118.5	46.7396139503	260
-118.020967193	47	260
-118	47.012702316	260
> 270 contour -Z270
-117.5	47.1052355766	270
-117	47.1418501735	270
-116.649016321	47	270
-116.568633825	46.5	270
-116.799429521	46	270
-117	45.7354262769	270
-117.163256437	45.5	270
-117.5	45.1541408896	270
-117.647053629	45	270
-118	44.7106128931	270
-118.290865585	44.5	270
-118.5	44.3600673825	270
-119	44.1132021248	270
-119.305403739	44	270
-119.5	43.9301340654	270
-120	43.9126113728	270
-120.147125885	44	270
-120.260959983	44.5	270
-120.068452641	45	270
-120	45.111197412	270
-119.7396577	45.5	270
-119.5	45.794772923	270
-119.304267645	46	270
-119	46.2919995189	270
-118.723832563	46.5	270
-118.5	46.6689125896	270
-118	46.9319443107	270
-117.796575665	47	270
-117.5	47.1052355766	270
> 280 contour -Z280
-117.5	47.0191814899	280
-117	47.0259215515	280
-116.93586161	47	280
-116.692925394	46.5	280
-116.896770157	46	280
-117	45.8638288826	280
-117.252297282	45.5	280
-117.5	45.2455920279	280
-117.734299958	45	280
-118	44.7821477205	280
-118.389658332	44.5	280
-118.5	44.4261699766	280
-119	44.1746415198	280
-119.471158784	44	280
-119.5	43.9896451328	280
-120	43.9823492914	280
-120.029716408	44	280
-120.196565151	44.5	280
-120.010827711	45	280
-120	45.017589001	280
-119.6769775	45.5	280
-119.5	45.7176778466	280
-119.23073931	46	280
-119	46.2214358598	280
-118.630143464	46.5	280
-118.5	46.5982112139	280
-118	46.8508097231	280
-117.554057416	47	280
-117.5	47.0191814899	280
> 290 contour -Z290
-118.5	46.5275098383	290
-118	46.7696751654	290
-117.5	46.910043329	290
-117	46.8272361457	290
-116.817216933	46.5	290
-116.994110785	46	290
-117	45.9922315008	290
-117.341338128	45.5	290
-117.5	45.3370431811	290
-117.821546286	45	290
-118	44.8536825627	290
-118.488451066	44.5	290
-118.5	44.4922725651	290
-119	44.2360809445	290
-119.5	44.0657685697	290
-120	44.1334035397	290
-120.132170334	44.5	290
-120	44.8582524061	290
-119.941588968	45	290
-119.614297278	45.5	290
-119.5	45.6405827701	290
-119.157210991	46	290
-119	46.1508722156	290
-118.53645435	46.5	290
-118.5	46.5275098383	290
> 300 contour -Z300
-118	46.6885405779	300
-117.5	46.7942838073	300
-117	46.6047172546	300
-116.941508476	46.5	300
-117	46.333132416	300
-117.099649906	46	300
-117.430378966	45.5	300
-117.5	45.4284943417	300
-117.908792607	45	300
-118	44.925217405	300
-118.5	44.5664284229	300
-118.605666786	44.5	300
-119	44.2975203395	300
-119.5	44.1453914642	300
-120	44.3120133132	300
-120.06777551	44.5	300
-120	44.6837079376	300
-119.86966306	45	300
-119.551617064	45.5	300
-119.5	45.5634876862	300
-119.083682671	46	300
-119	46.0803085715	300
-118.5	46.448517561	300
-118.395917714	46.5	300
-118	46.6885405779	300
> 310 contour -Z310
-118	46.6074060202	310
-117.5	46.6785242856	310
-117.127775759	46.5	310
-117.205716968	46	310
-117.5	45.5364398956	310
-117.521849751	45.5	310
-117.99603893	45	310
-118	44.9967522467	310
-118.5	44.6416503191	310
-118.725321263	44.5	310
-119	44.3589597344	310
-119.5	44.225014329	310
-120	44.490623096	310
-120.003380689	44.5	310
-120	44.5091634775	310
-119.797737181	45	310
-119.5	45.4795526564	310
-119.484247684	45.5	310
-119.01015435	46	310
-119	46.0097449236	310
-118.5	46.3642445803	310
-118.225542635	46.5	310
-118	46.6074060202	310
> 320 contour -Z320
-118	46.5262714326	320
-117.5	46.5627647787	320
-117.369135067	46.5	320
-117.311784029	46	320
-117.5	45.7035187185	320
-117.622032106	45.5	320
-118	45.1009645164	320
-118.101154923	45	320
-118.5	44.7168722153	320
-118.84497574	44.5	320
-119	44.4203991443	320
-119.5	44.3046372235	320
-119.860706806	44.5	320
-119.725811273	45	320
-119.5	45.3637046516	320
-119.395000249	45.5	320
-119	45.9185011685	320
-118.897003025	46	320
-118.5	46.2799715996	320
-118.055167563	46.5	320
-118	46.5262714326	320
> 330 contour -Z330
-118.5	46.1956985891	330
-118	46.410829246	330
-117.5	46.3142496347	330
-117.417851105	46	330
-117.5	45.8705975264	330
-117.722214431	45.5	330
-118	45.206730932	330
-118.207120806	45	330
-118.5	44.7920941263	330
-118.964630213	44.5	330
-119	44.4818385504	330
-119.5	44.3842600957	330
-119.713695616	44.5	330
-119.653885379	45	330
-119.5	45.2478566617	330
-119.305752814	45.5	330
-119	45.8239438832	330
-118.777502924	46	330
-118.5	46.1956985891	330
> 340 contour -Z340
-118.5	46.1114256084	340
-118	46.2789587379	340
-117.548165351	46	340
-117.822396785	45.5	340
-118	45.3124973327	340
-118.313086703	45	340
-118.5	44.8673160225	340
-119	44.5811539888	340
-119.304144904	44.5	340
-119.5	44.4638829753	340
-119.566684432	44.5	340
-119.581959479	45	340
-119.5	45.1320086718	340
-119.216505378	45.5	340
-119	45.729386583	340
-118.658002838	46	340
-118.5	46.1114256084	340
> 350 contour -Z350
-118.5	46.0271526277	350
-118	46.1470882446	350
-117.761758447	46	350
-117.922579117	45.5	350
-118	45.4182637483	350
-118.419052579	45	350
-118.5	44.9425379299	350
-119	44.6963639557	350
-119.5	44.8983092681	350
-119.510033583	45	350
-119.5	45.0161606688	350
-119.127257943	45.5	350
-119	45.6348292828	350
-118.538502749	46	350
-118.5	46.0271526277	350
> 360 contour -Z360
-118	46.0152177513	360
-117.975351535	46	360
-118	45.8315829784	360
-118.050493419	45.5	360
-118.5	45.0522643924	360
-118.563074172	45	360
-119	44.8115739524	360
-119.327624142	45	360
-119.038010508	45.5	360
-119	45.5402719788	360
-118.5	45.874499917	360
-118.07274273	46	360
-118	46.0152177513	360
> 370 contour -Z370
-118.5	45.6893423796	370
-118.272735223	45.5	370
-118.5	45.273630619	370
-118.820223153	45.5	370
-118.5	45.6893423796	370
> 370 contour -Z370
-119	45.2626904249	370
-118.830225214	45	370
-119	44.9267839268	370
-119.127303794	45	370
-119	45.2626904249	370
> 380 contour -Z380
-118.5	45.5041848123	380
-118.494977042	45.5	380
-118.5	45.4949968318	380
-118.507077505	45.5	380
-118.5	45.5041848123	380
