> 10 contour -Z10
-115.5	52.5009679794	10
-115	52.5333440416	10
-114.5	52.5512448028	10
-114	52.5444296524	10
-113.5	52.5022742369	10
-113.486974403	52.5	10
-113	52.4281702638	10
-112.5	52.2927666008	10
-112	52.0763125867	10
-111.858703807	52	10
-111.5	51.8271605372	10
-111	51.5741736591	10
-110.834760308	51.5	10
-110.5	51.3930233121	10
-110	51.2170199305	10
-109.5	51.0000018713	10
-109.499996013	51	10
-109	50.6627218425	10
-108.804460391	50.5	10
-108.544042826	50	10
-108.618728369	49.5	10
-108.893246673	49	10
-109	48.8857720196	10
-109.292247519	48.5	10
-109.5	48.3354430348	10
-109.860283524	48	10
-110	47.9026994705	10
-110.5	47.5317582786	10
-110.536301404	47.5	10
-111	47.1638053358	10
-111.216077089	47	10
-111.5	46.7925328016	10
-111.90735101	46.5	10
-112	46.4271052107	10
-112.5	46.0440662503	10
-112.553097904	46	10
-113	45.615757525	10
-113.137688488	45.5	10
-113.5	45.1628139913	10
-113.683430761	45	10
-114	44.685229212	10
-114.197048485	44.5	10
-114.5	44.1821734011	10
-114.674530327	44	10
-115	43.6540021002	10
-115.143166274	43.5	10
-115.5	43.1118450761	10
-115.608086288	43	10
-116	42.555509299	10
-116.053729653	42.5	10
-116.47956145	42	10
-116.5	41.9780523218	10
-116.968919249	41.5	10
-117	41.4726748057	10
-117.5	41.0660221279	10
-117.598690689	41	10
-118	40.7065040767	10
-118.451243628	40.5	10
-118.5	40.4717714544	10
-119	40.248878926	10
-119.5	40.1170358956	10
-120	40.0428916514	10
-120.5	40.0217739344	10
-121	40.0728279054	10
-121.5	40.2418300509	10
-121.86644274	40.5	10
-122	40.5746201873	10
-122.431706846	41	10
-122.5	41.0307598114	10
-122.932753175	41.5	10
-123	41.5446540117	10
-123.388499975	42	10
-123.499014258	42.5	10
-123.5	42.5054944754	10
-123.775481015	43	10
-123.858960599	43.5	10
-123.900050014	44	10
-123.939721555	44.5	10
-124	44.9894302497	10
-124.002765059	45	10
-124.05929042	45.5	10
-124.075728841	46	10
-124.019895341	46.5	10
-124	46.5756220967	10
-123.921280921	47	10
-123.774706274	47.5	10
-123.556741673	48	10
-123.5	48.1044694856	10
-123.304602295	48.5	10
-123	48.9168183804	10
-122.937431574	49	10
-122.5	49.4722140431	10
-122.471575499	49.5	10
-122	49.9200108051	10
-121.898357302	50	10
-121.5	50.3053514957	10
-121.184657931	50.5	10
-121	50.6189433858	10
-120.5	50.8983696699	10
-120.285234869	51	10
-120	51.1555636525	10
-119.5	51.3866680264	10
-119.211156487	51.5	10
-119	51.6020685062	10
-118.5	51.8120093048	10
-118	51.9801369011	10
-117.933012903	52	10
-117.5	52.1674516499	10
-117	52.3113857806	10
-116.5	52.4052606821	10
-116	52.4639321268	10
-115.509614709	52.5	10
-115.5	52.5009679794	10
> 20 contour -Z20
-115.5	51.5134057999	20
-115	51.5318390206	20
-114.5	51.5229260754	20
-114.268959969	51.5	20
-114	51.476890415	20
-113.5	51.3825879693	20
-113	51.2208989114	20
-112.5	51.0088485423	20
-112.478216516	51	20
-112	50.852326721	20
-111.5	50.6596154124	20
-111.170385659	50.5	20
-111	50.3862374723	20
-110.556666762	50	20
-110.5	49.8927001655	20
-110.30683051	49.5	20
-110.336436763	49	20
-110.5	48.6503684521	20
-110.553968221	48.5	20
-110.894187286	48	20
-111	47.9061293975	20
-111.381011024	47.5	20
-111.5	47.4045766145	20
-111.964709844	47	20
-112	46.9723210894	20
-112.5	46.5492308736	20
-112.552761465	46.5	20
-113	46.1124606729	20
-113.120722532	46	20
-113.5	45.6642122865	20
-113.678179085	45.5	20
-114	45.2018274367	20
-114.218616873	45	20
-114.5	44.7288967371	20
-114.745745152	44.5	20
-115	44.2390494943	20
-115.236325383	44	20
-115.5	43.7241379023	20
-115.713598996	43.5	20
-116	43.207749933	20
-116.210054129	43	20
-116.5	42.7047562301	20
-116.722955406	42.5	20
-117	42.2162604928	20
-117.24835369	42	20
-117.5	41.7629596591	20
-117.846064165	41.5	20
-118	41.3808530122	20
-118.5	41.0882502794	20
-118.738215148	41	20
-119	40.8794266358	20
-119.5	40.7347265482	20
-120	40.6594468653	20
-120.5	40.6542505622	20
-121	40.7447466552	20
-121.5	40.9675521664	20
-121.546320338	41	20
-122	41.1010178924	20
-122.5	41.4392565563	20
-122.556020178	41.5	20
-123	41.7948166281	20
-123.175061896	42	20
-123.370996237	42.5	20
-123.468268722	43	20
-123.5	43.4930935944	20
-123.501536896	43.5	20
-123.5	43.5483138151	20
-123.495013505	44	20
-123.455867201	44.5	20
-123.406177402	45	20
-123.359148145	45.5	20
-123.353961468	46	20
-123.288514733	46.5	20
-123.125946313	47	20
-123	47.2736243904	20
-122.900799394	47.5	20
-122.622314788	48	20
-122.5	48.1756040603	20
-122.272844464	48.5	20
-122	48.8048253655	20
-121.817262352	49	20
-121.5	49.2931920588	20
-121.245932966	49.5	20
-121	49.6918482929	20
-120.5263882	50	20
-120.5	50.017782554	20
-120	50.322101593	20
-119.621280566	50.5	20
-119.5	50.5648069382	20
-119	50.7975721061	20
-118.5	50.977373302	20
-118.424090505	51	20
-118	51.1579565853	20
-117.5	51.2953720093	20
-117	51.3841076791	20
-116.5	51.4441523254	20
-116	51.4840512574	20
-115.69174841	51.5	20
-115.5	51.5134057999	20
> 30 contour -Z30
-118	50.5999273956	30
-117.5	50.7139724493	30
-117	50.7932330966	30
-116.5	50.8503749073	30
-116	50.8882329762	30
-115.5	50.9063062072	30
-115	50.899821192	30
-114.5	50.8601323962	30
-114	50.7774708569	30
-113.5	50.6507936567	30
-113.033031732	50.5	30
-113	50.4909997284	30
-112.5	50.322958678	30
-112	50.0766178071	30
-111.877321608	50	30
-111.5	49.6009305045	30
-111.42200917	49.5	30
-111.267507702	49	30
-111.354824841	48.5	30
-111.5	48.2272727191	30
-111.597545415	48	30
-111.978801375	47.5	30
-112	47.4812010583	30
-112.481005561	47	30
-112.5	46.9837489985	30
-113	46.5149309933	30
-113.014229238	46.5	30
-113.5	46.0421323478	30
-113.541268557	46	30
-114	45.5703989267	30
-114.071550369	45.5	30
-114.5	45.0969044864	30
-114.601228893	45	30
-115	44.6212567985	30
-115.131085932	44.5	30
-115.5	44.1280041039	30
-115.632596642	44	30
-116	43.6189506054	30
-116.117546707	43.5	30
-116.5	43.1207292974	30
-116.623400897	43	30
-117	42.6452117562	30
-117.164235204	42.5	30
-117.5	42.192800343	30
-117.755448326	42	30
-118	41.7951211929	30
-118.5	41.5085875392	30
-118.522027045	41.5	30
-119	41.27705127	30
-119.5	41.1446661651	30
-120	41.0645736456	30
-120.5	41.045517385	30
-121	41.0717188418	30
-121.5	41.136336118	30
-122	41.2938001305	30
-122.27841115	41.5	30
-122.5	41.588157326	30
-122.978372782	42	30
-123	42.0432669222	30
-123.242978215	42.5	30
-123.364909559	43	30
-123.400429994	43.5	30
-123.370971739	44	30
-123.258051097	44.5	30
-123.083430134	45	30
-123	45.2527375817	30
-122.927206278	45.5	30
-122.865434468	46	30
-122.772022098	46.5	30
-122.563148312	47	30
-122.5	47.1166074201	30
-122.310270697	47.5	30
-122	47.9662261903	30
-121.978118211	48	30
-121.587552965	48.5	30
-121.5	48.5918847769	30
-121.077621236	49	30
-121	49.0668143556	30
-120.5	49.4473586679	30
-120.416286558	49.5	30
-120	49.7695532441	30
-119.537476122	50	30
-119.5	50.0206772964	30
-119	50.2608233094	30
-118.5	50.442491591	30
-118.292146742	50.5	30
-118	50.5999273956	30
> 40 contour -Z40
-118.5	50.0230285227	40
-118	50.1709196419	40
-117.5	50.2666827142	40
-117	50.3381172419	40
-116.5	50.3895801902	40
-116	50.4196821749	40
-115.5	50.4254428148	40
-115	50.4021952152	40
-114.5	50.3515832126	40
-114	50.2692604363	40
-113.5	50.1431245506	40
-113.107243717	50	40
-113	49.9550979137	40
-112.5	49.6608211845	40
-112.305928797	49.5	40
-112.008888096	49	40
-112	48.8487856984	40
-111.980949976	48.5	40
-112	48.4530318528	40
-112.146566689	48	40
-112.455577664	47.5	40
-112.5	47.4555608481	40
-112.88531737	47	40
-113	46.8919764236	40
-113.373553693	46.5	40
-113.5	46.3808168769	40
-113.873009577	46	40
-114	45.8810737208	40
-114.387306601	45.5	40
-114.5	45.393975392	40
-114.911556639	45	40
-115	44.9159986228	40
-115.44971963	44.5	40
-115.5	44.4492996	40
-115.965419643	44	40
-116	43.9641352631	40
-116.458657328	43.5	40
-116.5	43.459001366	40
-116.969158482	43	40
-117	42.9709446784	40
-117.5	42.5244346857	40
-117.530021727	42.5	40
-118	42.1229748428	40
-118.207713425	42	40
-118.5	41.8088517636	40
-119	41.605429858	40
-119.420341052	41.5	40
-119.5	41.4761651643	40
-120	41.3347562701	40
-120.5	41.2429897487	40
-121	41.2211018801	40
-121.5	41.2803785354	40
-122	41.4865823723	40
-122.018116485	41.5	40
-122.5	41.6917134523	40
-122.858087927	42	40
-123	42.2839060575	40
-123.114960186	42.5	40
-123.261550397	43	40
-123.30043	43.5	40
-123.246929973	44	40
-123.060234971	44.5	40
-123	44.6455544233	40
-122.872225672	45	40
-122.639370203	45.5	40
-122.5	45.9608795643	40
-122.487743795	46	40
-122.374909312	46.5	40
-122.156928346	47	40
-122	47.2624934614	40
-121.863029063	47.5	40
-121.502425968	48	40
-121.5	48.002948924	40
-121.065023772	48.5	40
-121	48.5633691624	40
-120.5	48.9868400693	40
-120.481498212	49	40
-120	49.3317833245	40
-119.689751238	49.5	40
-119.5	49.6082524285	40
-119	49.8418093324	40
-118.555906292	50	40
-118.5	50.0230285227	40
> 50 contour -Z50
-116	50.0263529718	50
-115.5	50.0265278798	50
-115.088490784	50	50
-115	49.9957746863	50
-114.5	49.9524123669	50
-114	49.8648148477	50
-113.5	49.6977796704	50
-113.126397967	49.5	50
-113	49.3977651298	50
-112.6444709	49	50
-112.506531954	48.5	50
-112.607278824	48	50
-112.857746363	47.5	50
-113	47.3322312832	50
-113.230697095	47	50
-113.5	46.7188048661	50
-113.68336913	46.5	50
-114	46.1777342558	50
-114.161646873	46	50
-114.5	45.6661757231	50
-114.661672264	45.5	50
-115	45.1734763384	50
-115.17876792	45	50
-115.5	44.6979783773	50
-115.718912482	44.5	50
-116	44.2265739441	50
-116.249874473	44	50
-116.5	43.7474377453	50
-116.760725096	43.5	50
-117	43.2651837617	50
-117.278498068	43	50
-117.5	42.8002206534	50
-117.868866935	42.5	50
-118	42.3948026672	50
-118.5	42.0917120576	50
-118.731967241	42	50
-119	41.8833156973	50
-119.5	41.7188708186	50
-120	41.562546283	50
-120.281490058	41.5	50
-120.5	41.4404620975	50
-121	41.3704849333	50
-121.5	41.4244209304	50
-121.680296913	41.5	50
-122	41.5615311265	50
-122.5	41.7952695787	50
-122.737803102	42	50
-122.997031212	42.5	50
-123	42.5312404335	50
-123.158191219	43	50
-123.200429991	43.5	50
-123.1228882	44	50
-123	44.293767035	50
-122.935415268	44.5	50
-122.69990696	45	50
-122.5	45.3461125195	50
-122.405256957	45.5	50
-122.189538971	46	50
-122.045115761	46.5	50
-122	46.5932642519	50
-121.813585788	47	50
-121.5	47.4842694402	50
-121.489171594	47.5	50
-121.103404336	48	50
-121	48.1146874726	50
-120.599715285	48.5	50
-120.5	48.5868400559	50
-120	48.9507129192	50
-119.918692768	49	50
-119.5	49.2510169148	50
-119	49.4818656147	50
-118.949403733	49.5	50
-118.5	49.6758026928	50
-118	49.8009529114	50
-117.5	49.8864448965	50
-117	49.9511725307	50
-116.5	49.9966573417	50
-116.431146145	50	50
-116	50.0263529718	50
> 60 contour -Z60
-117.5	49.5490857959	60
-117	49.624567233	60
-116.5	49.684254989	60
-116	49.7180075496	60
-115.5	49.7239961624	60
-115	49.7003013492	60
-114.5	49.6387163103	60
-114	49.5017066407	60
-113.995730299	49.5	60
-113.5	49.2355079651	60
-113.226376832	49	60
-113	48.5554080345	60
-112.976456791	48.5	60
-113	48.1868750453	60
-113.010343164	48	60
-113.209284782	47.5	60
-113.5	47.0791418552	60
-113.545025885	47	60
-113.966302574	46.5	60
-114	46.4657028839	60
-114.423550397	46	60
-114.5	45.9245736673	60
-114.91306752	45.5	60
-115	45.4161005467	60
-115.428792894	45	60
-115.5	44.9330512583	60
-115.978841776	44.5	60
-116	44.4794184752	60
-116.5	44.0209767222	60
-116.525129288	44	60
-117	43.5452124178	60
-117.053083539	43.5	60
-117.5	43.0723473728	60
-117.586044341	43	60
-118	42.6580793262	60
-118.249025017	42.5	60
-118.5	42.3440843672	60
-119	42.1461797953	60
-119.375615038	42	60
-119.5	41.954697635	60
-120	41.7235820591	60
-120.5	41.5691871941	60
-121	41.5087374747	60
-121.5	41.5277427435	60
-122	41.6276651919	60
-122.5	41.8988257051	60
-122.617518254	42	60
-122.967925578	42.5	60
-123	42.8375191391	60
-123.054832045	43	60
-123.100429989	43.5	60
-123	43.9954124689	60
-122.99957031	44	60
-122.84255439	44.5	60
-122.527588254	45	60
-122.5	45.0477654226	60
-122.22157529	45.5	60
-122	45.8840007782	60
-121.902925014	46	60
-121.749186367	46.5	60
-121.501124838	47	60
-121.5	47.0017370826	60
-121.157011822	47.5	60
-121	47.6947992742	60
-120.718659744	48	60
-120.5	48.2118512541	60
-120.143455759	48.5	60
-120	48.6079654917	60
-119.5	48.9180612266	60
-119.33631888	49	60
-119	49.1675781161	60
-118.5	49.3481687009	60
-118	49.4630257785	60
-117.771962643	49.5	60
-117.5	49.5490857959	60
> 70 contour -Z70
-118.5	49.0367198586	70
-118	49.1599587649	70
-117.5	49.2594312727	70
-117	49.3420569003	70
-116.5	49.4038038254	70
-116	49.4381298721	70
-115.5	49.445897609	70
-115	49.4207586944	70
-114.5	49.3351557255	70
-114	49.1324864626	70
-113.794478238	49	70
-113.5	48.6483583748	70
-113.40705353	48.5	70
-113.356268182	48	70
-113.5	47.6057125628	70
-113.530648142	47.5	70
-113.814480469	47	70
-114	46.7806485891	70
-114.20110032	46.5	70
-114.5	46.1754981577	70
-114.647441	46	70
-115	45.6393456757	70
-115.132514983	45.5	70
-115.5	45.1413774192	70
-115.64814201	45	70
-116	44.675486207	70
-116.202272415	44.5	70
-116.5	44.2246343791	70
-116.769103184	44	70
-117	43.7788682282	70
-117.327416882	43.5	70
-117.5	43.3348558843	70
-117.898251578	43	70
-118	42.9159574509	70
-118.5	42.5996921957	70
-118.743036956	42.5	70
-119	42.3981705308	70
-119.5	42.1362394392	70
-119.764989465	42	70
-120	41.8846178502	70
-120.5	41.6682382822	70
-121	41.5744327307	70
-121.5	41.5861116946	70
-122	41.6937992573	70
-122.497528434	42	70
-122.5	42.0007616282	70
-122.938819945	42.5	70
-122.988078773	43	70
-123	43.4954622965	70
-123.000429993	43.5	70
-123	43.5021211167	70
-122.95336771	44	70
-122.749693558	44.5	70
-122.5	44.8809935451	70
-122.415499628	45	70
-122.037893597	45.5	70
-122	45.5656714514	70
-121.636528313	46	70
-121.5	46.3912808895	70
-121.457454324	46.5	70
-121.200024024	47	70
-121	47.2787613273	70
-120.81964013	47.5	70
-120.5	47.8438442051	70
-120.327549636	48	70
-120	48.2703037858	70
-119.66055496	48.5	70
-119.5	48.6023049578	70
-119	48.8553186059	70
-118.600821003	49	70
-118.5	49.0367198586	70
> 80 contour -Z80
-117	49.0867334604	80
-116.5	49.1692932397	80
-116	49.2161345929	80
-115.5	49.2227032483	80
-115	49.1747440845	80
-114.5	49.039630089	80
-114.413517192	49	80
-114	48.7010723054	80
-113.822422519	48.5	80
-113.683943897	48	80
-113.805766508	47.5	80
-114	47.1530712247	80
-114.07167837	47	80
-114.429389961	46.5	80
-114.5	46.4233418778	80
-114.855661541	46	80
-115	45.8523472846	80
-115.335075378	45.5	80
-115.5	45.3390527666	80
-115.855275705	45	80
-116	44.8665227592	80
-116.422468774	44.5	80
-116.5	44.4282920584	80
-117	44.0086787939	80
-117.01167661	44	80
-117.5	43.5709856451	80
-117.602896273	43.5	80
-118	43.1600806713	80
-118.278830186	43	80
-118.5	42.8605300039	80
-119	42.6300013065	80
-119.169965774	42.5	80
-119.5	42.3048735261	80
-120	42.0249213278	80
-120.053837955	42	80
-120.5	41.7672893554	80
-121	41.6401279569	80
-121.5	41.6444806457	80
-122	41.7599333227	80
-122.390070915	42	80
-122.5	42.0338746607	80
-122.909714282	42.5	80
-122.962687492	43	80
-122.97042346	43.5	80
-122.90716511	44	80
-122.656832695	44.5	80
-122.5	44.7393023223	80
-122.314891964	45	80
-122	45.3988556862	80
-121.885449171	45.5	80
-121.5	45.922819972	80
-121.377880752	46	80
-121.158679321	46.5	80
-121	46.8063918948	80
-120.885795861	47	80
-120.5	47.472690165	80
-120.473043114	47.5	80
-120	47.9278269112	80
-119.903952718	48	80
-119.5	48.2733824551	80
-119.089007601	48.5	80
-119	48.5453755669	80
-118.5	48.7370162457	80
-118	48.8773952425	80
-117.5	48.9827729166	80
-117.406145096	49	80
-117	49.0867334604	80
> 90 contour -Z90
-118	48.6177494526	90
-117.5	48.7633207142	90
-117	48.8748815954	90
-116.5	48.950966239	90
-116	48.9952931106	90
-115.5	48.9995548129	90
-115	48.9265055656	90
-114.5	48.709332034	90
-114.238488555	48.5	90
-114	48.0037521203	90
-113.998646801	48	90
-114	47.9927926175	90
-114.071276248	47.5	90
-114.301785633	47	90
-114.5	46.7225049734	90
-114.633144408	46.5	90
-115	46.0694149137	90
-115.051608145	46	90
-115.5	45.5325805247	90
-115.530304044	45.5	90
-116	45.0473578572	90
-116.051093787	45	90
-116.5	44.5983125865	90
-116.620773166	44.5	90
-117	44.1705958843	90
-117.229522526	44	90
-117.5	43.7623731941	90
-117.880319528	43.5	90
-118	43.397553958	90
-118.5	43.0894463658	90
-118.70033583	43	90
-119	42.8481609225	90
-119.455191121	42.5	90
-119.5	42.4735076018	90
-120	42.1128272116	90
-120.243742615	42	90
-120.5	41.8663404435	90
-121	41.7058232129	90
-121.5	41.7028495669	90
-122	41.8260673881	90
-122.282613367	42	90
-122.5	42.0669876635	90
-122.880608648	42.5	90
-122.937296212	43	90
-122.940719187	43.5	90
-122.86096248	44	90
-122.56397184	44.5	90
-122.5	44.597611092	90
-122.214284301	45	90
-122	45.2714217007	90
-121.741124034	45.5	90
-121.5	45.7645019293	90
-121.127379745	46	90
-121	46.2601288259	90
-120.839373708	46.5	90
-120.545497786	47	90
-120.5	47.0557454266	90
-120.061486669	47.5	90
-120	47.5556094162	90
-119.5	47.9337474704	90
-119.396290034	48	90
-119	48.2261645198	90
-118.5	48.4476719797	90
-118.344343126	48.5	90
-118	48.6177494526	90
> 100 contour -Z100
-117.5	48.5438685119	100
-117	48.685394302	100
-116.5	48.774649173	100
-116	48.8170018494	100
-115.5	48.7972322106	100
-115	48.6728143692	100
-114.677950144	48.5	100
-114.5	48.3123815954	100
-114.306860253	48	100
-114.313712224	47.5	100
-114.5	47.0764058232	100
-114.527588695	47	100
-114.82591179	46.5	100
-115	46.295669511	100
-115.219822377	46	100
-115.5	45.7079329789	100
-115.693404257	45.5	100
-116	45.2045361996	100
-116.220671535	45	100
-116.5	44.7500530779	100
-116.80718036	44.5	100
-117	44.3325129449	100
-117.447368421	44	100
-117.5	43.953760758	100
-118	43.5828017592	100
-118.166813284	43.5	100
-118.5	43.2816800922	100
-119	43.0310921073	100
-119.031264156	43	100
-119.5	42.5780361891	100
-119.599227726	42.5	100
-120	42.2007330954	100
-120.433647253	42	100
-120.5	41.9653915204	100
-121	41.771518454	100
-121.5	41.761218518	100
-122	41.8922014534	100
-122.175155818	42	100
-122.5	42.1001006961	100
-122.851503015	42.5	100
-122.911904931	43	100
-122.911014944	43.5	100
-122.81475988	44	100
-122.5	44.4781644344	100
-122.484380037	44.5	100
-122.113676637	45	100
-122	45.1439877152	100
-121.596798889	45.5	100
-121.5	45.6061839089	100
-121	45.9528120756	100
-120.894861788	46	100
-120.5	46.4974934757	100
-120.497486979	46.5	100
-120.146667749	47	100
-120	47.1485705376	100
-119.598205127	47.5	100
-119.5	47.5746553391	100
-119	47.9235633016	100
-118.859363228	48	100
-118.5	48.1924137175	100
-118	48.3935486972	100
-117.633909523	48.5	100
-117.5	48.5438685119	100
> 110 contour -Z110
-116.5	48.5983321071	110
-116	48.6387105882	110
-115.5	48.5949095786	110
-115.202310026	48.5	110
-115	48.3942969739	110
-114.619456053	48	110
-114.553608656	47.5	110
-114.726641178	47	110
-115	46.5329547524	110
-115.016364962	46.5	110
-115.388036631	46	110
-115.5	45.8832854331	110
-115.856504485	45.5	110
-116	45.3617145419	110
-116.390249282	45	110
-116.5	44.9017935619	110
-116.993587559	44.5	110
-117	44.4944300242	110
-117.5	44.0924742818	110
-117.644550741	44	110
-118	43.728425771	110
-118.460188866	43.5	110
-118.5	43.4739138372	110
-119	43.1333687901	110
-119.134106696	43	110
-119.5	42.6706167758	110
-119.716949552	42.5	110
-120	42.288639009	110
-120.5	42.0273756981	110
-120.603979468	42	110
-121	41.83721371	110
-121.5	41.8195874542	110
-122	41.9583355188	110
-122.067698285	42	110
-122.5	42.1332136989	110
-122.822397381	42.5	110
-122.88651365	43	110
-122.881310672	43.5	110
-122.76855728	44	110
-122.5	44.4079762101	110
-122.43417117	44.5	110
-122.013068972	45	110
-122	45.0165537205	110
-121.5	45.4747015238	110
-121.459302485	45.5	110
-121	45.8568040729	110
-120.680948898	46	110
-120.5	46.2279807776	110
-120.227275208	46.5	110
-120	46.7838677466	110
-119.809166223	47	110
-119.5	47.2835319638	110
-119.222420841	47.5	110
-119	47.6644556373	110
-118.5	47.9568433762	110
-118.402810752	48	110
-118	48.1987612098	110
-117.5	48.3731892407	110
-117	48.4968646169	110
-116.981356531	48.5	110
-116.5	48.5983321071	110
> 120 contour -Z120
-118	48.0039737225	120
-117.5	48.2146955878	120
-117	48.3517098725	120
-116.5	48.4341404438	120
-116	48.4611657262	120
-115.5	48.3758071065	120
-115	48.0627320334	120
-114.939456053	48	120
-114.78507936	47.5	120
-114.925693676	47	120
-115	46.873044461	120
-115.185249686	46.5	120
-115.5	46.0760657489	120
-115.548528492	46	120
-116	45.5185999572	120
-116.015814155	45.5	120
-116.5	45.04373914	120
-116.547832102	45	120
-117	44.6122607887	120
-117.145958036	44.5	120
-117.5	44.2144076526	120
-117.835150361	44	120
-118	43.8740497679	120
-118.5	43.589381367	120
-118.625297159	43.5	120
-119	43.235645473	120
-119.236949265	43	120
-119.5	42.7631973475	120
-119.834671393	42.5	120
-120	42.3765449002	120
-120.5	42.069453299	120
-120.763800457	42	120
-121	41.902908951	120
-121.5	41.8779563978	120
-121.924824297	42	120
-122	42.0062611401	120
-122.5	42.1663267314	120
-122.793291718	42.5	120
-122.86112237	43	120
-122.851606399	43.5	120
-122.72235468	44	120
-122.5	44.337787956	120
-122.383962303	44.5	120
-122	44.9489222169	120
-121.928080231	45	120
-121.5	45.3978765607	120
-121.335714459	45.5	120
-121	45.7607960999	120
-120.5	45.9889748991	120
-120.479277611	46	120
-120	46.4786597192	120
-119.976102442	46.5	120
-119.511174683	47	120
-119.5	47.0102481432	120
-119	47.4412511885	120
-118.907354802	47.5	120
-118.5	47.7815523744	120
-118.008053149	48	120
-118	48.0039737225	120
> 130 contour -Z130
-117.5	48.0562019348	130
-117	48.2065551281	130
-116.5	48.2852378786	130
-116	48.286236614	130
-115.5	48.1418780386	130
-115.286036804	48	130
-115.017169267	47.5	130
-115.113302678	47	130
-115.354134381	46.5	130
-115.5	46.3035349846	130
-115.69364953	46	130
-116	45.6733412147	130
-116.147379249	45.5	130
-116.5	45.1677163243	130
-116.683410615	45	130
-117	44.7285209298	130
-117.297115922	44.5	130
-117.5	44.3363410532	130
-118	44.0121691823	130
-118.021750301	44	130
-118.5	43.6927961409	130
-118.770266727	43.5	130
-119	43.3379221559	130
-119.339791834	43	130
-119.5	42.8557779342	130
-119.952393219	42.5	130
-120	42.4644507989	130
-120.5	42.1115309298	130
-120.923621438	42	130
-121	41.9686041959	130
-121.5	41.9363253415	130
-121.721646547	42	130
-122	42.0231832266	130
-122.5	42.1994397342	130
-122.764186084	42.5	130
-122.835731089	43	130
-122.821902156	43.5	130
-122.67615208	44	130
-122.5	44.2675997317	130
-122.333753437	44.5	130
-122	44.8902188838	130
-121.845423281	45	130
-121.5	45.3210515678	130
-121.212126464	45.5	130
-121	45.664788112	130
-120.5	45.9174298048	130
-120.344803959	46	130
-120	46.3443594575	130
-119.825708359	46.5	130
-119.5	46.846157521	130
-119.322167605	47	130
-119	47.2804277539	130
-118.653740749	47.5	130
-118.5	47.6062613502	130
-118	47.8674927056	130
-117.632888794	48	130
-117.5	48.0562019348	130
> 140 contour -Z140
-117	48.0614003837	140
-116.5	48.1363352835	140
-116	48.1113075018	140
-115.691056311	48	140
-115.5	47.8598846495	140
-115.257299989	47.5	140
-115.294095218	47	140
-115.5	46.553442806	140
-115.520465553	46.5	140
-115.838770539	46	140
-116	45.8280824572	140
-116.278944328	45.5	140
-116.5	45.2916935086	140
-116.818989143	45	140
-117	44.8447810858	140
-117.448273815	44.5	140
-117.5	44.4582744315	140
-118	44.1022446454	140
-118.182744652	44	140
-118.5	43.7962109149	140
-118.915236294	43.5	140
-119	43.4401988275	140
-119.442634389	43	140
-119.5	42.9483585209	140
-120	42.5296743214	140
-120.033734292	42.5	140
-120.5	42.1536085606	140
-121	42.0115168691	140
-121.425856598	42	140
-121.5	41.9946942832	140
-121.518468788	42	140
-122	42.0401052833	140
-122.5	42.2325527668	140
-122.735080451	42.5	140
-122.810339808	43	140
-122.792197883	43.5	140
-122.62994948	44	140
-122.5	44.1974114925	140
-122.28354457	44.5	140
-122	44.8315155208	140
-121.762766361	45	140
-121.5	45.2442265749	140
-121.088538468	45.5	140
-121	45.5687801316	140
-120.5	45.8458847404	140
-120.210330322	46	140
-120	46.210059166	140
-119.675314322	46.5	140
-119.5	46.686321184	140
-119.137406647	47	140
-119	47.1196043342	140
-118.5	47.4540693462	140
-118.406708926	47.5	140
-118	47.7322259545	140
-117.5	47.9220249355	140
-117.197959542	48	140
-117	48.0614003837	140
> 150 contour -Z150
-118	47.5969592035	150
-117.5	47.8012081981	150
-117	47.9260938168	150
-116.5	47.9866970181	150
-116	47.9171904624	150
-115.5	47.5038098095	150
-115.49743073	47.5	150
-115.474887777	47	150
-115.5	46.9455377199	150
-115.670615703	46.5	150
-115.983891558	46	150
-116	45.9828237109	150
-116.410509408	45.5	150
-116.5	45.4156706929	150
-116.954567667	45	150
-117	44.9610412456	150
-117.5	44.5589289367	150
-117.580739409	44.5	150
-118	44.1923201382	150
-118.343738988	44	150
-118.5	43.8996256888	150
-119	43.5264478624	150
-119.023390055	43.5	150
-119.5	43.0248298347	150
-119.524892479	43	150
-120	42.5794969797	150
-120.090373546	42.5	150
-120.5	42.1956861913	150
-121	42.0335756838	150
-121.5	42.0148226619	150
-122	42.0570273697	150
-122.5	42.2656657845	150
-122.705974817	42.5	150
-122.784948528	43	150
-122.76249361	43.5	150
-122.583746873	44	150
-122.5	44.1272232533	150
-122.233335689	44.5	150
-122	44.7728121579	150
-121.680109411	45	150
-121.5	45.1674015969	150
-121	45.4839877188	150
-120.965566665	45.5	150
-120.5	45.7743396461	150
-120.075856671	46	150
-120	46.0757588744	150
-119.524920261	46.5	150
-119.5	46.5264848452	150
-119	46.9727154374	150
-118.959309667	47	150
-118.5	47.3374349475	150
-118.16980949	47.5	150
-118	47.5969592035	150
> 160 contour -Z160
-117.5	47.6803914607	160
-117	47.7980069816	160
-116.5	47.8290776908	160
-116	47.6895036697	160
-115.771547094	47.5	160
-115.655472398	47	160
-115.820765838	46.5	160
-116	46.213424921	160
-116.116936773	46	160
-116.5	45.5494740009	160
-116.537200719	45.5	160
-117	45.0715962648	160
-117.072454482	45	160
-117.5	44.6485137939	160
-117.703480959	44.5	160
-118	44.2823956162	160
-118.5	44.0021142662	160
-118.502273679	44	160
-119	43.5901315808	160
-119.07971096	43.5	160
-119.5	43.0809805989	160
-119.581184834	43	160
-120	42.6293196082	160
-120.1470128	42.5	160
-120.5	42.2377637923	160
-121	42.0556344688	160
-121.5	42.031127423	160
-122	42.0739494562	160
-122.5	42.2987788022	160
-122.676869169	42.5	160
-122.759557247	43	160
-122.732789353	43.5	160
-122.537544269	44	160
-122.5	44.0570350103	160
-122.183126837	44.5	160
-122	44.7141087949	160
-121.597452477	45	160
-121.5	45.090576604	160
-121	45.4275268912	160
-120.844151437	45.5	160
-120.5	45.7027945518	160
-120	45.9748322964	160
-119.957932085	46	160
-119.5	46.4252325296	160
-119.402416468	46.5	160
-119	46.8662599623	160
-118.800549269	47	160
-118.5	47.2208005637	160
-118	47.4712364674	160
-117.920283705	47.5	160
-117.5	47.6803914607	160
> 170 contour -Z170
-117.5	47.5595747232	170
-117	47.6699201167	170
-116.5	47.6714583933	170
-116.06678617	47.5	170
-116	47.4220651686	170
-115.836023495	47	170
-115.970915971	46.5	170
-116	46.4534979388	170
-116.248474211	46	170
-116.5	45.7041769922	170
-116.65352577	45.5	170
-117	45.1792759597	170
-117.181424916	45	170
-117.5	44.7380986512	170
-117.826222479	44.5	170
-118	44.3724710941	170
-118.5	44.0740267038	170
-118.579608411	44	170
-119	43.6538152993	170
-119.136031866	43.5	170
-119.5	43.1371313632	170
-119.637477189	43	170
-120	42.6791422367	170
-120.203652054	42.5	170
-120.5	42.2798414379	170
-121	42.0776932538	170
-121.5	42.0474321842	170
-122	42.0908715427	170
-122.5	42.3318918198	170
-122.647763535	42.5	170
-122.734165981	43	170
-122.703085095	43.5	170
-122.5	43.9866606295	170
-122.495385885	44	170
-122.13291797	44.5	170
-122	44.6554054469	170
-121.514795536	45	170
-121.5	45.0137516214	170
-121	45.3710660934	170
-120.722736225	45.5	170
-120.5	45.6312494725	170
-120	45.9170949161	170
-119.861423731	46	170
-119.5	46.3356155455	170
-119.285451919	46.5	170
-119	46.759804517	170
-118.6417889	47	170
-118.5	47.1041661724	170
-118	47.3696703315	170
-117.638799742	47.5	170
-117.5	47.5595747232	170
> 180 contour -Z180
-117	47.5418332517	180
-116.5	47.5138390707	180
-116.465033635	47.5	180
-116.019416243	47	180
-116.11703831	46.5	180
-116.380011633	46	180
-116.5	45.8588800132	180
-116.769850835	45.5	180
-117	45.2869556695	180
-117.290395349	45	180
-117.5	44.8276835233	180
-117.948964011	44.5	180
-118	44.4625465721	180
-118.5	44.1459391415	180
-118.656943142	44	180
-119	43.7174990177	180
-119.192352772	43.5	180
-119.5	43.1932821274	180
-119.693769574	43	180
-120	42.728964895	180
-120.260291323	42.5	180
-120.5	42.3219190538	180
-121	42.0997520387	180
-121.5	42.0637369156	180
-122	42.1077935994	180
-122.5	42.3650048375	180
-122.618657887	42.5	180
-122.708774701	43	180
-122.673380822	43.5	180
-122.5	43.9154791832	180
-122.470764071	44	180
-122.082709096	44.5	180
-122	44.5967020839	180
-121.5	44.9699643552	180
-121.435790092	45	180
-121	45.3146052659	180
-120.601321012	45.5	180
-120.5	45.559704382	180
-120	45.8593575358	180
-119.764915377	46	180
-119.5	46.2459985763	180
-119.1684874	46.5	180
-119	46.6533490717	180
-118.5	46.9903222919	180
-118.48053956	47	180
-118	47.2681041658	180
-117.5	47.442802012	180
-117.195921049	47.5	180
-117	47.5418332517	180
> 190 contour -Z190
-118	47.1665380299	190
-117.5	47.329963237	190
-117	47.4006521702	190
-116.5	47.2912013233	190
-116.230922163	47	190
-116.262193054	46.5	190
-116.5	46.0254332423	190
-116.510918021	46	190
-116.886175893	45.5	190
-117	45.3946353719	190
-117.39936579	45	190
-117.5	44.9172683805	190
-118	44.5476967692	190
-118.064800173	44.5	190
-118.5	44.2178515792	190
-118.734277874	44	190
-119	43.7811827362	190
-119.248673648	43.5	190
-119.5	43.2494328916	190
-119.750061929	43	190
-120	42.7787875235	190
-120.316930577	42.5	190
-120.5	42.3639966846	190
-121	42.1218108237	190
-121.5	42.0800416768	190
-122	42.1247156858	190
-122.5	42.3981178477	190
-122.589552246	42.5	190
-122.68338342	43	190
-122.643676564	43.5	190
-122.5	43.8442977071	190
-122.446142256	44	190
-122.032500234	44.5	190
-122	44.5379987247	190
-121.5	44.933380127	190
-121.357580781	45	190
-121	45.2581444681	190
-120.5	45.4920938313	190
-120.484646082	45.5	190
-120	45.8016201556	190
-119.668407038	46	190
-119.5	46.1563816071	190
-119.051522862	46.5	190
-119	46.5468936153	190
-118.5	46.8997917771	190
-118.298496336	47	190
-118	47.1665380299	190
> 200 contour -Z200
-118	47.064971894	200
-117.5	47.2171244472	200
-117	47.253120333	200
-116.5	47.0623054579	200
-116.442428082	47	200
-116.407347791	46.5	200
-116.5	46.3151035607	200
-116.635268301	46	200
-117	45.5036383271	200
-117.002428144	45.5	200
-117.5	45.008533746	200
-117.508285671	45	200
-118	44.6293414235	200
-118.175721496	44.5	200
-118.5	44.289764002	200
-118.811612606	44	200
-119	43.8448664546	200
-119.304994568	43.5	200
-119.5	43.3055836558	200
-119.806354299	43	200
-120	42.828610152	200
-120.373569816	42.5	200
-120.5	42.4060743004	200
-121	42.1438696086	200
-121.5	42.0963464379	200
-122	42.1416377723	200
-122.5	42.4312308654	200
-122.560446609	42.5	200
-122.657992139	43	200
-122.613972299	43.5	200
-122.5	43.773116231	200
-122.421520472	44	200
-122	44.4899070263	200
-121.98425281	44.5	200
-121.5	44.8967959285	200
-121.27937147	45	200
-121	45.2016836405	200
-120.5	45.4443223774	200
-120.391873121	45.5	200
-120	45.7438827604	200
-119.571898691	46	200
-119.5	46.0667646229	200
-119	46.4539581835	200
-118.92963323	46.5	200
-118.5	46.8092612624	200
-118.116453111	47	200
-118	47.064971894	200
> 210 contour -Z210
-117.5	47.1042856574	210
-117	47.1055884957	210
-116.75209564	47	210
-116.559254348	46.5	210
-116.759618565	46	210
-117	45.6728660464	210
-117.11536631	45.5	210
-117.5	45.1200861037	210
-117.616595179	45	210
-118	44.7109860778	210
-118.286642835	44.5	210
-118.5	44.3616764396	210
-118.88894733	44	210
-119	43.908550173	210
-119.361315459	43.5	210
-119.5	43.3617344052	210
-119.862646669	43	210
-120	42.8784327954	210
-120.430209078	42.5	210
-120.5	42.4481519274	210
-121	42.1659284234	210
-121.5	42.1126511991	210
-122	42.158559829	210
-122.5	42.4643438831	210
-122.531340968	42.5	210
-122.632600859	43	210
-122.584268034	43.5	210
-122.5	43.7019347399	210
-122.396898657	44	210
-122	44.4612906277	210
-121.939605176	44.5	210
-121.5	44.86021173	210
-121.20116213	45	210
-121	45.1452228278	210
-120.5	45.3965509236	210
-120.299100131	45.5	210
-120	45.6861453652	210
-119.5	45.9840483367	210
-119.473278821	46	210
-119	46.3716672063	210
-118.803866059	46.5	210
-118.5	46.7187307328	210
-118	46.9621835947	210
-117.859751016	47	210
-117.5	47.1042856574	210
> 220 contour -Z220
-118.5	46.628200233	220
-118	46.8572253585	220
-117.5	46.9888857007	220
-117	46.9280143678	220
-116.723075897	46.5	220
-116.883968838	46	220
-117	45.8420937359	220
-117.228304505	45.5	220
-117.5	45.2316384315	220
-117.724904686	45	220
-118	44.7926307321	220
-118.39756415	44.5	220
-118.5	44.4335888624	220
-118.966282055	44	220
-119	43.9722338933	220
-119.417636357	43.5	220
-119.5	43.4178851694	220
-119.918939024	43	220
-120	42.9282554314	220
-120.48684833	42.5	220
-120.5	42.4902295498	220
-121	42.1879872084	220
-121.5	42.1289559603	220
-122	42.1754819155	220
-122.5	42.4974569024	220
-122.502235329	42.5	220
-122.607209578	43	220
-122.554563772	43.5	220
-122.5	43.6307532787	220
-122.372276843	44	220
-122	44.4326742291	220
-121.894957513	44.5	220
-121.5	44.8236275315	220
-121.122952819	45	220
-121	45.0887620077	220
-120.5	45.3487794697	220
-120.206327155	45.5	220
-120	45.628407985	220
-119.5	45.921492815	220
-119.368489951	46	220
-119	46.2893761992	220
-118.678098857	46.5	220
-118.5	46.628200233	220
> 230 contour -Z230
-118.5	46.5376697183	230
-118	46.7522671223	230
-117.5	46.8422580957	230
-117	46.6748114526	230
-116.886897475	46.5	230
-117	46.0441704094	230
-117.009220541	46	230
-117.341242701	45.5	230
-117.5	45.3431907892	230
-117.833214179	45	230
-118	44.8742753863	230
-118.5	44.5064342022	230
-118.505203575	44.5	230
-119	44.0359776318	230
-119.027593493	44	230
-119.473957255	43.5	230
-119.5	43.474035928	230
-119.975231394	43	230
-120	42.9780780692	230
-120.5	42.5199959278	230
-120.52759406	42.5	230
-121	42.2100459933	230
-121.5	42.1452606916	230
-122	42.192404002	230
-122.475832969	42.5	230
-122.5	42.6113496423	230
-122.581818298	43	230
-122.524859508	43.5	230
-122.5	43.5595717989	230
-122.347655028	44	230
-122	44.4040578306	230
-121.850309879	44.5	230
-121.5	44.7870433331	230
-121.044743497	45	230
-121	45.032301195	230
-120.5	45.3010079861	230
-120.113554172	45.5	230
-120	45.5706705973	230
-119.5	45.8589372933	230
-119.263701081	46	230
-119	46.207085222	230
-118.552331671	46.5	230
-118.5	46.5376697183	230
> 240 contour -Z240
-118	46.6473089159	240
-117.5	46.6956304759	240
-117.094171882	46.5	240
-117.147045076	46	240
-117.4541809	45.5	240
-117.5	45.4547431357	240
-117.941523679	45	240
-118	44.9559200332	240
-118.5	44.5905412734	240
-118.573224306	44.5	240
-119	44.0997678041	240
-119.076518118	44	240
-119.5	43.5292384028	240
-119.52224654	43.5	240
-120	43.0231305659	240
-120.015563279	43	240
-120.5	42.5460390747	240
-120.563533217	42.5	240
-121	42.2321047783	240
-121.5	42.1615654528	240
-122	42.2093260884	240
-122.449655533	42.5	240
-122.5	42.7319623828	240
-122.556427021	43	240
-122.5	43.4658129215	240
-122.497296482	43.5	240
-122.323033214	44	240
-122	44.375441432	240
-121.805662245	44.5	240
-121.5	44.7504591048	240
-121	44.986261189	240
-120.962654203	45	240
-120.5	45.2532365322	240
-120.020781199	45.5	240
-120	45.5129332067	240
-119.5	45.7963817716	240
-119.158912227	46	240
-119	46.1247942299	240
-118.5	46.439288348	240
-118.353099465	46.5	240
-118	46.6473089159	240
> 250 contour -Z250
-118	46.5423506796	250
-117.5	46.5490028746	250
-117.398345366	46.5	250
-117.284869581	46	250
-117.5	45.6378756762	250
-117.5765751	45.5	250
-118	45.0614072382	250
-118.053148925	45	250
-118.5	44.6746483743	250
-118.641245037	44.5	250
-119	44.1635579467	250
-119.125442743	44	250
-119.5	43.5836252272	250
-119.56362766	43.5	250
-120	43.0644351542	250
-120.043354779	43	250
-120.5	42.5720822513	250
-120.599472374	42.5	250
-121	42.2541635782	250
-121.5	42.177870214	250
-122	42.2262481451	250
-122.423478067	42.5	250
-122.5	42.8525751382	250
-122.53103574	43	250
-122.5	43.2562043667	250
-122.480720431	43.5	250
-122.298411399	44	250
-122	44.3468250334	250
-121.761014581	44.5	250
-121.5	44.7138749063	250
-121	44.9541537166	250
-120.875377446	45	250
-120.5	45.2054650784	250
-120	45.4621345401	250
-119.914043337	45.5	250
-119.5	45.7338262498	250
-119.054123376	46	250
-119	46.0425032414	250
-118.5	46.3353122771	250
-118.101514593	46.5	250
-118	46.5423506796	250
> 260 contour -Z260
-118.5	46.231336236	260
-118	46.4011173248	260
-117.5	46.228621617	260
-117.422694109	46	260
-117.5	45.8698726743	260
-117.705424517	45.5	260
-118	45.1948722601	260
-118.168665022	45	260
-118.5	44.7587554902	260
-118.709265769	44.5	260
-119	44.2273480892	260
-119.174367368	44	260
-119.5	43.6380120516	260
-119.605008811	43.5	260
-120	43.1057397127	260
-120.071146309	43	260
-120.5	42.5981253982	260
-120.635411531	42.5	260
-121	42.2762223631	260
-121.5	42.1941749752	260
-122	42.2431702316	260
-122.397300601	42.5	260
-122.5	42.9731878825	260
-122.505644461	43	260
-122.5	43.0465958118	260
-122.464144379	43.5	260
-122.273789585	44	260
-122	44.3182086349	260
-121.716366947	44.5	260
-121.5	44.6772907078	260
-121	44.9220462441	260
-120.78810069	45	260
-120.5	45.1576936245	260
-120	45.41333884	260
-119.803274363	45.5	260
-119.5	45.671270743	260
-119	45.9556803703	260
-118.910740525	46	260
-118.5	46.231336236	260
> 270 contour -Z270
-118.5	46.1273601949	270
-118	46.235345751	270
-117.618113726	46	270
-117.834273905	45.5	270
-118	45.3283372819	270
-118.284181118	45	270
-118.5	44.8428625911	270
-118.7772865	44.5	270
-119	44.2911382467	270
-119.223292023	44	270
-119.5	43.692398876	270
-119.646389931	43.5	270
-120	43.1470442712	270
-120.098937809	43	270
-120.5	42.624168545	270
-120.671350718	42.5	270
-121	42.2982811481	270
-121.5	42.2104797363	270
-122	42.2600923032	270
-122.371123135	42.5	270
-122.48815161	43	270
-122.447568327	43.5	270
-122.249167785	44	270
-122	44.2895922363	270
-121.671719298	44.5	270
-121.5	44.6407065094	270
-121	44.8899387717	270
-120.700823918	45	270
-120.5	45.1099221706	270
-120	45.3645431101	270
-119.692505375	45.5	270
-119.5	45.6087152213	270
-119	45.8640163243	270
-118.726129696	46	270
-118.5	46.1273601949	270
> 280 contour -Z280
-118.5	46.0233841538	280
-118	46.0695741773	280
-117.88710472	46	280
-117.963123307	45.5	280
-118	45.461802315	280
-118.399697214	45	280
-118.5	44.9269696847	280
-118.845307231	44.5	280
-119	44.3549284041	280
-119.272216633	44	280
-119.5	43.7467857301	280
-119.687771082	43.5	280
-120	43.1883488297	280
-120.126729339	43	280
-120.5	42.6502117217	280
-120.707289875	42.5	280
-121	42.3203399479	280
-121.5	42.2267844677	280
-122	42.2770143896	280
-122.344945669	42.5	280
-122.472916424	43	280
-122.430992275	43.5	280
-122.224545985	44	280
-122	44.2609758377	280
-121.627071649	44.5	280
-121.5	44.604122296	280
-121	44.8578313291	280
-120.613547154	45	280
-120.5	45.0621507131	280
-120	45.3157473803	280
-119.581736401	45.5	280
-119.5	45.5461597033	280
-119	45.7723522782	280
-118.541518848	46	280
-118.5	46.0233841538	280
> 290 contour -Z290
-119	45.6806882322	290
-118.5	45.8370474577	290
-118.1540353	45.5	290
-118.5	45.0379556715	290
-118.514482886	45	290
-118.913327955	44.5	290
-119	44.4187185615	290
-119.321141273	44	290
-119.5	43.8011725545	290
-119.729152203	43.5	290
-120	43.2296533883	290
-120.154520839	43	290
-120.5	42.6762548685	290
-120.743229032	42.5	290
-121	42.3423987329	290
-121.5	42.2430892289	290
-122	42.2939364612	290
-122.318768203	42.5	290
-122.457681268	43	290
-122.414416224	43.5	290
-122.199924171	44	290
-122	44.2323594242	290
-121.582424007	44.5	290
-121.5	44.5675380975	290
-121	44.8257238567	290
-120.526270391	45	290
-120.5	45.0143792555	290
-120	45.2669516802	290
-119.5	45.4809785485	290
-119.441320002	45.5	290
-119	45.6806882322	290
> 300 contour -Z300
-119	45.5890241861	300
-118.5	45.6268134415	300
-118.369831473	45.5	300
-118.5	45.3261567503	300
-118.6244528	45	300
-118.981348686	44.5	300
-119	44.4825087115	300
-119.370065898	44	300
-119.5	43.8555593789	300
-119.770533338	43.5	300
-120	43.2709579617	300
-120.182312369	43	300
-120.5	42.7022980452	300
-120.779168189	42.5	300
-121	42.3644575179	300
-121.5	42.25939399	300
-122	42.3108585477	300
-122.292590737	42.5	300
-122.442446083	43	300
-122.397840142	43.5	300
-122.175302356	44	300
-122	44.2037430257	300
-121.537776366	44.5	300
-121.5	44.5309538897	300
-121	44.7936163843	300
-120.5	44.9748440087	300
-120.432395935	45	300
-120	45.2181559503	300
-119.5	45.4084053934	300
-119.217436135	45.5	300
-119	45.5890241861	300
> 310 contour -Z310
-120	45.1693602204	310
-119.5	45.3358322382	310
-119	45.4941076636	310
-118.734422714	45	310
-119	44.6155437827	310
-119.050229043	44.5	310
-119.41899053	44	310
-119.5	43.9099462107	310
-119.811914474	43.5	310
-120	43.3122625202	310
-120.210103899	43	310
-120.5	42.728341192	310
-120.815107346	42.5	310
-121	42.3865163177	310
-121.5	42.2756987512	310
-122	42.3277806193	310
-122.266413271	42.5	310
-122.427210927	43	310
-122.381264091	43.5	310
-122.150680542	44	310
-122	44.1751266271	310
-121.5	44.4965258539	310
-121.490727454	44.5	310
-121	44.7615089118	310
-120.5	44.9388554394	310
-120.335680395	45	310
-120	45.1693602204	310
> 320 contour -Z320
-120	45.1205644906	320
-119.5	45.263259083	320
-119	45.2895081639	320
-118.844392642	45	320
-119	44.7747389376	320
-119.119434148	44.5	320
-119.467915159	44	320
-119.5	43.9643330425	320
-119.853295609	43.5	320
-120	43.3535670787	320
-120.237895399	43	320
-120.5	42.7543843538	320
-120.851046503	42.5	320
-121	42.4085751027	320
-121.5	42.2920034975	320
-122	42.3447027057	320
-122.24023582	42.5	320
-122.411975741	43	320
-122.364688039	43.5	320
-122.126058742	44	320
-122	44.1465102285	320
-121.5	44.4739518762	320
-121.430477053	44.5	320
-121	44.7294014394	320
-120.5	44.9028668702	320
-120.238964841	45	320
-120	45.1205644906	320
> 330 contour -Z330
-120	45.0717687905	330
-119.5	45.1906859279	330
-119	45.0849086642	330
-118.954362553	45	330
-119	44.9339341074	330
-119.188639283	44.5	330
-119.5	44.0355334878	330
-119.516996622	44	330
-119.894676752	43.5	330
-120	43.3948716447	330
-120.265686929	43	330
-120.5	42.7804275155	330
-120.886985667	42.5	330
-121	42.4306338951	330
-121.5	42.3083082587	330
-122	42.3616247773	330
-122.214058354	42.5	330
-122.396740586	43	330
-122.348111987	43.5	330
-122.101436928	44	330
-122	44.1178938374	330
-121.5	44.4513779283	330
-121.370226651	44.5	330
-121	44.697293967	330
-120.5	44.8668783009	330
-120.142249301	45	330
-120	45.0717687905	330
> 340 contour -Z340
-120	45.0229730606	340
-119.5	45.1181127727	340
-119.132203519	45	340
-119.257844388	44.5	340
-119.5	44.1387689114	340
-119.566376925	44	340
-119.936057888	43.5	340
-120	43.4361762106	340
-120.293478444	43	340
-120.5	42.8064706624	340
-120.922924824	42.5	340
-121	42.4526926875	340
-121.5	42.3246130198	340
-122	42.3785468563	340
-122.187880889	42.5	340
-122.3815054	43	340
-122.331535935	43.5	340
-122.076815121	44	340
-122	44.0892774314	340
-121.5	44.4288039505	340
-121.30997625	44.5	340
-121	44.6651864946	340
-120.5	44.8308897316	340
-120.045533754	45	340
-120	45.0229730606	340
> 350 contour -Z350
-119.5	45.0455396175	350
-119.358192235	45	350
-119.327049509	44.5	350
-119.5	44.2420043647	350
-119.615757197	44	350
-119.977439022	43.5	350
-120	43.4774807692	350
-120.321269959	43	350
-120.5	42.8325138241	350
-120.958863985	42.5	350
-121	42.4747514762	350
-121.5	42.3409177661	350
-122	42.3954689354	350
-122.161703423	42.5	350
-122.366270244	43	350
-122.314959884	43.5	350
-122.05219331	44	350
-122	44.0606610365	350
-121.5	44.4062299728	350
-121.249725848	44.5	350
-121	44.6330790371	350
-120.5	44.7949011624	350
-120	44.9679537416	350
-119.771245837	45	350
-119.5	45.0455396175	350
> 360 contour -Z360
-121	44.6009715497	360
-120.5	44.7589125633	360
-120	44.9073975682	360
-119.5	44.9004860818	360
-119.396254629	44.5	360
-119.5	44.3452397883	360
-119.6651375	44	360
-120	43.5314258039	360
-120.012304276	43.5	360
-120.349061474	43	360
-120.5	42.8585569859	360
-120.994803146	42.5	360
-121	42.4968102672	360
-121.5	42.3572225273	360
-122	42.4123910144	360
-122.135525972	42.5	360
-122.351035088	43	360
-122.298383832	43.5	360
-122.027571497	44	360
-122	44.0320446379	360
-121.5	44.3836559951	360
-121.189475447	44.5	360
-121	44.6009715497	360
> 370 contour -Z370
-121	44.5688641071	370
-120.5	44.7229239941	370
-120	44.8468414247	370
-119.5	44.6333350241	370
-119.465459745	44.5	370
-119.5	44.448475223	370
-119.714517802	44	370
-120	43.6005237997	370
-120.039358497	43.5	370
-120.376852997	43	370
-120.5	42.8846001476	370
-121	42.5160099566	370
-121.049662024	42.5	370
-121.5	42.3735272884	370
-122	42.4293130934	370
-122.109348506	42.5	370
-122.335799903	43	370
-122.28180778	43.5	370
-122.002949688	44	370
-122	44.0034282389	370
-121.5	44.3610820174	370
-121.129225045	44.5	370
-121	44.5688641071	370
> 380 contour -Z380
-121	44.5367566347	380
-120.5	44.6869354248	380
-120	44.7862852812	380
-119.547900945	44.5	380
-119.763898075	44	380
-120	43.6696217954	380
-120.066412717	43.5	380
-120.404644512	43	380
-120.5	42.9106433019	380
-121	42.5347263217	380
-121.107719213	42.5	380
-121.5	42.3898320347	380
-122	42.4462351725	380
-122.08317104	42.5	380
-122.320564747	43	380
-122.265231729	43.5	380
-122	43.9739294052	380
-121.972278386	44	380
-121.5	44.3385080397	380
-121.068974644	44.5	380
-121	44.5367566347	380
> 390 contour -Z390
-121	44.5046491623	390
-120.5	44.6509468555	390
-120	44.7257291228	390
-119.643530667	44.5	390
-119.813278362	44	390
-120	43.7387197912	390
-120.093466967	43.5	390
-120.432436027	43	390
-120.5	42.9366864637	390
-121	42.553442657	390
-121.165776402	42.5	390
-121.5	42.4061367959	390
-122	42.4631572515	390
-122.056993581	42.5	390
-122.305329561	43	390
-122.248655677	43.5	390
-122	43.9443104863	390
-121.940783709	44	390
-121.5	44.3159340918	390
-121.008724246	44.5	390
-121	44.5046491623	390
> 400 contour -Z400
-120.5	44.6149582863	400
-120	44.6651729643	400
-119.739160389	44.5	400
-119.862658665	44	400
-120	43.8078178018	400
-120.120521188	43.5	400
-120.460227545	43	400
-120.5	42.9627296217	400
-121	42.5721590221	400
-121.223833591	42.5	400
-121.5	42.4224415496	400
-122	42.4800793268	400
-122.030816117	42.5	400
-122.290094405	43	400
-122.232079625	43.5	400
-122	43.9146915674	400
-121.909289032	44	400
-121.5	44.2933601141	400
-121	44.4785857201	400
-120.894406676	44.5	400
-120.5	44.6149582863	400
> 410 contour -Z410
-120.5	44.578969717	410
-120	44.6046168134	410
-119.834790096	44.5	410
-119.912038945	44	410
-120	43.8769158125	410
-120.147575408	43.5	410
-120.488019064	43	410
-120.5	42.9887727825	410
-121	42.5908753872	410
-121.281890795	42.5	410
-121.5	42.438746307	410
-122	42.4970014028	410
-122.004638655	42.5	410
-122.27485922	43	410
-122.215503573	43.5	410
-122	43.8850726187	410
-121.877794385	44	410
-121.5	44.2707861364	410
-121	44.4535456598	410
-120.770934641	44.5	410
-120.5	44.578969717	410
> 420 contour -Z420
-120.5	44.542981118	420
-120	44.5440606624	420
-119.93041981	44.5	420
-119.961419236	44	420
-120	43.946013812	420
-120.174629629	43.5	420
-120.5	43.0225834548	420
-120.51327461	43	420
-121	42.6095917523	420
-121.339947984	42.5	420
-121.5	42.4550510608	420
-121.88507098	42.5	420
-122	42.523029685	420
-122.259624064	43	420
-122.198927507	43.5	420
-122	43.8554536998	420
-121.846299708	44	420
-121.5	44.2482121587	420
-121	44.4285055995	420
-120.647462577	44.5	420
-120.5	44.542981118	420
> 430 contour -Z430
-120.5	44.5069925487	430
-120.291836679	44.5	430
-120.009411603	44	430
-120.201683879	43.5	430
-120.5	43.0622801781	430
-120.536608458	43	430
-121	42.6283081174	430
-121.398005173	42.5	430
-121.5	42.4713558163	430
-121.745390519	42.5	430
-122	42.5510190725	430
-122.244388893	43	430
-122.182351455	43.5	430
-122	43.8258347809	430
-121.814805031	44	430
-121.5	44.225638181	430
-121	44.4034655392	430
-120.523990534	44.5	430
-120.5	44.5069925487	430
> 440 contour -Z440
-121.5	44.2030642033	440
-121	44.3784254789	440
-120.5	44.4640495181	440
-120.05244568	44	440
-120.228738099	43.5	440
-120.5	43.1019769013	440
-120.559942305	43	440
-121	42.6470244527	440
-121.456062358	42.5	440
-121.5	42.4876605719	440
-121.605710067	42.5	440
-122	42.5790084898	440
-122.229153723	43	440
-122.165775403	43.5	440
-122	43.796215862	440
-121.783310354	44	440
-121.5	44.2030642033	440
> 450 contour -Z450
-121.5	44.1804902256	450
-121	44.3533854187	450
-120.5	44.4194293618	450
-120.095479727	44	450
-120.255792335	43.5	450
-120.5	43.1416736245	450
-120.583276153	43	450
-121	42.6657408178	450
-121.5	42.5045737028	450
-122	42.6069979072	450
-122.213918552	43	450
-122.149199352	43.5	450
-122	43.7665969133	450
-121.751815677	44	450
-121.5	44.1804902256	450
> 460 contour -Z460
-121.5	44.1579162776	460
-121	44.3283453286	460
-120.5	44.3748092353	460
-120.138513803	44	460
-120.282846555	43.5	460
-120.5	43.1813703179	460
-120.60661	43	460
-121	42.6844571829	460
-121.5	42.5233799517	460
-122	42.6349872947	460
-122.198683381	43	460
-122.1326233	43.5	460
-122	43.7369779944	460
-121.720321015	44	460
-121.5	44.1579162776	460
> 470 contour -Z470
-121.5	44.1353422999	470
-121	44.3033052683	470
-120.5	44.330189079	470
-120.18154788	44	470
-120.30990079	43.5	470
-120.5	43.2210670412	470
-120.629943877	43	470
-121	42.703173548	470
-121.5	42.5421862006	470
-122	42.662976712	470
-122.18344821	43	470
-122.116047248	43.5	470
-122	43.7073590606	470
-121.688826352	44	470
-121.5	44.1353422999	470
> 480 contour -Z480
-121.5	44.1127683222	480
-121	44.278265208	480
-120.5	44.2855689228	480
-120.224581957	44	480
-120.336955011	43.5	480
-120.5	43.2607637793	480
-120.653277725	43	480
-121	42.7218899131	480
-121.5	42.5609924495	480
-122	42.6909661293	480
-122.16821304	43	480
-122.099471197	43.5	480
-122	43.6777401417	480
-121.657331675	44	480
-121.5	44.1127683222	480
> 490 contour -Z490
-121.5	44.0901943445	490
-121	44.2532251477	490
-120.5	44.2409487814	490
-120.267616019	44	490
-120.364009246	43.5	490
-120.5	43.3004605025	490
-120.676611573	43	490
-121	42.7406062782	490
-121.5	42.5797986984	490
-122	42.7189555168	490
-122.152977869	43	490
-122.082895137	43.5	490
-122	43.648121208	490
-121.625837013	44	490
-121.5	44.0901943445	490
> 500 contour -Z500
-121.5	44.0676203668	500
-121	44.2281850874	500
-120.5	44.19632864	500
-120.310650095	44	500
-120.391063467	43.5	500
-120.5	43.3401572108	500
-120.69994542	43	500
-121	42.7593226284	500
-121.5	42.5986049473	500
-122	42.7469449341	500
-122.137742698	43	500
-122.066319086	43.5	500
-122	43.6185022816	500
-121.594342336	44	500
-121.5	44.0676203668	500
> 510 contour -Z510
-121.5	44.0450463891	510
-121	44.2031450123	510
-120.5	44.1517084986	510
-120.353684157	44	510
-120.418117695	43.5	510
-120.5	43.3798539415	510
-120.723279268	43	510
-121	42.7780389786	510
-121.5	42.6174111962	510
-122	42.7749343514	510
-122.122507535	43	510
-122.049743034	43.5	510
-122	43.5888833553	510
-121.562847666	44	510
-121.5	44.0450463891	510
> 520 contour -Z520
-121.5	44.0224724412	520
-121	44.178104952	520
-120.5	44.1070883498	520
-120.396718234	44	520
-120.445171926	43.5	520
-120.5	43.4195506573	520
-120.746613115	43	520
-121	42.7967553437	520
-121.5	42.6362174749	520
-122	42.8029237539	520
-122.107272364	43	520
-122.033166979	43.5	520
-122	43.5592644289	520
-121.531352997	44	520
-121.5	44.0224724412	520
> 530 contour -Z530
-121	44.1530648768	530
-120.5	44.0624682046	530
-120.439752303	44	530
-120.472226154	43.5	530
-120.5	43.4592473805	530
-120.769946963	43	530
-121	42.8154717088	530
-121.5	42.6550237238	530
-122	42.8309131563	530
-122.092037193	43	530
-122.016590925	43.5	530
-122	43.5296455026	530
-121.5	43.999871254	530
-121.499632329	44	530
-121	44.1530648768	530
> 540 contour -Z540
-121	44.1280248165	540
-120.5	44.0178480577	540
-120.482786372	44	540
-120.499280381	43.5	540
-120.5	43.4989441021	540
-120.79328081	43	540
-121	42.834188059	540
-121.5	42.6738299727	540
-122	42.8589025736	540
-122.07680203	43	540
-122.000014872	43.5	540
-122	43.5000265746	540
-121.5	43.9712501168	540
-121.417896897	44	540
-121	44.1280248165	540
> 550 contour -Z550
-121	44.1029847562	550
-120.563656449	44	550
-120.531924009	43.5	550
-120.816614658	43	550
-121	42.8529044241	550
-121.5	42.6926362216	550
-122	42.886891976	550
-122.061566859	43	550
-122	43.4008866549	550
-121.969658345	43.5	550
-121.5	43.9426289499	550
-121.336161435	44	550
-121	44.1029847562	550
> 560 contour -Z560
-121	44.0779446959	560
-120.669750512	44	560
-120.564720333	43.5	560
-120.839948505	43	560
-121	42.8716207892	560
-121.5	42.7114424706	560
-122	42.9148813859	560
-122.046331689	43	560
-122	43.30168432	560
-121.939289421	43.5	560
-121.5	43.9140078127	560
-121.254426003	44	560
-121	44.0779446959	560
> 570 contour -Z570
-121	44.0529046357	570
-120.775844559	44	570
-120.597516686	43.5	570
-120.863282353	43	570
-121	42.8903371394	570
-121.5	42.7302487195	570
-122	42.9428707883	570
-122.03109652	43	570
-122	43.202482	570
-121.908920497	43.5	570
-121.5	43.8853866458	570
-121.17269057	44	570
-121	44.0529046357	570
> 580 contour -Z580
-121	44.0278645754	580
-120.881938629	44	580
-120.630313039	43.5	580
-120.886616208	43	580
-121	42.9090535045	580
-121.5	42.7490549684	580
-122	42.9708601981	580
-122.015861351	43	580
-122	43.1032796577	580
-121.878551573	43.5	580
-121.5	43.8567655087	580
-121.090955123	44	580
-121	44.0278645754	580
> 590 contour -Z590
-121	44.0028244853	590
-120.988032688	44	590
-120.663109392	43.5	590
-120.909950055	43	590
-121	42.9277698621	590
-121.5	42.7678612322	590
-122	42.9988496053	590
-122.000626182	43	590
-122	43.0040773228	590
-121.848182678	43.5	590
-121.5	43.8281443417	590
-121.009219682	44	590
-121	44.0028244853	590
> 600 contour -Z600
-121.5	43.7995232046	600
-121	43.9563359618	600
-120.695905745	43.5	600
-120.933283903	43	600
-121	42.9464862235	600
-121.5	42.7866674811	600
-121.961028606	43	600
-121.817813754	43.5	600
-121.5	43.7995232046	600
> 610 contour -Z610
-121.5	43.7709020525	610
-121	43.9071204364	610
-120.728702098	43.5	610
-120.956617754	43	610
-121	42.9652025811	610
-121.5	42.8054737449	610
-121.920386791	43	610
-121.78744483	43.5	610
-121.5	43.7709020525	610
> 620 contour -Z620
-121.5	43.7422809005	620
-121	43.8579049408	620
-120.761498436	43.5	620
-120.979951603	43	620
-121	42.9839189406	620
-121.5	42.8242799938	620
-121.879744977	43	620
-121.757075906	43.5	620
-121.5	43.7422809005	620
> 630 contour -Z630
-121.5	43.7136597633	630
-121	43.8086894453	630
-120.794294789	43.5	630
-121	43.0109778643	630
-121.008297592	43	630
-121.5	42.8430862427	630
-121.839103162	43	630
-121.726706997	43.5	630
-121.5	43.7136597633	630
> 640 contour -Z640
-121.5	43.6850385964	640
-121	43.7594739199	640
-120.827091143	43.5	640
-121	43.0889444947	640
-121.067228556	43	640
-121.5	42.8618924916	640
-121.798461348	43	640
-121.696338087	43.5	640
-121.5	43.6850385964	640
> 650 contour -Z650
-121.5	43.6564174592	650
-121	43.7102584243	650
-120.859887481	43.5	650
-121	43.1669110954	650
-121.126159549	43	650
-121.5	42.8806987479	650
-121.757819533	43	650
-121.665969163	43.5	650
-121.5	43.6564174592	650
> 660 contour -Z660
-121.5	43.6277962923	660
-121	43.6610429138	660
-120.892683834	43.5	660
-121	43.2448777258	660
-121.185090512	43	660
-121.5	42.8995050043	660
-121.717177719	43	660
-121.635600254	43.5	660
-121.5	43.6277962923	660
> 670 contour -Z670
-121.5	43.5991751552	670
-121	43.6118274033	670
-120.925480187	43.5	670
-121	43.3228443563	670
-121.244021475	43	670
-121.5	42.9183112606	670
-121.676535904	43	670
-121.605231337	43.5	670
-121.5	43.5991751552	670
> 680 contour -Z680
-121.5	43.5705539882	680
-121	43.5626118928	680
-120.958276533	43.5	680
-121	43.4008109793	680
-121.302952453	43	680
-121.5	42.9371175095	680
-121.63589409	43	680
-121.574862421	43.5	680
-121.5	43.5705539882	680
> 690 contour -Z690
-121.5	43.5419328511	690
-121	43.513396387	690
-120.991072884	43.5	690
-121	43.4787776023	690
-121.361883417	43	690
-121.5	42.9559237622	690
-121.595252268	43	690
-121.544493504	43.5	690
-121.5	43.5419328511	690
> 700 contour -Z700
-121.5	43.5133117139	700
-121.305055127	43.5	700
-121.420814388	43	700
-121.5	42.9747300167	700
-121.554610454	43	700
-121.514124586	43.5	700
-121.5	43.5133117139	700
> 710 contour -Z710
-121.5	43.1955956817	710
-121.479745356	43	710
-121.5	42.9935362688	710
-121.513968639	43	710
-121.5	43.1955956817	710
