> 10 contour -Z10
-112.5	53.5602635741	10
-112	53.5949243456	10
-111.5	53.5787255839	10
-111.02236414	53.5	10
-111	53.4957882166	10
-110.5	53.2797308266	10
-110.120304734	53	10
-110	52.8850628436	10
-109.646482825	52.5	10
-109.5	52.3762225807	10
-109	52.0596964993	10
-108.86788328	52	10
-108.5	51.8936709464	10
-108	51.7406724691	10
-107.5	51.5672289431	10
-107.323490217	51.5	10
-107	51.3218772709	10
-106.558763981	51	10
-106.5	50.8338106275	10
-106.404586464	50.5	10
-106.5	50.3765891194	10
-106.724573702	50	10
-107	49.7756047845	10
-107.291349277	49.5	10
-107.5	49.369999975	10
-108	49.0045343637	10
-108.005183429	49	10
-108.5	48.7045238316	10
-108.80150938	48.5	10
-109	48.3841900751	10
-109.5	48.0867142081	10
-109.63658613	48	10
-110	47.7811199874	10
-110.47426153	47.5	10
-110.5	47.4842773229	10
-111	47.1653624475	10
-111.258899644	47	10
-111.5	46.8343918473	10
-112	46.5125000179	10
-112.01778841	46.5	10
-112.5	46.1333147287	10
-112.68206054	46	10
-113	45.7317641675	10
-113.296140432	45.5	10
-113.5	45.3063572645	10
-113.850044593	45	10
-114	44.8459601849	10
-114.352413163	44.5	10
-114.5	44.3417104334	10
-114.816246212	44	10
-115	43.8029287457	10
-115.275694594	43.5	10
-115.5	43.261183247	10
-115.751388893	43	10
-116	42.7321696281	10
-116.235279262	42.5	10
-116.5	42.20886603	10
-116.711214155	42	10
-117	41.6904187799	10
-117.190648586	41.5	10
-117.5	41.2102288902	10
-117.746439189	41	10
-118	40.7939434648	10
-118.477899378	40.5	10
-118.5	40.4854634665	10
-119	40.2190100849	10
-119.5	40.0519516766	10
-119.730230689	40	10
-120	39.9180430695	10
-120.5	39.83249484	10
-121	39.8223982155	10
-121.5	39.8814707696	10
-121.923143148	40	10
-122	40.0185533166	10
-122.5	40.2317889333	10
-122.867792845	40.5	10
-123	40.588062644	10
-123.389724582	41	10
-123.5	41.1241531968	10
-123.781848401	41.5	10
-124	41.9142857268	10
-124.062499985	42	10
-124.405314356	42.5	10
-124.5	42.6848739386	10
-124.728658572	43	10
-124.945584804	43.5	10
-125	43.6954684258	10
-125.14486666	44	10
-125.298224211	44.5	10
-125.369897932	45	10
-125.3701621	45.5	10
-125.316313446	46	10
-125.194613814	46.5	10
-125	46.9823678434	10
-124.992595226	47	10
-124.74428679	47.5	10
-124.5	47.9105958939	10
-124.442084849	48	10
-124.049226809	48.5	10
-124	48.5552342311	10
-123.578399174	49	10
-123.5	49.0731084347	10
-123.015098735	49.5	10
-123	49.5126152476	10
-122.5	49.8997655809	10
-122.339887708	50	10
-122	50.2226082832	10
-121.5	50.4898424447	10
-121.478660911	50.5	10
-121	50.7485670298	10
-120.5	50.9699869752	10
-120.432678193	51	10
-120	51.2156329602	10
-119.5	51.4362699091	10
-119.346385539	51.5	10
-119	51.6654081345	10
-118.5	51.8763234019	10
-118.168244362	52	10
-118	52.0749903768	10
-117.5	52.2803457975	10
-117	52.4562043846	10
-116.853982389	52.5	10
-116.5	52.6293975413	10
-116	52.7808378339	10
-115.5	52.9155268371	10
-115.164956257	53	10
-115	53.0496470332	10
-114.5	53.1878685802	10
-114	53.3075050116	10
-113.5	53.4083133936	10
-113	53.4910179377	10
-112.925248951	53.5	10
-112.5	53.5602635741	10
> 20 contour -Z20
-115.5	51.5053999126	20
-115	51.6247484162	20
-114.5	51.7267686576	20
-114	51.8023388386	20
-113.5	51.8397701979	20
-113	51.8188406527	20
-112.5	51.7180559039	20
-112.004026234	51.5	20
-112	51.4984819591	20
-111.5	51.2913428545	20
-111	51.0974007994	20
-110.746336371	51	20
-110.5	50.899658978	20
-110	50.6573890448	20
-109.731789708	50.5	20
-109.5	50.2512123287	20
-109.313372299	50	20
-109.375392072	49.5	20
-109.5	49.3409698009	20
-109.719627529	49	20
-110	48.7328691483	20
-110.204654485	48.5	20
-110.5	48.2839971781	20
-110.81747742	48	20
-111	47.8730212897	20
-111.5	47.5031205416	20
-111.503658563	47.5	20
-112	47.1360384524	20
-112.17986992	47	20
-112.5	46.7612696886	20
-112.840589091	46.5	20
-113	46.3750563189	20
-113.466914333	46	20
-113.5	45.9721894823	20
-114	45.5453769863	20
-114.051264226	45.5	20
-114.5	45.0917243361	20
-114.600987315	45	20
-115	44.6158694029	20
-115.123991162	44.5	20
-115.5	44.1153149903	20
-115.616248548	44	20
-116	43.5956385434	20
-116.092958033	43.5	20
-116.5	43.0883429945	20
-116.588405639	43	20
-117	42.6053376794	20
-117.112516612	42.5	20
-117.5	42.1459462345	20
-117.680654407	42	20
-118	41.712675482	20
-118.311417744	41.5	20
-118.5	41.3524347544	20
-119	41.0671602786	20
-119.171504706	41	20
-119.5	40.8386738598	20
-120	40.6719290614	20
-120.5	40.5885745287	20
-121	40.5813546479	20
-121.5	40.6381148994	20
-122	40.7761469781	20
-122.402844459	41	20
-122.5	41.0156351924	20
-123	41.263907671	20
-123.227352872	41.5	20
-123.5	41.9306379408	20
-123.553631593	42	20
-123.889611661	42.5	20
-123.977562159	43	20
-124	43.272499904	20
-124.089642569	43.5	20
-124.213540137	44	20
-124.277377874	44.5	20
-124.270193219	45	20
-124.217048064	45.5	20
-124.105545737	46	20
-124	46.2558685839	20
-123.902968675	46.5	20
-123.637948364	47	20
-123.5	47.2132900506	20
-123.296503991	47.5	20
-123	47.864459455	20
-122.874875188	48	20
-122.5	48.3630102873	20
-122.341840953	48.5	20
-122	48.7705297768	20
-121.673010394	49	20
-121.5	49.1179498583	20
-121	49.4255355895	20
-120.864515156	49.5	20
-120.5	49.7170441449	20
-120	49.9657784998	20
-119.923855036	50	20
-119.5	50.2201733738	20
-119	50.4354407489	20
-118.824784458	50.5	20
-118.5	50.6409852356	20
-118	50.8221350908	20
-117.5	50.9763666689	20
-117.412783176	51	20
-117	51.1319710314	20
-116.5	51.2727639973	20
-116	51.3950940073	20
-115.520815242	51.5	20
-115.5	51.5053999126	20
> 30 contour -Z30
-116	50.5219460428	30
-115.5	50.6282622069	30
-115	50.7167966217	30
-114.5	50.779658258	30
-114	50.7937293649	30
-113.5	50.7555163205	30
-113	50.6654148996	30
-112.5	50.5229664836	30
-112.430716015	50.5	30
-112	50.3498086631	30
-111.5	50.0992064178	30
-111.346425816	50	30
-111	49.5621176325	30
-110.960784312	49.5	30
-110.978571335	49	30
-111	48.9688545186	30
-111.258540973	48.5	30
-111.5	48.2370272875	30
-111.683224499	48	30
-112	47.7305963337	30
-112.226994693	47.5	30
-112.5	47.2873364985	30
-112.842725754	47	30
-113	46.8747350574	30
-113.446107071	46.5	30
-113.5	46.4551012367	30
-114	46.0168700516	30
-114.017961502	46	30
-114.5	45.5639984012	30
-114.568371356	45.5	30
-115	45.1000780463	30
-115.106886744	45	30
-115.5	44.6266233623	30
-115.635715514	44.5	30
-116	44.1378975511	30
-116.144403189	44	30
-116.5	43.6367000639	30
-116.639701098	43.5	30
-117	43.1399004161	30
-117.14503485	43	30
-117.5	42.6631597579	30
-117.678136438	42.5	30
-118	42.2253717482	30
-118.307989806	42	30
-118.5	41.851980418	30
-119	41.5617054999	30
-119.13657552	41.5	30
-119.5	41.3124689013	30
-120	41.1174923778	30
-120.5	41.0200308561	30
-120.976459833	41	30
-121	40.9979172188	30
-121.015299655	41	30
-121.5	41.0147957206	30
-122	41.0545166135	30
-122.5	41.1642589569	30
-122.923716098	41.5	30
-123	41.5229911804	30
-123.452517331	42	30
-123.5	42.2347420156	30
-123.694854528	42.5	30
-123.830524951	43	30
-123.859958291	43.5	30
-123.833191425	44	30
-123.757637918	44.5	30
-123.613788262	45	30
-123.5	45.4048812091	30
-123.47696507	45.5	30
-123.346188635	46	30
-123.087731726	46.5	30
-123	46.6278910488	30
-122.753039569	47	30
-122.5	47.2979066372	30
-122.328785807	47.5	30
-122	47.8338463902	30
-121.825125515	48	30
-121.5	48.2829949558	30
-121.212067291	48.5	30
-121	48.6552526206	30
-120.5	48.9617979228	30
-120.427178055	49	30
-120	49.2404242307	30
-119.5	49.4663865864	30
-119.412285984	49.5	30
-119	49.6820774525	30
-118.5	49.8585014641	30
-118.004723327	50	30
-118	50.0015984097	30
-117.5	50.1519398838	30
-117	50.2911785543	30
-116.5	50.414142102	30
-116.0885415	50.5	30
-116	50.5219460428	30
> 40 contour -Z40
-115	50.044862926	40
-114.5	50.0864002183	40
-114	50.0841920152	40
-113.5	50.0173234399	40
-113.436724283	50	40
-113	49.8596044183	40
-112.5	49.6008892953	40
-112.358391121	49.5	40
-112.037279427	49	40
-112.107511789	48.5	40
-112.414393671	48	40
-112.5	47.9129322022	40
-112.840589106	47.5	40
-113	47.3657077998	40
-113.367487833	47	40
-113.5	46.8862551376	40
-113.917165488	46.5	40
-114	46.4263369218	40
-114.453919295	46	40
-114.5	45.9583202153	40
-114.989636935	45.5	40
-115	45.4903981881	40
-115.5	45.0181228518	40
-115.518979758	45	40
-116	44.5446349978	40
-116.048176378	44.5	40
-116.5	44.0640183985	40
-116.569375277	44	40
-117	43.5765463114	40
-117.083295256	43.5	40
-117.5	43.0951323807	40
-117.606272161	43	40
-118	42.634287715	40
-118.161990792	42.5	40
-118.5	42.2387835681	40
-118.881720394	42	40
-119	41.9248928353	40
-119.5	41.6602047086	40
-119.830857545	41.5	40
-120	41.4163031429	40
-120.5	41.2179644406	40
-121	41.125428617	40
-121.5	41.1082030237	40
-122	41.1512115896	40
-122.5	41.3128826916	40
-122.736148104	41.5	40
-123	41.5795222223	40
-123.398888826	42	40
-123.5	42.499867409	40
-123.500097399	42.5	40
-123.683487743	43	40
-123.699470401	43.5	40
-123.596717745	44	40
-123.5	44.2797537148	40
-123.443069279	44.5	40
-123.24559629	45	40
-123	45.4665388167	40
-122.98008427	45.5	40
-122.790332705	46	40
-122.5	46.4823943079	40
-122.489358783	46.5	40
-122.120332383	47	40
-122	47.135931015	40
-121.650967896	47.5	40
-121.5	47.6451689899	40
-121.070279978	48	40
-121	48.0561868623	40
-120.5	48.3960186541	40
-120.309655994	48.5	40
-120	48.676321879	40
-119.5	48.9036469162	40
-119.237111911	49	40
-119	49.0954159349	40
-118.5	49.2601974308	40
-118	49.3986219764	40
-117.596735135	49.5	40
-117.5	49.5285035428	40
-117	49.6709243059	40
-116.5	49.7953758836	40
-116	49.8963181674	40
-115.5	49.975141257	40
-115.285885304	50	40
-115	50.044862926	40
> 50 contour -Z50
-115.5	49.5122210979	50
-115	49.5709465593	50
-114.5	49.5819688439	50
-114	49.5201683566	50
-113.930587582	49.5	50
-113.5	49.3253674209	50
-113.067359	49	50
-113	48.8545739055	50
-112.878665872	48.5	50
-113	48.1625106931	50
-113.043837696	48	50
-113.3784163	47.5	50
-113.5	47.3790322617	50
-113.813145995	47	50
-114	46.8260575682	50
-114.307476044	46.5	50
-114.5	46.3176232874	50
-114.811928898	46	50
-115	45.8219992667	50
-115.327095971	45.5	50
-115.5	45.3360676914	50
-115.851957932	45	50
-116	44.8598537594	50
-116.38840504	44.5	50
-116.5	44.3923178315	50
-116.925145864	44	50
-117	43.9263923839	50
-117.463986628	43.5	50
-117.5	43.4650096409	50
-118	43.0142433941	50
-118.019374758	43	50
-118.5	42.5938260853	50
-118.637718201	42.5	50
-119	42.2638371587	50
-119.415157609	42	50
-119.5	41.9526023827	50
-120	41.6298568249	50
-120.314421743	41.5	50
-120.5	41.4158980101	50
-121	41.2514875233	50
-121.5	41.2016103268	50
-122	41.2479065657	50
-122.5	41.461506445	50
-122.548580114	41.5	50
-123	41.6360532343	50
-123.345260322	42	50
-123.455002636	42.5	50
-123.5	42.9006333053	50
-123.536450528	43	50
-123.538982518	43.5	50
-123.5	43.6456409991	50
-123.450780362	44	50
-123.266265869	44.5	50
-123	44.9357638359	50
-122.958847702	45	50
-122.623170838	45.5	50
-122.5	45.7460781336	50
-122.36180535	46	50
-122.036542259	46.5	50
-122	46.5464166068	50
-121.604830571	47	50
-121.5	47.1084724441	50
-121.053301055	47.5	50
-121	47.5454041958	50
-120.5	47.8986024261	50
-120.316686541	48	50
-120	48.1797920614	50
-119.5	48.4036149681	50
-119.236050218	48.5	50
-119	48.5906665921	50
-118.5	48.7656517327	50
-118	48.9154773355	50
-117.684708714	49	50
-117.5	49.0579905473	50
-117	49.2076321244	50
-116.5	49.3339039683	50
-116	49.4316618741	50
-115.560246501	49.5	50
-115.5	49.5122210979	50
> 60 contour -Z60
-116	49.0770267844	60
-115.5	49.1461179703	60
-115	49.1620757878	60
-114.5	49.1054706424	60
-114.186918497	49	60
-114	48.8912758827	60
-113.633486807	48.5	60
-113.610179812	48	60
-113.854399949	47.5	60
-114	47.3206224591	60
-114.216963708	47	60
-114.5	46.6993363202	60
-114.654043466	46.5	60
-115	46.1483198404	60
-115.130775362	46	60
-115.5	45.6356559098	60
-115.630278111	45.5	60
-116	45.1438785493	60
-116.146907926	45	60
-116.5	44.6674224138	60
-116.681445122	44.5	60
-117	44.2004671693	60
-117.227865636	44	60
-117.5	43.7449145317	60
-117.799464121	43.5	60
-118	43.31665048	60
-118.430728167	43	60
-118.5	42.9414587282	60
-119	42.5780661404	60
-119.080265731	42.5	60
-119.5	42.1779434383	60
-119.721678466	42	60
-120	41.8102385104	60
-120.5	41.5586417913	60
-120.685936004	41.5	60
-121	41.3775464222	60
-121.5	41.2950176597	60
-122	41.3446015269	60
-122.342212856	41.5	60
-122.5	41.5269892514	60
-123	41.6925842762	60
-123.291631818	42	60
-123.409982741	42.5	60
-123.468695909	43	60
-123.463536441	43.5	60
-123.367498368	44	60
-123.089462481	44.5	60
-123	44.6464119703	60
-122.773477167	45	60
-122.5	45.3462820351	60
-122.314054489	45.5	60
-122	45.9711621106	60
-121.972094059	46	60
-121.598769218	46.5	60
-121.5	46.6112476736	60
-121.085621409	47	60
-121	47.0761203393	60
-120.5	47.4320015013	60
-120.378224969	47.5	60
-120	47.7133248746	60
-119.5	47.9453575313	60
-119.368337065	48	60
-119	48.1623376161	60
-118.5	48.3579934835	60
-118.052378815	48.5	60
-118	48.5190294776	60
-117.5	48.6961880624	60
-117	48.8447272182	60
-116.5	48.9646695256	60
-116.319882274	49	60
-116	49.0770267844	60
> 70 contour -Z70
-117	48.5381668508	70
-116.5	48.6757857502	70
-116	48.7629315555	70
-115.5	48.7936649919	70
-115	48.7440096587	70
-114.5	48.5460435003	70
-114.434435628	48.5	70
-114.168023378	48	70
-114.292338639	47.5	70
-114.5	47.1767598391	70
-114.593732446	47	70
-114.97067943	46.5	70
-115	46.4701943398	70
-115.414575957	46	70
-115.5	45.9157051221	70
-115.899225406	45.5	70
-116	45.4029324576	70
-116.411416203	45	70
-116.5	44.916562885	70
-116.951452728	44.5	70
-117	44.4543516599	70
-117.5	44.0109451115	70
-117.513193816	44	70
-118	43.5788408518	70
-118.113517016	43.5	70
-118.5	43.1914364994	70
-118.797212243	43	70
-119	42.8472595513	70
-119.357043996	42.5	70
-119.5	42.3903117478	70
-119.986242746	42	70
-120	41.9906202117	70
-120.5	41.6606097817	70
-121	41.5014524162	70
-121.011691719	41.5	70
-121.5	41.3884249702	70
-122	41.4412964955	70
-122.129274726	41.5	70
-122.5	41.5634119511	70
-123	41.7491152883	70
-123.238003299	42	70
-123.364962846	42.5	70
-123.427073628	43	70
-123.415374309	43.5	70
-123.284216404	44	70
-123	44.4367752671	70
-122.949927002	44.5	70
-122.588106595	45	70
-122.5	45.1115622669	70
-122.030124849	45.5	70
-122	45.5451949835	70
-121.559892945	46	70
-121.5	46.0790534541	70
-121.112452529	46.5	70
-121	46.6057865396	70
-120.5	46.9817266464	70
-120.472387701	47	70
-120	47.2989606559	70
-119.605935231	47.5	70
-119.5	47.5558886826	70
-119	47.8143904507	70
-118.526574438	48	70
-118.5	48.0118051413	70
-118	48.2235611379	70
-117.5	48.3894790411	70
-117.111280151	48.5	70
-117	48.5381668508	70
> 80 contour -Z80
-117.5	48.1353493631	80
-117	48.2880761623	80
-116.5	48.3977859914	80
-116	48.4591418803	80
-115.5	48.4383130968	80
-115	48.2312601954	80
-114.764983565	48	80
-114.718271613	47.5	80
-114.945845015	47	80
-115	46.9275347665	80
-115.266756818	46.5	80
-115.5	46.2341865301	80
-115.669561386	46	80
-116	45.6573081315	80
-116.136047155	45.5	80
-116.5	45.1422430873	80
-116.63884598	45	80
-117	44.6608109474	80
-117.17324999	44.5	80
-117.5	44.2029647529	80
-117.744664609	44	80
-118	43.7790972292	80
-118.401851103	43.5	80
-118.5	43.4216390625	80
-119	43.0524058342	80
-119.045581907	43	80
-119.5	42.550404489	80
-119.550776064	42.5	80
-120	42.0907073021	80
-120.144671023	42	80
-120.5	41.7625777721	80
-121	41.5522360206	80
-121.420488954	41.5	80
-121.5	41.4818322808	80
-121.665560052	41.5	80
-122	41.5113479495	80
-122.5	41.5998346508	80
-123	41.8056463301	80
-123.184374794	42	80
-123.319942921	42.5	80
-123.385451347	43	80
-123.367212176	43.5	80
-123.200934425	44	80
-123	44.3087899983	80
-122.848564684	44.5	80
-122.5	44.9338084757	80
-122.437277347	45	80
-122	45.401810199	80
-121.809028298	45.5	80
-121.5	45.8142925501	80
-121.160563961	46	80
-121	46.1713426262	80
-120.611745387	46.5	80
-120.5	46.5879017934	80
-120	46.9478371739	80
-119.913032591	47	80
-119.5	47.2667229176	80
-119.016374975	47.5	80
-119	47.5088603999	80
-118.5	47.7645639479	80
-118	47.951295346	80
-117.849154145	48	80
-117.5	48.1353493631	80
> 90 contour -Z90
-117	48.0460157096	90
-116.5	48.1367030442	90
-116	48.1491412222	90
-115.5	48.0240285788	90
-115.45764555	48	90
-115.154947698	47.5	90
-115.278336957	47	90
-115.5	46.6173198223	90
-115.555877149	46.5	90
-115.912138522	46	90
-116	45.9088804647	90
-116.353618249	45.5	90
-116.5	45.356110245	90
-116.847605497	45	90
-117	44.8568739444	90
-117.384478889	44.5	90
-117.5	44.3949844167	90
-117.976135403	44	90
-118	43.979353603	90
-118.5	43.5917538404	90
-118.598318636	43.5	90
-119	43.1735475063	90
-119.150949329	43	90
-119.5	42.6546536684	90
-119.655793816	42.5	90
-120	42.1863901019	90
-120.297277555	42	90
-120.5	41.8645457625	90
-121	41.6030195951	90
-121.5	41.5249474943	90
-122	41.5402304828	90
-122.5	41.6362573504	90
-123	41.8621773571	90
-123.130746275	42	90
-123.274923027	42.5	90
-123.343829095	43	90
-123.319050044	43.5	90
-123.117652439	44	90
-123	44.1808047444	90
-122.747202396	44.5	90
-122.5	44.807657361	90
-122.317737341	45	90
-122	45.2919659913	90
-121.595389605	45.5	90
-121.5	45.5970145464	90
-121	45.9363840222	90
-120.863509268	46	90
-120.5	46.3356535435	90
-120.248949736	46.5	90
-120	46.694864735	90
-119.5	46.9964134693	90
-119.493040591	47	90
-119	47.3008205295	90
-118.540420137	47.5	90
-118.5	47.5208159853	90
-118	47.7396282852	90
-117.5	47.9052272439	90
-117.144562706	48	90
-117	48.0460157096	90
> 100 contour -Z100
-118	47.5279611945	100
-117.5	47.7024615556	100
-117	47.8162074983	100
-116.5	47.8644897342	100
-116	47.7830140293	100
-115.634162277	47.5	100
-115.609158486	47	100
-115.826337487	46.5	100
-116	46.249160111	100
-116.145278096	46	100
-116.5	45.5868135691	100
-116.561946273	45.5	100
-117	45.0522485673	100
-117.045136869	45	100
-117.5	44.5713768005	100
-117.575534284	44.5	100
-118	44.1302460134	100
-118.158367783	44	100
-118.5	43.7308591306	100
-118.747376591	43.5	100
-119	43.2946891487	100
-119.256316766	43	100
-119.5	42.7589028776	100
-119.760811567	42.5	100
-120	42.2820728868	100
-120.449884072	42	100
-120.5	41.9665137455	100
-121	41.6538031995	100
-121.5	41.555918932	100
-122	41.5691130161	100
-122.5	41.6726800501	100
-123	41.9187083915	100
-123.077117771	42	100
-123.229903132	42.5	100
-123.302206814	43	100
-123.270887911	43.5	100
-123.034370463	44	100
-123	44.0528194979	100
-122.645840093	44.5	100
-122.5	44.6815062463	100
-122.198197335	45	100
-122	45.1821217537	100
-121.5	45.4629602134	100
-121.423965573	45.5	100
-121	45.8295920789	100
-120.634382695	46	100
-120.5	46.124084942	100
-120	46.4700677991	100
-119.94517383	46.5	100
-119.5	46.8231512904	100
-119.156838372	47	100
-119	47.0956923291	100
-118.5	47.3411545455	100
-118.063103028	47.5	100
-118	47.5279611945	100
> 110 contour -Z110
-117	47.5892751515	110
-116.5	47.5800433084	110
-116.26728411	47.5	110
-116	47.1707417369	110
-115.943897635	47	110
-116	46.840532735	110
-116.092917651	46.5	110
-116.3730582	46	110
-116.5	45.8521359116	110
-116.751268491	45.5	110
-117	45.2457620203	110
-117.212310642	45	110
-117.5	44.7289067209	110
-117.742239863	44.5	110
-118	44.2754639983	110
-118.33494015	44	110
-118.5	43.869964391	110
-118.89643456	43.5	110
-119	43.4158307984	110
-119.361684188	43	110
-119.5	42.8631520867	110
-119.865829319	42.5	110
-120	42.3777556643	110
-120.5	42.031752944	110
-120.551751524	42	110
-121	41.7045867741	110
-121.5	41.5868903697	110
-122	41.5979955494	110
-122.5	41.7091027498	110
-123	41.975239424	110
-123.02348927	42	110
-123.184883237	42.5	110
-123.260584533	43	110
-123.222725779	43.5	110
-123	43.943656683	110
-122.976278931	44	110
-122.544477783	44.5	110
-122.5	44.5553551205	110
-122.078657344	45	110
-122	45.0722775236	110
-121.5	45.3960410655	110
-121.286595434	45.5	110
-121	45.7228001207	110
-120.5	45.969500035	110
-120.431557834	46	110
-120	46.3397576511	110
-119.706487536	46.5	110
-119.5	46.6498891264	110
-119	46.9247744083	110
-118.821905464	47	110
-118.5	47.167477116	110
-118	47.3550843298	110
-117.5	47.499707967	110
-117.498100847	47.5	110
-117	47.5892751515	110
> 120 contour -Z120
-118	47.1881116033	120
-117.5	47.3050191402	120
-117	47.3403516412	120
-116.5	47.1912966371	120
-116.325741455	47	120
-116.352536485	46.5	120
-116.5	46.2190066874	120
-116.593451858	46	120
-116.940590683	45.5	120
-117	45.4392754696	120
-117.37948443	45	120
-117.5	44.886436671	120
-117.908945441	44.5	120
-118	44.4206819758	120
-118.5	44.0068868101	120
-118.5054169	44	120
-119	43.5243840218	120
-119.017861128	43.5	120
-119.467051618	43	120
-119.5	42.9674012847	120
-119.970847063	42.5	120
-120	42.4734384492	120
-120.5	42.0790324807	120
-120.628808558	42	120
-121	41.7553703636	120
-121.5	41.6178618371	120
-122	41.6268780828	120
-122.5	41.7455254793	120
-122.962775022	42	120
-123	42.0765939057	120
-123.139863327	42.5	120
-123.218962267	43	120
-123.174563631	43.5	120
-123	43.8477205336	120
-122.935888946	44	120
-122.5	44.4752845168	120
-122.465464622	44.5	120
-122	44.9783703089	120
-121.967491746	45	120
-121.5	45.3291218877	120
-121.14922528	45.5	120
-121	45.6160081699	120
-120.5	45.8957395852	120
-120.266038775	46	120
-120	46.2094474882	120
-119.5	46.4857709408	120
-119.468589932	46.5	120
-119	46.783770442	120
-118.5	46.995108366	120
-118.484642446	47	120
-118	47.1881116033	120
> 130 contour -Z130
-118	47.0211388469	130
-117.5	47.110330306	130
-117	47.0771661624	130
-116.827101931	47	130
-116.620994866	46.5	130
-116.804546967	46	130
-117	45.7128279507	130
-117.122404575	45.5	130
-117.5	45.058245331	130
-117.541751444	45	130
-118	44.5645134151	130
-118.055042118	44.5	130
-118.5	44.1125124097	130
-118.588498235	44	130
-119	43.6042791903	130
-119.07638377	43.5	130
-119.5	43.0433584154	130
-119.536148965	43	130
-120	42.5378552675	130
-120.041872442	42.5	130
-120.5	42.1263120174	130
-120.705865592	42	130
-121	41.8061539382	130
-121.5	41.6488332748	130
-122	41.6557606161	130
-122.5	41.781948179	130
-122.896538466	42	130
-123	42.2128819525	130
-123.094843432	42.5	130
-123.177340001	43	130
-123.126401499	43.5	130
-123	43.7517843843	130
-122.895498931	44	130
-122.5	44.4312440455	130
-122.403926164	44.5	130
-122	44.9151256084	130
-121.872438341	45	130
-121.5	45.2622027099	130
-121.011855134	45.5	130
-121	45.5092162155	130
-120.5	45.8219791055	130
-120.100519694	46	130
-120	46.0791373327	130
-119.5	46.3802923858	130
-119.235750213	46.5	130
-119	46.6427665055	130
-118.5	46.8580882847	130
-118.054461218	47	130
-118	47.0211388469	130
> 140 contour -Z140
-119	46.5017625391	140
-118.5	46.7210682184	140
-118	46.8535203338	140
-117.5	46.8917238414	140
-117	46.6666038036	140
-116.901075557	46.5	140
-117	46.0867070258	140
-117.015786052	46	140
-117.300784871	45.5	140
-117.5	45.2669351995	140
-117.691344559	45	140
-118	44.7066760063	140
-118.176333636	44.5	140
-118.5	44.2181380391	140
-118.67157954	44	140
-119	43.6841743886	140
-119.134906441	43.5	140
-119.5	43.1064435244	140
-119.588744551	43	140
-120	42.5902574062	140
-120.099835396	42.5	140
-120.5	42.1735915542	140
-120.782922611	42	140
-121	41.8569375277	140
-121.5	41.6798047423	140
-122	41.6846431494	140
-122.5	41.8183708787	140
-122.830301911	42	140
-123	42.3491699994	140
-123.04982353	42.5	140
-123.13571772	43	140
-123.078239366	43.5	140
-123	43.6558482349	140
-122.855108917	44	140
-122.5	44.387203604	140
-122.342387706	44.5	140
-122	44.851880908	140
-121.777384937	45	140
-121.5	45.1952835619	140
-121	45.4551690519	140
-120.893231958	45.5	140
-120.5	45.7482186556	140
-120	45.9734223783	140
-119.934508502	46	140
-119.5	46.2748138309	140
-119.002910496	46.5	140
-119	46.5017625391	140
> 150 contour -Z150
-118.5	46.584048152	150
-118	46.6858081967	150
-117.5	46.6418361366	150
-117.266304508	46.5	150
-117.22882396	46	150
-117.479165193	45.5	150
-117.5	45.4756250419	150
-117.840937689	45	150
-118	44.8488385826	150
-118.297625139	44.5	150
-118.5	44.3237636685	150
-118.754660875	44	150
-119	43.7640695572	150
-119.193429083	43.5	150
-119.5	43.1695286334	150
-119.641340137	43	150
-120	42.6426595151	150
-120.15779835	42.5	150
-120.5	42.2208710909	150
-120.85997963	42	150
-121	41.9077211171	150
-121.5	41.71077618	150
-122	41.7135256827	150
-122.5	41.8547935784	150
-122.764065325	42	150
-123	42.4854580471	150
-123.00480363	42.5	150
-123.094095446	43	150
-123.03007723	43.5	150
-123	43.5599120818	150
-122.814718932	44	150
-122.5	44.3431631625	150
-122.280849248	44.5	150
-122	44.7886362076	150
-121.682331517	45	150
-121.5	45.1283643842	150
-121	45.40610376	150
-120.776379436	45.5	150
-120.5	45.6744581908	150
-120	45.9057432413	150
-119.767736226	46	150
-119.5	46.1693352908	150
-119	46.3929330409	150
-118.691579789	46.5	150
-118.5	46.584048152	150
> 160 contour -Z160
-118	46.5180960596	160
-117.900148548	46.5	160
-117.5	46.1934638023	160
-117.441861872	46	160
-117.5	45.8819737583	160
-117.645829231	45.5	160
-117.990530821	45	160
-118	44.9910011711	160
-118.41891665	44.5	160
-118.5	44.429389298	160
-118.837742195	44	160
-119	43.8439647257	160
-119.251951754	43.5	160
-119.5	43.2326137722	160
-119.693935722	43	160
-120	42.6950616241	160
-120.215761304	42.5	160
-120.5	42.2681506425	160
-120.937036663	42	160
-121	41.9585047066	160
-121.5	41.7417476475	160
-122	41.742408216	160
-122.5	41.891216293	160
-122.69782877	42	160
-122.990604401	42.5	160
-123	42.7073584497	160
-123.052473176	43	160
-123	43.3852522671	160
-122.993669301	43.5	160
-122.774328917	44	160
-122.5	44.299122721	160
-122.219310775	44.5	160
-122	44.7253914922	160
-121.587278105	45	160
-121.5	45.061445225	160
-121	45.3570384383	160
-120.659526944	45.5	160
-120.5	45.600697726	160
-120	45.8380641043	160
-119.60096395	46	160
-119.5	46.0638567284	160
-119	46.2845107913	160
-118.5	46.4434183538	160
-118.109099746	46.5	160
-118	46.5180960596	160
> 170 contour -Z170
-119	46.1760885417	170
-118.5	46.2970611453	170
-118	46.2782610953	170
-117.696875185	46	170
-117.810943827	45.5	170
-118	45.224984467	170
-118.113275796	45	170
-118.5	44.5469626784	170
-118.525445223	44.5	170
-118.920823514	44	170
-119	43.9238599092	170
-119.310474411	43.5	170
-119.5	43.2956988811	170
-119.746531308	43	170
-120	42.747463733	170
-120.273724258	42.5	170
-120.5	42.3154301792	170
-121	42.0036764443	170
-121.012158781	42	170
-121.5	41.7727191001	170
-122	41.7712907493	170
-122.5	41.9276389927	170
-122.631592214	42	170
-122.980086565	42.5	170
-123	42.9394847862	170
-123.010850905	43	170
-123	43.0796661377	170
-122.976809919	43.5	170
-122.733938903	44	170
-122.5	44.2550822794	170
-122.157772318	44.5	170
-122	44.6621467769	170
-121.5	44.9967827201	170
-121.493567824	45	170
-121	45.3079731464	170
-120.542674448	45.5	170
-120.5	45.5269372668	170
-120	45.7703849673	170
-119.5	45.9690003991	170
-119.40226385	46	170
-119	46.1760885417	170
> 180 contour -Z180
-119	46.0676662922	180
-118.5	46.1507039666	180
-118	46.0297028869	180
-117.967643045	46	180
-117.976058433	45.5	180
-118	45.4651727714	180
-118.234206468	45	180
-118.5	44.688629806	180
-118.602202982	44.5	180
-119	44.0044937432	180
-119.002417833	44	180
-119.368997067	43.5	180
-119.5	43.358784005	180
-119.799126908	43	180
-120	42.7998658419	180
-120.331687212	42.5	180
-120.5	42.3627097011	180
-121	42.0237772465	180
-121.078636646	42	180
-121.5	41.8036905378	180
-122	41.8001732826	180
-122.5	41.9640616998	180
-122.565355644	42	180
-122.9695687	42.5	180
-122.992089868	43	180
-122.959950566	43.5	180
-122.693548903	44	180
-122.5	44.211041823	180
-122.096233852	44.5	180
-122	44.5989020765	180
-121.5	44.9574513435	180
-121.414934158	45	180
-121	45.2589078248	180
-120.5	45.4692173004	180
-120.412559509	45.5	180
-120	45.7027058303	180
-119.5	45.8904408813	180
-119.154579639	46	180
-119	46.0676662922	180
> 190 contour -Z190
-118.5	46.0043467581	190
-118.483685046	46	190
-118.153716177	45.5	190
-118.355137125	45	190
-118.5	44.8302969038	190
-118.678960711	44.5	190
-119	44.1001051962	190
-119.053860784	44	190
-119.427519724	43.5	190
-119.5	43.421869114	190
-119.851722509	43	190
-120	42.8522679508	190
-120.389650159	42.5	190
-120.5	42.4099892452	190
-121	42.0438780785	190
-121.145114511	42	190
-121.5	41.8346619904	190
-122	41.8290558159	190
-122.498878986	42	190
-122.5	42.0001523197	190
-122.959050834	42.5	190
-122.981390387	43	190
-122.943091184	43.5	190
-122.653158903	44	190
-122.5	44.1670013666	190
-122.034695387	44.5	190
-122	44.5356573686	190
-121.5	44.9181199968	190
-121.336300492	45	190
-121	45.2098425329	190
-120.5	45.4207254052	190
-120.274814695	45.5	190
-120	45.6350266784	190
-119.5	45.8118813336	190
-119	45.9537797272	190
-118.536612067	46	190
-118.5	46.0043467581	190
> 200 contour -Z200
-120	45.5673475266	200
-119.5	45.7333218008	200
-119	45.8308208585	200
-118.5	45.7441731542	200
-118.33350113	45.5	200
-118.476067776	45	200
-118.5	44.9719640221	200
-118.75571847	44.5	200
-119	44.1957166195	200
-119.105303764	44	200
-119.486042378	43.5	200
-119.5	43.4849542342	200
-119.904318094	43	200
-120	42.9046700671	200
-120.447613113	42.5	200
-120.5	42.457268782	200
-121	42.0639789104	200
-121.211592376	42	200
-121.5	41.865633443	200
-122	41.8579383492	200
-122.414588958	42	200
-122.5	42.0116049051	200
-122.948532969	42.5	200
-122.970690876	43	200
-122.926231831	43.5	200
-122.612768888	44	200
-122.5	44.1229609251	200
-122	44.4903458357	200
-121.978334934	44.5	200
-121.5	44.8787886202	200
-121.257666826	45	200
-121	45.1607772261	200
-120.5	45.37223351	200
-120.137069911	45.5	200
-120	45.5673475266	200
> 210 contour -Z210
-119.5	45.6547622681	210
-119	45.7078619748	210
-118.520941913	45.5	210
-118.589478105	45	210
-118.832476228	44.5	210
-119	44.2913280576	210
-119.156746745	44	210
-119.5	43.551217407	210
-119.530667096	43.5	210
-119.956913684	43	210
-120	42.9570721835	210
-120.5	42.5027417243	210
-120.502313852	42.5	210
-121	42.0840797424	210
-121.278070256	42	210
-121.5	41.8966048956	210
-122	41.88682089	210
-122.33029893	42	210
-122.5	42.0230575204	210
-122.938015133	42.5	210
-122.959991395	43	210
-122.909372449	43.5	210
-122.572378881	44	210
-122.5	44.0789204761	210
-122	44.468213439	210
-121.928667217	44.5	210
-121.5	44.8394572437	210
-121.17903316	45	210
-121	45.1117119193	210
-120.5	45.3237416148	210
-120	45.4997263849	210
-119.998759538	45.5	210
-119.5	45.6547622681	210
> 220 contour -Z220
-119.5	45.5762027204	220
-119	45.5849030912	220
-118.804324418	45.5	220
-118.701032966	45	220
-118.90923398	44.5	220
-119	44.3869395033	220
-119.208189726	44	220
-119.5	43.6184759438	220
-119.570939004	43.5	220
-120	43.0083433986	220
-120.00543645	43	220
-120.5	42.5312416553	220
-120.526366323	42.5	220
-121	42.1041805744	220
-121.344548121	42	220
-121.5	41.9275763482	220
-122	41.9157034233	220
-122.246008903	42	220
-122.5	42.0345101357	220
-122.927497268	42.5	220
-122.949291915	43	220
-122.892513096	43.5	220
-122.531988878	44	220
-122.5	44.0348800272	220
-122	44.4460810125	220
-121.878999501	44.5	220
-121.5	44.8001258969	220
-121.100399502	45	220
-121	45.0626466125	220
-120.5	45.2752496898	220
-120	45.443883568	220
-119.745582059	45.5	220
-119.5	45.5762027204	220
> 230 contour -Z230
-121	45.0135813057	230
-120.5	45.2267577946	230
-120	45.3880407214	230
-119.5	45.4971917272	230
-119	45.422216624	230
-118.812587813	45	230
-118.985991733	44.5	230
-119	44.4825509414	230
-119.259632677	44	230
-119.5	43.6857344806	230
-119.611210912	43.5	230
-120	43.0544905961	230
-120.035505295	43	230
-120.5	42.5597415864	230
-120.550418764	42.5	230
-121	42.1242813766	230
-121.411026001	42	230
-121.5	41.9585478008	230
-122	41.9445859566	230
-122.161718875	42	230
-122.5	42.0459627211	230
-122.916979402	42.5	230
-122.938592404	43	230
-122.875653714	43.5	230
-122.5	43.9953756332	230
-122.494628966	44	230
-122	44.423948586	230
-121.829331785	44.5	230
-121.5	44.7607945204	230
-121.021765839	45	230
-121	45.0135813057	230
> 240 contour -Z240
-120.5	45.1782658994	240
-120	45.3321978748	240
-119.5	45.403583318	240
-119	45.1708972454	240
-118.924142666	45	240
-119	44.772954911	240
-119.055953294	44.5	240
-119.311075658	44	240
-119.5	43.7529930025	240
-119.65148285	43.5	240
-120	43.1006377637	240
-120.065574169	43	240
-120.5	42.5882415175	240
-120.574471235	42.5	240
-121	42.1443822086	240
-121.47750387	42	240
-121.5	41.9895192524	240
-122	41.9734684918	240
-122.077428855	42	240
-122.5	42.0574153364	240
-122.906461537	42.5	240
-122.927892923	43	240
-122.858794361	43.5	240
-122.5	43.9731431305	240
-122.468806654	44	240
-122	44.4018161893	240
-121.779664069	44.5	240
-121.5	44.7214631587	240
-121	44.9749858379	240
-120.917807013	45	240
-120.5	45.1782658994	240
> 250 contour -Z250
-120.5	45.1297740042	250
-120	45.276355058	250
-119.5	45.3099749386	250
-119.044060081	45	250
-119.124397695	44.5	250
-119.362518623	44	250
-119.5	43.8202515393	250
-119.691754758	43.5	250
-120	43.1467849314	250
-120.095643014	43	250
-120.5	42.6167414486	250
-120.598523676	42.5	250
-121	42.1644830406	250
-121.5	42.0068334937	250
-122	42.0006652772	250
-122.5	42.0688679218	250
-122.895943701	42.5	250
-122.917193443	43	250
-122.841934979	43.5	250
-122.5	43.9509106278	250
-122.442984343	44	250
-122	44.3796837628	250
-121.729996338	44.5	250
-121.5	44.6821317822	250
-121	44.94039765	250
-120.804155111	45	250
-120.5	45.1297740042	250
> 260 contour -Z260
-120.5	45.0812820792	260
-120	45.2205122262	260
-119.5	45.2163665593	260
-119.181748003	45	260
-119.192842066	44.5	260
-119.413961597	44	260
-119.5	43.8875100687	260
-119.732026696	43.5	260
-120	43.1929321289	260
-120.125711888	43	260
-120.5	42.6452413797	260
-120.622576118	42.5	260
-121	42.1845838726	260
-121.5	42.0171622634	260
-122	42.008838743	260
-122.5	42.0803205371	260
-122.885425836	42.5	260
-122.906493932	43	260
-122.825075626	43.5	260
-122.5	43.9286781549	260
-122.417162031	44	260
-122	44.3575513661	260
-121.680328622	44.5	260
-121.5	44.6428004205	260
-121	44.9058094323	260
-120.690503225	45	260
-120.5	45.0812820792	260
> 270 contour -Z270
-120.5	45.032790184	270
-120	45.1646693796	270
-119.5	45.122758165	270
-119.319435894	45	270
-119.261286438	44.5	270
-119.46540457	44	270
-119.5	43.9547685981	270
-119.772298604	43.5	270
-120	43.2390792966	270
-120.155780733	43	270
-120.5	42.6737413108	270
-120.646628588	42.5	270
-121	42.2046847045	270
-121.5	42.0274910331	270
-122	42.0170122087	270
-122.5	42.0917731524	270
-122.87490797	42.5	270
-122.895794451	43	270
-122.808216244	43.5	270
-122.5	43.9064456522	270
-122.391339719	44	270
-122	44.3354189396	270
-121.630660906	44.5	270
-121.5	44.6034690514	270
-121	44.8712212443	270
-120.576851338	45	270
-120.5	45.032790184	270
> 280 contour -Z280
-120	45.1088265479	280
-119.5	45.02914978	280
-119.457123797	45	280
-119.329730824	44.5	280
-119.5	44.0581662655	280
-119.515197337	44	280
-119.812570527	43.5	280
-120	43.2852264792	280
-120.185849607	43	280
-120.5	42.7022412419	280
-120.67068103	42.5	280
-121	42.2247855365	280
-121.5	42.0378198028	280
-122	42.0251856744	280
-122.5	42.1032257378	280
-122.864390105	42.5	280
-122.88509497	43	280
-122.791356891	43.5	280
-122.5	43.8842131495	280
-122.365517408	44	280
-122	44.3132865131	280
-121.580993183	44.5	280
-121.5	44.5641376898	280
-121	44.8366330564	280
-120.5	44.987216413	280
-120.428759903	45	280
-120	45.1088265479	280
> 290 contour -Z290
-120	45.052983731	290
-119.710272044	45	290
-119.5	44.8417960405	290
-119.398175202	44.5	290
-119.5	44.235773474	290
-119.56160149	44	290
-119.852842435	43.5	290
-120	43.3313736618	290
-120.215918452	43	290
-120.5	42.7307412028	290
-120.6947335	42.5	290
-121	42.2448863387	290
-121.5	42.0481485724	290
-122	42.0333591402	290
-122.5	42.1146783531	290
-122.853872269	42.5	290
-122.87439549	43	290
-122.774497509	43.5	290
-122.5	43.8619806468	290
-122.339695096	44	290
-122	44.2911541164	290
-121.531325463	44.5	290
-121.5	44.5248063207	290
-121	44.8020448387	290
-120.5	44.9477365911	290
-120.208747715	45	290
-120	45.052983731	290
> 300 contour -Z300
-121	44.7674566507	300
-120.5	44.908256799	300
-120	44.9965308905	300
-119.5	44.6120482907	300
-119.466619581	44.5	300
-119.5	44.4133807048	300
-119.608005613	44	300
-119.893114358	43.5	300
-120	43.3775208369	300
-120.245987326	43	300
-120.5	42.7592411339	300
-120.718785942	42.5	300
-121	42.2649871856	300
-121.5	42.0584773421	300
-122	42.0415326059	300
-122.5	42.1261309385	300
-122.843354404	42.5	300
-122.863695979	43	300
-122.757638127	43.5	300
-122.5	43.8397481441	300
-122.313872784	44	300
-122	44.2690216899	300
-121.5	44.4931935072	300
-121.477209091	44.5	300
-121	44.7674566507	300
> 310 contour -Z310
-121	44.7328684628	310
-120.5	44.8687769771	310
-120	44.9287737906	310
-119.537446529	44.5	310
-119.654409766	44	310
-119.933386281	43.5	310
-120	43.4236680195	310
-120.276056185	43	310
-120.5	42.787741065	310
-120.742838413	42.5	310
-121	42.2850880027	310
-121.5	42.068806082	310
-122	42.0497060716	310
-122.5	42.1375835538	310
-122.832836539	42.5	310
-122.852996498	43	310
-122.740778774	43.5	310
-122.5	43.8175156713	310
-122.288050473	44	310
-122	44.2468892783	310
-121.5	44.4747626185	310
-121.415495157	44.5	310
-121	44.7328684628	310
> 320 contour -Z320
-121	44.6982802451	320
-120.5	44.8292971551	320
-120	44.8610166609	320
-119.610541701	44.5	320
-119.700813919	44	320
-119.973658198	43.5	320
-120	43.4698151983	320
-120.306125045	43	320
-120.5	42.8162409961	320
-120.766890854	42.5	320
-121	42.3051888347	320
-121.5	42.0791348517	320
-122	42.0578795075	320
-122.5	42.1490361392	320
-122.822318673	42.5	320
-122.842297018	43	320
-122.723919407	43.5	320
-122.5	43.7952831686	320
-122.262228161	44	320
-122	44.2247568667	320
-121.5	44.4563317597	320
-121.353781223	44.5	320
-121	44.6982802451	320
> 330 contour -Z330
-121	44.6636920571	330
-120.5	44.7898173332	330
-120	44.7932595611	330
-119.683636844	44.5	330
-119.747218072	44	330
-120	43.5298535824	330
-120.009371996	43.5	330
-120.336193904	43	330
-120.5	42.8447409272	330
-120.79094331	42.5	330
-121	42.3252896667	330
-121.5	42.0894636214	330
-122	42.0660529733	330
-122.5	42.1604887545	330
-122.811800838	42.5	330
-122.831597507	43	330
-122.707060039	43.5	330
-122.5	43.7730506659	330
-122.236405835	44	330
-122	44.2026244551	330
-121.5	44.437900871	330
-121.292067289	44.5	330
-121	44.6636920571	330
> 340 contour -Z340
-121	44.6291038692	340
-120.5	44.7503375411	340
-120	44.7255024612	340
-119.756731987	44.5	340
-119.793622211	44	340
-120	43.6161601543	340
-120.03646639	43.5	340
-120.366262764	43	340
-120.5	42.8732408732	340
-120.814995766	42.5	340
-121	42.3453904837	340
-121.5	42.0997923911	340
-122	42.074226439	340
-122.5	42.1719413698	340
-122.801282972	42.5	340
-122.820898026	43	340
-122.690200672	43.5	340
-122.5	43.7508181632	340
-122.210583523	44	340
-122	44.1804920435	340
-121.5	44.4194700122	340
-121.230353355	44.5	340
-121	44.6291038692	340
> 350 contour -Z350
-121	44.5945156813	350
-120.5	44.7108577192	350
-120	44.6577453613	350
-119.829827145	44.5	350
-119.840026349	44	350
-120	43.7024667263	350
-120.063560784	43.5	350
-120.396331623	43	350
-120.5	42.9017408043	350
-120.839048207	42.5	350
-121	42.3654913157	350
-121.5	42.1101211607	350
-122	42.0823999047	350
-122.5	42.1833939552	350
-122.790765107	42.5	350
-122.810198545	43	350
-122.673341304	43.5	350
-122.5	43.7285856605	350
-122.184761211	44	350
-122	44.1583596319	350
-121.5	44.4010391533	350
-121.168639421	44.5	350
-121	44.5945156813	350
> 360 contour -Z360
-121	44.5599274635	360
-120.5	44.6713779122	360
-120	44.589988254	360
-119.902922288	44.5	360
-119.886430494	44	360
-120	43.7887732983	360
-120.090655178	43.5	360
-120.426400483	43	360
-120.5	42.9302407354	360
-120.863100663	42.5	360
-121	42.3855921403	360
-121.5	42.1204499304	360
-122	42.0905733705	360
-122.5	42.1948465705	360
-122.780247241	42.5	360
-122.799499035	43	360
-122.656481937	43.5	360
-122.5	43.7063531727	360
-122.1589389	44	360
-122	44.1362272054	360
-121.5	44.3826082647	360
-121.106925488	44.5	360
-121	44.5599274635	360
> 370 contour -Z370
-121	44.5253392756	370
-120.5	44.6318980902	370
-120	44.5222311467	370
-119.976017438	44.5	370
-119.93283464	44	370
-120	43.8750798702	370
-120.117749572	43.5	370
-120.456469342	43	370
-120.5	42.958740674	370
-120.887153119	42.5	370
-121	42.4056929648	370
-121.5	42.1307786703	370
-122	42.0987468362	370
-122.5	42.206299156	370
-122.769729406	42.5	370
-122.788799554	43	370
-122.639622569	43.5	370
-122.5	43.68412067	370
-122.133116588	44	370
-122	44.1140948012	370
-121.5	44.3641774058	370
-121.045211557	44.5	370
-121	44.5253392756	370
> 380 contour -Z380
-120.5	44.5924182832	380
-120.111507505	44.5	380
-120	44.1998571306	380
-119.97923879	44	380
-120	43.9613864459	380
-120.144843966	43.5	380
-120.486538203	43	380
-120.5	42.9872406079	380
-120.911205575	42.5	380
-121	42.4257937968	380
-121.5	42.14110744	380
-122	42.1069202721	380
-122.5	42.2177517712	380
-122.75921154	42.5	380
-122.778100073	43	380
-122.622763194	43.5	380
-122.5	43.6618881673	380
-122.107294276	44	380
-122	44.0919623822	380
-121.5	44.345746547	380
-121	44.4937133789	380
-120.948740363	44.5	380
-120.5	44.5924182832	380
> 390 contour -Z390
-120.5	44.5529384613	390
-120.277466133	44.5	390
-120.022279024	44	390
-120.17193836	43.5	390
-120.5	43.0218121409	390
-120.50891912	43	390
-120.935258031	42.5	390
-121	42.4458946213	390
-121.5	42.1514362097	390
-122	42.1150937378	390
-122.5	42.2292043865	390
-122.748693675	42.5	390
-122.767400593	43	390
-122.605903827	43.5	390
-122.5	43.6396556795	390
-122.081471965	44	390
-122	44.0698299706	390
-121.5	44.3273156583	390
-121	44.4702033401	390
-120.757044673	44.5	390
-120.5	44.5529384613	390
> 400 contour -Z400
-120.5	44.5134586692	400
-120.443424761	44.5	400
-120.062595755	44	400
-120.199032754	43.5	400
-120.5	43.0613053739	400
-120.525068164	43	400
-120.959310483	42.5	400
-121	42.4659954458	400
-121.5	42.1617649794	400
-122	42.1232672036	400
-122.5	42.2406569719	400
-122.738175824	42.5	400
-122.756701082	43	400
-122.589044459	43.5	400
-122.5	43.6174231768	400
-122.055649653	44	400
-122	44.0476975553	400
-121.5	44.3088847995	400
-121	44.4466932714	400
-120.56534899	44.5	400
-120.5	44.5134586692	400
> 410 contour -Z410
-122	44.0255651474	410
-121.5	44.2904539108	410
-121	44.4231832325	410
-120.5	44.4686390758	410
-120.102912486	44	410
-120.226127148	43.5	410
-120.5	43.1007985771	410
-120.541217208	43	410
-120.983362937	42.5	410
-121	42.4860962741	410
-121.5	42.172093749	410
-122	42.1314406693	410
-122.5	42.2521095872	410
-122.727657959	42.5	410
-122.746001601	43	410
-122.572185092	43.5	410
-122.5	43.5951906815	410
-122.02982734	44	410
-122	44.0255651474	410
> 420 contour -Z420
-122	44.0034327209	420
-121.5	44.272023052	420
-121	44.3996731639	420
-120.5	44.4210576415	420
-120.143229216	44	420
-120.253221557	43.5	420
-120.5	43.14029181	420
-120.557366222	43	420
-121	42.505561471	420
-121.004963756	42.5	420
-121.5	42.1824225187	420
-122	42.139614135	420
-122.5	42.2635621876	420
-122.717140108	42.5	420
-122.735302106	43	420
-122.55532572	43.5	420
-122.5	43.5729581863	420
-122.004005027	44	420
-122	44.0034327209	420
> 430 contour -Z430
-121.5	44.2535921931	430
-121	44.376163125	430
-120.5	44.3734762073	430
-120.183545947	44	430
-120.280315951	43.5	430
-120.5	43.179785043	430
-120.573515266	43	430
-121	42.5236005485	430
-121.021064132	42.5	430
-121.5	42.1927512884	430
-122	42.1477876008	430
-122.5	42.2750147879	430
-122.706622243	42.5	430
-122.724602625	43	430
-122.538466349	43.5	430
-122.5	43.5507256873	430
-122	43.9884719849	430
-121.971072972	44	430
-121.5	44.2535921931	430
> 440 contour -Z440
-121.5	44.2351613045	440
-121	44.3526530862	440
-120.5	44.325894773	440
-120.223862648	44	440
-120.307410344	43.5	440
-120.5	43.2192782462	440
-120.58966431	43	440
-121	42.541639626	440
-121.037164479	42.5	440
-121.5	42.2030800283	440
-122	42.1559610367	440
-122.5	42.2864673883	440
-122.696104392	42.5	440
-122.713903129	43	440
-122.521606982	43.5	440
-122.5	43.5284931902	440
-122	43.9748277366	440
-121.936835796	44	440
-121.5	44.2351613045	440
> 450 contour -Z450
-121.5	44.2167304456	450
-121	44.3291430175	450
-120.5	44.2783133388	450
-120.264179379	44	450
-120.334504738	43.5	450
-120.5	43.2587714791	450
-120.605813324	43	450
-121	42.5596787035	450
-121.053264856	42.5	450
-121.5	42.213408798	450
-122	42.1641345024	450
-122.5	42.2979199886	450
-122.685586527	42.5	450
-122.703203648	43	450
-122.504747614	43.5	450
-122.5	43.5062606926	450
-122	43.9611834884	450
-121.90259859	44	450
-121.5	44.2167304456	450
> 460 contour -Z460
-121.5	44.1982995868	460
-121	44.3056329787	460
-120.5	44.2307319045	460
-120.304496109	44	460
-120.361599132	43.5	460
-120.5	43.2982646972	460
-120.621962368	43	460
-121	42.5777177811	460
-121.069365203	42.5	460
-121.5	42.2237375677	460
-122	42.1723079681	460
-122.5	42.3093726039	460
-122.675068676	42.5	460
-122.692504153	43	460
-122.5	43.4808020294	460
-122.489283711	43.5	460
-122	43.9475392401	460
-121.868361384	44	460
-121.5	44.1982995868	460
> 470 contour -Z470
-121.5	44.1798686981	470
-121	44.28212291	470
-120.5	44.1831504703	470
-120.34481284	44	470
-120.388693534	43.5	470
-120.5	43.3377579153	470
-120.638111413	43	470
-121	42.5957568586	470
-121.08546558	42.5	470
-121.5	42.2340663373	470
-122	42.1804814339	470
-122.5	42.3208252043	470
-122.664550811	42.5	470
-122.681804657	43	470
-122.5	43.4540787935	470
-122.474366784	43.5	470
-122	43.9338950217	470
-121.834124207	44	470
-121.5	44.1798686981	470
> 480 contour -Z480
-121.5	44.1614378393	480
-121	44.2586128712	480
-120.5	44.135569036	480
-120.385129564	44	480
-120.415787928	43.5	480
-120.5	43.3772511408	480
-120.654260427	43	480
-121	42.6137959361	480
-121.101565927	42.5	480
-121.5	42.244395107	480
-122	42.1886548996	480
-122.5	42.3322778046	480
-122.654032961	42.5	480
-122.671105176	43	480
-122.5	43.4273555577	480
-122.459449887	43.5	480
-122	43.9202507734	480
-121.799887002	44	480
-121.5	44.1614378393	480
> 490 contour -Z490
-121.5	44.1430069804	490
-121	44.2351028174	490
-120.5	44.0879876018	490
-120.425446294	44	490
-120.442882322	43.5	490
-120.5	43.4167443663	490
-120.670409471	43	490
-121	42.6318350136	490
-121.117666304	42.5	490
-121.5	42.2547238618	490
-122	42.1968283653	490
-122.5	42.343730405	490
-122.643515095	42.5	490
-122.660405681	43	490
-122.5	43.400632292	490
-122.444532961	43.5	490
-122	43.9066065252	490
-121.765649825	44	490
-121.5	44.1430069804	490
> 500 contour -Z500
-121.5	44.1245760918	500
-121	44.2115927637	500
-120.5	44.0404061712	500
-120.465763018	44	500
-120.469976718	43.5	500
-120.5	43.4562375844	500
-120.686558515	43	500
-121	42.6498740911	500
-121.133766651	42.5	500
-121.5	42.2650526315	500
-122	42.2050018013	500
-122.5	42.3551830053	500
-122.632997245	42.5	500
-122.6497062	43	500
-122.5	43.3739090562	500
-122.429616034	43.5	500
-122	43.8929622769	500
-121.731412619	44	500
-121.5	44.1245760918	500
> 510 contour -Z510
-121.5	44.1061452329	510
-121	44.1880827099	510
-120.509250492	44	510
-120.5	43.7087675035	510
-120.497071113	43.5	510
-120.5	43.495730808	510
-120.702707559	43	510
-121	42.6679131687	510
-121.149867028	42.5	510
-121.5	42.2753813863	510
-122	42.213175267	510
-122.5	42.3666356057	510
-122.622479379	42.5	510
-122.639006704	43	510
-122.5	43.3471857905	510
-122.414699137	43.5	510
-122	43.8793180585	510
-121.697175428	44	510
-121.5	44.1061452329	510
> 520 contour -Z520
-121.5	44.0877143443	520
-121	44.1645726562	520
-120.570593417	44	520
-120.520085216	43.5	520
-120.718856573	43	520
-121	42.6859522462	520
-121.165967375	42.5	520
-121.5	42.285710156	520
-122	42.2213487327	520
-122.5	42.3780882135	520
-122.611961521	42.5	520
-122.628307223	43	520
-122.5	43.3204625547	520
-122.399782211	43.5	520
-122	43.8656738102	520
-121.662938237	44	520
-121.5	44.0877143443	520
> 530 contour -Z530
-121.5	44.0692834854	530
-121	44.1410626024	530
-120.631936371	44	530
-120.542604804	43.5	530
-120.735005617	43	530
-121	42.7039913237	530
-121.182067752	42.5	530
-121.5	42.2960389256	530
-122	42.2295221984	530
-122.5	42.3895408213	530
-122.601443663	42.5	530
-122.617607728	43	530
-122.5	43.293739289	530
-122.384865314	43.5	530
-122	43.852029562	530
-121.628701046	44	530
-121.5	44.0692834854	530
> 540 contour -Z540
-121.5	44.0508526266	540
-121	44.1175525561	540
-120.693279296	44	540
-120.565124393	43.5	540
-120.751154646	43	540
-121	42.7220304012	540
-121.198168099	42.5	540
-121.5	42.3063676804	540
-122	42.2376956642	540
-122.5	42.4009934217	540
-122.590925805	42.5	540
-122.606908239	43	540
-122.5	43.2670160532	540
-122.369948387	43.5	540
-122	43.8383853137	540
-121.594463855	44	540
-121.5	44.0508526266	540
> 550 contour -Z550
-121.5	44.0324217379	550
-121	44.0940425023	550
-120.754622251	44	550
-120.587643981	43.5	550
-120.76730369	43	550
-121	42.7400694788	550
-121.214268476	42.5	550
-121.5	42.3166964501	550
-122	42.2458691299	550
-122.5	42.412446022	550
-122.580407947	42.5	550
-122.596208744	43	550
-122.5	43.2402928025	550
-122.35503149	43.5	550
-122	43.8247410953	550
-121.56022666	44	550
-121.5	44.0324217379	550
> 560 contour -Z560
-121.5	44.0139908791	560
-121	44.0705324486	560
-120.815965191	44	560
-120.610163569	43.5	560
-120.783452719	43	560
-121	42.7581085563	560
-121.230368853	42.5	560
-121.5	42.3270252198	560
-122	42.2540425807	560
-122.5	42.4238986298	560
-122.569890089	42.5	560
-122.585509256	43	560
-122.5	43.2135695517	560
-122.340114564	43.5	560
-122	43.8110968471	560
-121.525989465	44	560
-121.5	44.0139908791	560
> 570 contour -Z570
-121	44.0470224023	570
-120.87730813	44	570
-120.632683128	43.5	570
-120.799601749	43	570
-121	42.7761476338	570
-121.2464692	42.5	570
-121.5	42.3373539746	570
-122	42.2622160465	570
-122.5	42.4353512302	570
-122.559372231	42.5	570
-122.574809767	43	570
-122.5	43.186846301	570
-122.325197637	43.5	570
-122	43.7974525988	570
-121.5	43.9961992204	570
-121.44625169	44	570
-121	44.0470224023	570
> 580 contour -Z580
-121	44.0235123336	580
-120.93865107	44	580
-120.655202717	43.5	580
-120.815750793	43	580
-121	42.7941867113	580
-121.262569562	42.5	580
-121.5	42.3476827443	580
-122	42.2703894973	580
-122.5	42.4468038343	580
-122.548854373	42.5	580
-122.564110279	43	580
-122.5	43.1601230502	580
-122.31028074	43.5	580
-122	43.7838083506	580
-121.5	43.9804218411	580
-121.223136738	44	580
-121	44.0235123336	580
> 590 contour -Z590
-121	44.0000022948	590
-120.999994009	44	590
-120.677722305	43.5	590
-120.831899822	43	590
-121	42.8122257888	590
-121.278669924	42.5	590
-121.5	42.3580115139	590
-122	42.278562963	590
-122.5	42.4582564346	590
-122.538336515	42.5	590
-122.553410787	43	590
-122.5	43.1333997995	590
-122.295363814	43.5	590
-122	43.7701641321	590
-121.5	43.9646444321	590
-121.000021789	44	590
-121	44.0000022948	590
> 600 contour -Z600
-122	43.7565198839	600
-121.5	43.948867023	600
-121	43.9650650024	600
-120.700241894	43.5	600
-120.848048866	43	600
-121	42.8302648664	600
-121.294770285	42.5	600
-121.5	42.3683402687	600
-122	42.2867364287	600
-122.5	42.4697090387	600
-122.527818656	42.5	600
-122.542711299	43	600
-122.5	43.1066765562	600
-122.280446917	43.5	600
-122	43.7565198839	600
> 610 contour -Z610
-122	43.7428756356	610
-121.5	43.9330896437	610
-121	43.9301266074	610
-120.722761452	43.5	610
-120.864197895	43	610
-121	42.8483039439	610
-121.310870647	42.5	610
-121.5	42.3786690384	610
-122	42.2949098796	610
-122.5	42.4811616428	610
-122.517300798	42.5	610
-122.532011811	43	610
-122.5	43.0799533054	610
-122.26552999	43.5	610
-122	43.7428756356	610
> 620 contour -Z620
-122	43.7292314172	620
-121.5	43.9173122346	620
-121	43.8951882124	620
-120.745281041	43.5	620
-120.880346932	43	620
-121	42.8663430214	620
-121.326971024	42.5	620
-121.5	42.3889978006	620
-122	42.3030833453	620
-122.5	42.4926142455	620
-122.50678294	42.5	620
-122.521312321	43	620
-122.5	43.0532300584	620
-122.250613064	43.5	620
-122	43.7292314172	620
> 630 contour -Z630
-122	43.7155871689	630
-121.5	43.9015348256	630
-121	43.8602498174	630
-120.767800629	43.5	630
-120.896495961	43	630
-121	42.8843821064	630
-121.343071386	42.5	630
-121.5	42.3993265703	630
-122	42.311256811	630
-122.492427647	42.5	630
-122.5	42.6318120658	630
-122.510612831	43	630
-122.5	43.0265068077	630
-122.235696167	43.5	630
-122	43.7155871689	630
> 640 contour -Z640
-122	43.7019429207	640
-121.5	43.8857574165	640
-121	43.8253113925	640
-120.790320203	43.5	640
-120.912644997	43	640
-121	42.9024211839	640
-121.359171748	42.5	640
-121.5	42.4096553326	640
-122	42.3194302619	640
-122.471103221	42.5	640
-122.499890059	43	640
-122.220779255	43.5	640
-122	43.7019429207	640
> 650 contour -Z650
-122	43.6882986724	650
-121.5	43.8699800372	650
-121	43.7903729975	650
-120.812839791	43.5	650
-120.928794034	43	650
-121	42.9204602614	650
-121.375272103	42.5	650
-121.5	42.4199840948	650
-122	42.3276037276	650
-122.449778825	42.5	650
-122.486315578	43	650
-122.205862343	43.5	650
-122	43.6882986724	650
> 660 contour -Z660
-122	43.674654454	660
-121.5	43.8542026281	660
-121	43.7554346025	660
-120.835359365	43.5	660
-120.944943067	43	660
-121	42.9384993389	660
-121.391372472	42.5	660
-121.5	42.4303128645	660
-122	42.3357771933	660
-122.428454399	42.5	660
-122.472741067	43	660
-122.190945417	43.5	660
-122	43.674654454	660
> 670 contour -Z670
-122	43.6610102057	670
-121.5	43.8384252191	670
-121	43.7204962075	670
-120.857878953	43.5	670
-120.961092103	43	670
-121	42.9565384164	670
-121.407472834	42.5	670
-121.5	42.4406416267	670
-122	42.3439506441	670
-122.407129973	42.5	670
-122.459166586	43	670
-122.176028505	43.5	670
-122	43.6610102057	670
> 680 contour -Z680
-122	43.6473659575	680
-121.5	43.8226478398	680
-121	43.6855577976	680
-120.880398534	43.5	680
-120.977241136	43	680
-121	42.9745774958	680
-121.423573196	42.5	680
-121.5	42.4509703927	680
-122	42.3521241099	680
-122.385805577	42.5	680
-122.445592105	43	680
-122.161111593	43.5	680
-122	43.6473659575	680
> 690 contour -Z690
-122	43.6337217093	690
-121.5	43.8068704307	690
-121	43.6506194025	690
-120.902918115	43.5	690
-120.993390172	43	690
-121	42.9926165733	690
-121.439673558	42.5	690
-121.5	42.4612991586	690
-122	42.3602975756	690
-122.364481151	42.5	690
-122.432017624	43	690
-122.146194682	43.5	690
-122	43.6337217093	690
> 700 contour -Z700
-122	43.6200774908	700
-121.5	43.7910930216	700
-121	43.6156809926	700
-120.925437696	43.5	700
-121	43.0756976008	700
-121.009912729	43	700
-121.455773924	42.5	700
-121.5	42.4716279227	700
-122	42.3684710413	700
-122.343156755	42.5	700
-122.418443114	43	700
-122.13127777	43.5	700
-122	43.6200774908	700
> 710 contour -Z710
-122	43.6064332426	710
-121.5	43.7753156424	710
-121	43.5807425976	710
-120.947957281	43.5	710
-121	43.2038469911	710
-121.026694149	43	710
-121.471874285	42.5	710
-121.5	42.4819566868	710
-122	42.3766444921	710
-122.321832329	42.5	710
-122.404868633	43	710
-122.116360851	43.5	710
-122	43.6064332426	710
> 720 contour -Z720
-122	43.5927889943	720
-121.5	43.7595382333	720
-121	43.5458041914	720
-120.970476862	43.5	720
-121	43.3319963515	720
-121.043475538	43	720
-121.487974648	42.5	720
-121.5	42.4922854519	720
-122	42.3848179579	720
-122.300507903	42.5	720
-122.391294152	43	720
-122.101443939	43.5	720
-122	43.5927889943	720
> 730 contour -Z730
-122	43.5791447461	730
-121.5	43.7437608242	730
-121	43.5108657917	730
-120.992996443	43.5	730
-121	43.4601457305	730
-121.060256928	43	730
-121.5	42.5047831833	730
-121.509482771	42.5	730
-122	42.3929914162	730
-122.279183507	42.5	730
-122.377719671	43	730
-122.086527027	43.5	730
-122	43.5791447461	730
> 740 contour -Z740
-122	43.5655005276	740
-121.5	43.72798343	740
-121.022755831	43.5	740
-121.077038318	43	740
-121.5	42.5236815512	740
-121.546949148	42.5	740
-122	42.4011648744	740
-122.257859081	42.5	740
-122.36414516	43	740
-122.071610108	43.5	740
-122	43.5655005276	740
> 750 contour -Z750
-122	43.5518562794	750
-121.5	43.7122060359	750
-121.055783123	43.5	750
-121.093819737	43	750
-121.5	42.5425799489	750
-121.584415495	42.5	750
-122	42.4093383402	750
-122.23653467	42.5	750
-122.350570679	43	750
-122.056693196	43.5	750
-122	43.5518562794	750
> 760 contour -Z760
-122	43.5382120311	760
-121.5	43.6964286268	760
-121.088810384	43.5	760
-121.110601127	43	760
-121.5	42.5614783168	760
-121.621881872	42.5	760
-122	42.4175117984	760
-122.215210259	42.5	760
-122.336996198	43	760
-122.041776281	43.5	760
-122	43.5382120311	760
> 770 contour -Z770
-122	43.5245677829	770
-121.5	43.6806512326	770
-121.121837676	43.5	770
-121.127382517	43	770
-121.5	42.5803766847	770
-121.659348249	42.5	770
-122	42.4256852642	770
-122.193885833	42.5	770
-122.323421717	43	770
-122.026859367	43.5	770
-122	43.5245677829	770
> 780 contour -Z780
-122	43.5109235644	780
-121.5	43.6648738235	780
-121.154864937	43.5	780
-121.144163907	43	780
-121.5	42.5992750823	780
-121.696814626	42.5	780
-122	42.4338587224	780
-122.172561422	42.5	780
-122.309847206	43	780
-122.011942454	43.5	780
-122	43.5109235644	780
> 790 contour -Z790
-121.5	43.6490964293	790
-121.187892228	43.5	790
-121.160945326	43	790
-121.5	42.6181734502	790
-121.734281003	42.5	790
-122	42.4420321845	790
-122.151237011	42.5	790
-122.296272725	43	790
-122	43.4954732955	790
-121.989667654	43.5	790
-121.5	43.6490964293	790
> 800 contour -Z800
-121.5	43.6333190203	800
-121.22091952	43.5	800
-121.177726716	43	800
-121.5	42.6370718181	800
-121.771747366	42.5	800
-122	42.4502056427	800
-122.1299126	42.5	800
-122.282698244	43	800
-122	43.4727719426	800
-121.937850982	43.5	800
-121.5	43.6333190203	800
> 810 contour -Z810
-121.5	43.617541641	810
-121.253946781	43.5	810
-121.194508106	43	810
-121.5	42.655970186	810
-121.809213743	42.5	810
-122	42.4583791047	810
-122.108588181	42.5	810
-122.269123763	43	810
-122	43.45007056	810
-121.88603428	43.5	810
-121.5	43.617541641	810
> 820 contour -Z820
-121.5	43.6017642319	820
-121.286974058	43.5	820
-121.211289495	43	820
-121.5	42.6748685837	820
-121.84668012	42.5	820
-122	42.4665525667	820
-122.087263763	42.5	820
-122.255549282	43	820
-122	43.4273692071	820
-121.834217608	43.5	820
-121.5	43.6017642319	820
> 830 contour -Z830
-121.5	43.5859868228	830
-121.320001334	43.5	830
-121.228070915	43	830
-121.5	42.6937669516	830
-121.884146489	42.5	830
-122	42.4747260269	830
-122.065939352	42.5	830
-122.241974786	43	830
-122	43.4046678245	830
-121.782400936	43.5	830
-121.5	43.5859868228	830
> 840 contour -Z840
-121.5	43.5702094436	840
-121.35302861	43.5	840
-121.244852304	43	840
-121.5	42.7126653194	840
-121.921612866	42.5	840
-122	42.482899487	840
-122.044614933	42.5	840
-122.22840029	43	840
-122	43.3819664717	840
-121.730584234	43.5	840
-121.5	43.5702094436	840
> 850 contour -Z850
-121.5	43.5544320345	850
-121.386055894	43.5	850
-121.261633694	43	850
-121.5	42.7315636873	850
-121.95907924	42.5	850
-122	42.4910729481	850
-122.023290521	42.5	850
-122.214825809	43	850
-122	43.359265089	850
-121.678767562	43.5	850
-121.5	43.5544320345	850
> 860 contour -Z860
-121.5	43.5386546254	860
-121.419083171	43.5	860
-121.278415099	43	860
-121.5	42.750462085	860
-121.996545611	42.5	860
-122	42.4992464093	860
-122.001966105	42.5	860
-122.201251313	43	860
-122	43.3365637362	860
-121.626950875	43.5	860
-121.5	43.5386546254	860
> 870 contour -Z870
-121.5	43.5228772163	870
-121.452110447	43.5	870
-121.295196488	43	870
-121.5	42.7693604529	870
-122	42.5308073461	870
-122.187676832	43	870
-122	43.3138623536	870
-121.575134188	43.5	870
-121.5	43.5228772163	870
> 880 contour -Z880
-121.5	43.5070998371	880
-121.485137725	43.5	880
-121.311977893	43	880
-121.5	42.7882588357	880
-122	42.5647436082	880
-122.174102336	43	880
-122	43.2911610007	880
-121.523317508	43.5	880
-121.5	43.5070998371	880
> 890 contour -Z890
-122	43.2684596181	890
-121.5	43.4744285941	890
-121.328759283	43	890
-121.5	42.8071572036	890
-122	42.5986798704	890
-122.160527855	43	890
-122	43.2684596181	890
> 900 contour -Z900
-122	43.2457582355	900
-121.5	43.4279351234	900
-121.345540673	43	900
-121.5	42.8260555863	900
-122	42.6326161325	900
-122.146953359	43	900
-122	43.2457582355	900
> 910 contour -Z910
-122	43.2230568826	910
-121.5	43.3814416528	910
-121.362322077	43	910
-121.5	42.8449539542	910
-122	42.6665523946	910
-122.133378878	43	910
-122	43.2230568826	910
> 920 contour -Z920
-122	43.2003555	920
-121.5	43.3349481821	920
-121.379103474	43	920
-121.5	42.863852337	920
-122	42.7004886568	920
-122.11980439	43	920
-122	43.2003555	920
> 930 contour -Z930
-122	43.1776541471	930
-121.5	43.2884547412	930
-121.395884871	43	930
-121.5	42.8827507123	930
-122	42.7344249189	930
-122.106229901	43	930
-122	43.1776541471	930
> 940 contour -Z940
-122	43.1549527645	940
-121.5	43.2419612557	940
-121.412666269	43	940
-121.5	42.9016490877	940
-122	42.768361181	940
-122.092655413	43	940
-122	43.1549527645	940
> 950 contour -Z950
-122	43.1322514117	950
-121.5	43.1954677999	950
-121.429447666	43	950
-121.5	42.920547463	950
-122	42.8022974432	950
-122.079080924	43	950
-122	43.1322514117	950
> 960 contour -Z960
-122	43.109550029	960
-121.5	43.1489743292	960
-121.446229063	43	960
-121.5	42.9394458383	960
-122	42.8362337202	960
-122.065506436	43	960
-122	43.109550029	960
> 970 contour -Z970
-122	43.0868486762	970
-121.5	43.102480866	970
-121.463010456	43	970
-121.5	42.9583442137	970
-122	42.8701699823	970
-122.051931944	43	970
-122	43.0868486762	970
> 980 contour -Z980
-122	43.0641472936	980
-121.5	43.0559873953	980
-121.479791855	43	980
-121.5	42.9772425909	980
-122	42.904106237	980
-122.038357455	43	980
-122	43.0641472936	980
> 990 contour -Z990
-122	43.0414459407	990
-121.5	43.0094939293	990
-121.496573252	43	990
-121.5	42.9961409664	990
-122	42.9380424991	990
-122.024782969	43	990
-122	43.0414459407	990
> 1000 contour -Z1000
-122	43.0187445581	1000
-121.745389909	43	1000
-122	42.9719787631	1000
-122.011208481	43	1000
-122	43.0187445581	1000
