> 10 contour -Z10
-117	53.5912685394	10
-116.5	53.6636046767	10
-116	53.700293377	10
-115.5	53.7015796602	10
-115	53.6631520391	10
-114.5	53.582729511	10
-114.098632634	53.5	10
-114	53.4825862348	10
-113.5	53.3900000751	10
-113	53.2878436744	10
-112.5	53.1653394103	10
-112	53.0135882115	10
-111.962227911	53	10
-111.5	52.8553105891	10
-111	52.6457957029	10
-110.712566823	52.5	10
-110.5	52.409624815	10
-110	52.185291782	10
-109.579682916	52	10
-109.5	51.9721861482	10
-109	51.7961523831	10
-108.5	51.5821889266	10
-108.3312774	51.5	10
-108	51.3038602173	10
-107.583035171	51	10
-107.5	50.9066021442	10
-107.16993472	50.5	10
-107.023995638	50	10
-107.108234763	49.5	10
-107.350537106	49	10
-107.5	48.8150288612	10
-107.706674278	48.5	10
-108	48.2365463078	10
-108.212515324	48	10
-108.5	47.7790971249	10
-108.828808859	47.5	10
-109	47.3775995225	10
-109.5	47.0114535093	10
-109.513986707	47	10
-110	46.6346444786	10
-110.172347009	46.5	10
-110.5	46.2408485413	10
-110.803337216	46	10
-111	45.8318766803	10
-111.408629477	45.5	10
-111.5	45.4137600884	10
-111.987799388	45	10
-112	44.9871581681	10
-112.5	44.5111007392	10
-112.512602508	44.5	10
-112.980266679	44	10
-113	43.9751796592	10
-113.3821586	43.5	10
-113.5	43.3438526243	10
-113.758502513	43	10
-114	42.6750923097	10
-114.128277957	42.5	10
-114.5	42.0084018409	10
-114.506233424	42	10
-114.904627346	41.5	10
-115	41.3948598132	10
-115.357042208	41	10
-115.5	40.8508449197	10
-115.865900397	40.5	10
-116	40.377493903	10
-116.49156798	40	10
-116.5	39.9937352343	10
-117	39.6526189744	10
-117.276227072	39.5	10
-117.5	39.3763954937	10
-118	39.1506127715	10
-118.5	39.0127924383	10
-118.577092707	39	10
-119	38.910007067	10
-119.5	38.862394467	10
-120	38.8733924478	10
-120.5	38.9608121105	10
-120.610519245	39	10
-121	39.1073197722	10
-121.5	39.3491587937	10
-121.710653335	39.5	10
-122	39.7117786109	10
-122.300466567	40	10
-122.5	40.2293901742	10
-122.704851449	40.5	10
-122.991799206	41	10
-123	41.0157353282	10
-123.27578637	41.5	10
-123.48776716	42	10
-123.5	42.0233807862	10
-123.831619322	42.5	10
-124	42.7747101486	10
-124.207911059	43	10
-124.5	43.3585003018	10
-124.632911414	43.5	10
-124.985355109	44	10
-125	44.029411763	10
-125.266117156	44.5	10
-125.406378627	45	10
-125.443832368	45.5	10
-125.441333026	46	10
-125.368476272	46.5	10
-125.233476818	47	10
-125.059148915	47.5	10
-125	47.6565314829	10
-124.89204815	48	10
-124.701809704	48.5	10
-124.5	48.9048405588	10
-124.458019912	49	10
-124.190346912	49.5	10
-124	49.7827060819	10
-123.858062595	50	10
-123.5	50.4450709224	10
-123.45451805	50.5	10
-123	50.9827255607	10
-122.981891364	51	10
-122.5	51.4232695103	10
-122.39323771	51.5	10
-122	51.7798191607	10
-121.608199224	52	10
-121.5	52.0653809756	10
-121	52.3318953812	10
-120.604064099	52.5	10
-120.5	52.5516661964	10
-120	52.7691180706	10
-119.5	52.9382862151	10
-119.283513576	53	10
-119	53.1001764983	10
-118.5	53.2513513267	10
-118	53.3782002032	10
-117.5	53.4855089486	10
-117.414511204	53.5	10
-117	53.5912685394	10
> 20 contour -Z20
-116.5	52.514424026	20
-116.224527836	52.5	20
-116	52.4898134172	20
-115.5	52.4229271412	20
-115	52.328192085	20
-114.5	52.2321213931	20
-114	52.1411488652	20
-113.5	52.043785695	20
-113.315882593	52	20
-113	51.9387790263	20
-112.5	51.8088319898	20
-112	51.6334332973	20
-111.678368568	51.5	20
-111.5	51.4368834496	20
-111	51.2468136847	20
-110.5	51.024423724	20
-110.447855581	51	20
-110	50.7550639808	20
-109.626755029	50.5	20
-109.5	50.3708781302	20
-109.188209802	50	20
-109.00571993	49.5	20
-109	49.0816270933	20
-108.998911939	49	20
-109	48.9968752235	20
-109.137721896	48.5	20
-109.418994337	48	20
-109.5	47.9193447903	20
-109.852528632	47.5	20
-110	47.376109466	20
-110.403401941	47	20
-110.5	46.9211866111	20
-110.973112166	46.5	20
-111	46.4774499554	20
-111.5	46.028142482	20
-111.528898388	46	20
-112	45.5757647455	20
-112.08039552	45.5	20
-112.5	45.1212134659	20
-112.632528305	45	20
-113	44.6621964574	20
-113.181892097	44.5	20
-113.5	44.1913026273	20
-113.712765902	44	20
-114	43.7041680515	20
-114.218323469	43.5	20
-114.5	43.1956805885	20
-114.697744995	43	20
-115	42.6586237252	20
-115.151042372	42.5	20
-115.5	42.099005878	20
-115.595518857	42	20
-116	41.5763339996	20
-116.082341462	41.5	20
-116.5	41.1203165352	20
-116.648910612	41	20
-117	40.7135051191	20
-117.299610928	40.5	20
-117.5	40.3557898402	20
-118	40.056537807	20
-118.134368151	40	20
-118.5	39.8334285468	20
-119	39.7012397945	20
-119.5	39.6387217343	20
-120	39.6371896863	20
-120.5	39.7125528455	20
-121	39.9068725109	20
-121.150494337	40	20
-121.5	40.2312842906	20
-121.790269554	40.5	20
-122	40.7327617407	20
-122.207713038	41	20
-122.5	41.4760969188	20
-122.51439304	41.5	20
-122.794026643	42	20
-122.998945504	42.5	20
-123	42.5034151077	20
-123.363175124	43	20
-123.5	43.1845263541	20
-123.693280026	43.5	20
-123.939685434	44	20
-124	44.1480106413	20
-124.196926922	44.5	20
-124.373566657	45	20
-124.44881624	45.5	20
-124.46700874	46	20
-124.424165577	46.5	20
-124.30140546	47	20
-124.12766616	47.5	20
-124	47.8116686046	20
-123.931560814	48	20
-123.715627462	48.5	20
-123.5	48.8783933222	20
-123.431245089	49	20
-123.082953729	49.5	20
-123	49.604246214	20
-122.661359385	50	20
-122.5	50.1697808504	20
-122.145164937	50.5	20
-122	50.6243574321	20
-121.5	50.9901657701	20
-121.484597713	51	20
-121	51.3056358397	20
-120.602723934	51.5	20
-120.5	51.5536877736	20
-120	51.7776931822	20
-119.5	51.9528915584	20
-119.339386761	52	20
-119	52.1174501553	20
-118.5	52.2579011619	20
-118	52.3673454523	20
-117.5	52.4480364919	20
-117	52.4970858693	20
-116.896738857	52.5	20
-116.5	52.514424026	20
> 30 contour -Z30
-118.5	51.5957369208	30
-118	51.6967862546	30
-117.5	51.7563961744	30
-117	51.7789924145	30
-116.5	51.7632444501	30
-116	51.6990290731	30
-115.5	51.6002351642	30
-115	51.5037379814	30
-114.975915592	51.5	30
-114.5	51.4422424436	30
-114	51.3772893846	30
-113.5	51.2834650874	30
-113	51.1461704671	30
-112.588988215	51	30
-112.5	50.9714992344	30
-112	50.7921973169	30
-111.5	50.5640147701	30
-111.378257982	50.5	30
-111	50.2511502206	30
-110.686177075	50	30
-110.5	49.7723642886	30
-110.299694583	49.5	30
-110.116249353	49	30
-110.119039506	48.5	30
-110.280213758	48	30
-110.5	47.6688067615	30
-110.590318531	47.5	30
-111	47.0503839254	30
-111.038457543	47	30
-111.5	46.5381191969	30
-111.534101576	46.5	30
-112	46.0450553894	30
-112.04267028	46	30
-112.5	45.5656985343	30
-112.565231591	45.5	30
-113	45.0964513421	30
-113.100347131	45	30
-113.5	44.6347776055	30
-113.647285938	44.5	30
-114	44.1735928953	30
-114.194844484	44	30
-114.5	43.708535254	30
-114.734055638	43.5	30
-115	43.2359090745	30
-115.261238649	43	30
-115.5	42.7532156706	30
-115.78107357	42.5	30
-116	42.2755078375	30
-116.313508943	42	30
-116.5	41.8236012608	30
-116.88671533	41.5	30
-117	41.4034705758	30
-117.5	41.0201930702	30
-117.53028959	41	30
-118	40.6700913012	30
-118.358721793	40.5	30
-118.5	40.4279495254	30
-119	40.2695657313	30
-119.5	40.194842577	30
-120	40.1922241151	30
-120.5	40.2854186893	30
-120.940811038	40.5	30
-121	40.5308137238	30
-121.5	40.9549162574	30
-121.541564047	41	30
-121.932241231	41.5	30
-122	41.6310700178	30
-122.194574028	42	30
-122.5	42.2613277882	30
-122.669412747	42.5	30
-122.794583172	43	30
-123	43.40190918	30
-123.078538768	43.5	30
-123.362062007	44	30
-123.5	44.3770355433	30
-123.552288774	44.5	30
-123.714146465	45	30
-123.810434073	45.5	30
-123.837672234	46	30
-123.80008772	46.5	30
-123.675474524	47	30
-123.5	47.4568047822	30
-123.484279096	47.5	30
-123.278414518	48	30
-123.01456054	48.5	30
-123	48.5231373794	30
-122.686067551	49	30
-122.5	49.2296876609	30
-122.261890203	49.5	30
-122	49.7670436502	30
-121.746928051	50	30
-121.5	50.2125162184	30
-121.106796049	50.5	30
-121	50.5741300434	30
-120.5	50.8676893711	30
-120.215096757	51	30
-120	51.1039017662	30
-119.5	51.3035836816	30
-119	51.4594465792	30
-118.836328745	51.5	30
-118.5	51.5957369208	30
> 40 contour -Z40
-118.5	51.0727032125	40
-118	51.1607755572	40
-117.5	51.2007234693	40
-117	51.2050616443	40
-116.5	51.1659795195	40
-116	51.0870667174	40
-115.506849289	51	40
-115.5	50.9989887476	40
-115	50.9370363355	40
-114.5	50.8796341717	40
-114	50.8007095158	40
-113.5	50.6835703552	40
-113	50.522220796	40
-112.94064026	50.5	40
-112.5	50.3266834319	40
-112	50.0614597984	40
-111.902342975	50	40
-111.5	49.6522654593	40
-111.351195052	49.5	40
-111.037740558	49	40
-111	48.8525473475	40
-110.9163519	48.5	40
-110.982942389	48	40
-111	47.9657555036	40
-111.190531611	47.5	40
-111.5	47.0871011019	40
-111.55511412	47	40
-112	46.502821058	40
-112.002225369	46.5	40
-112.475870768	46	40
-112.5	45.9770857636	40
-112.973694921	45.5	40
-113	45.475583829	40
-113.494793312	45	40
-113.5	44.9952418725	40
-114	44.5330365002	40
-114.035617054	44.5	40
-114.5	44.078553766	40
-114.588276148	44	40
-115	43.6246438324	40
-115.143602282	43.5	40
-115.5	43.1703663468	40
-115.704951286	43	40
-116	42.7269790769	40
-116.282403454	42.5	40
-116.5	42.3021496683	40
-116.881585971	42	40
-117	41.8964335695	40
-117.5	41.5099759996	40
-117.514958233	41.5	40
-118	41.1516488492	40
-118.309693873	41	40
-118.5	40.897780247	40
-119	40.7336593568	40
-119.5	40.6590948403	40
-120	40.6662991047	40
-120.5	40.7870085537	40
-120.859232813	41	40
-121	41.0911194682	40
-121.40290302	41.5	40
-121.5	41.6547678411	40
-121.697224334	42	40
-122	42.2863648832	40
-122.248081669	42.5	40
-122.420284361	43	40
-122.5	43.296767652	40
-122.577584542	43.5	40
-122.860144407	44	40
-123	44.3192280233	40
-123.074782982	44.5	40
-123.21451351	45	40
-123.301446438	45.5	40
-123.324448824	46	40
-123.280965716	46.5	40
-123.151788443	47	40
-123	47.3749376833	40
-122.950004935	47.5	40
-122.715477422	48	40
-122.5	48.3649290502	40
-122.418490887	48.5	40
-122.03303213	49	40
-122	49.0366940647	40
-121.545309447	49.5	40
-121.5	49.5422982089	40
-121	49.9548881054	40
-120.934639513	50	40
-120.5	50.2917430401	40
-120.101813637	50.5	40
-120	50.552998554	40
-119.5	50.7715112269	40
-119	50.939032197	40
-118.759125233	51	40
-118.5	51.0727032125	40
> 50 contour -Z50
-118.5	50.622177124	50
-118	50.6961754411	50
-117.5	50.7227812558	50
-117	50.7136122137	50
-116.5	50.6616059542	50
-116	50.5893565714	50
-115.5	50.517432319	50
-115.359690204	50.5	50
-115	50.4621594548	50
-114.5	50.4036144614	50
-114	50.3154409528	50
-113.5	50.1782796532	50
-113.058648586	50	50
-113	49.9724427164	50
-112.5	49.6754184663	50
-112.270730466	49.5	50
-112	49.2046765983	50
-111.835269541	49	50
-111.607451022	48.5	50
-111.587200582	48	50
-111.726158738	47.5	50
-112	47.0414664745	50
-112.021193594	47	50
-112.414324626	46.5	50
-112.5	46.4097813442	50
-112.856097698	46	50
-113	45.8551472127	50
-113.330227256	45.5	50
-113.5	45.3361493051	50
-113.836722866	45	50
-114	44.8488724828	50
-114.376123674	44.5	50
-114.5	44.3875772431	50
-114.935546637	44	50
-115	43.9412398189	50
-115.5	43.5065372586	50
-115.508058846	43.5	50
-116	43.081692487	50
-116.105666488	43	50
-116.5	42.6720107794	50
-116.727342308	42.5	50
-117	42.2743820548	50
-117.372300759	42	50
-117.5	41.8966437131	50
-118	41.5571728349	50
-118.117859125	41.5	50
-118.5	41.2971669286	50
-119	41.1411125362	50
-119.5	41.0745103955	50
-120	41.0957832038	50
-120.5	41.2461403012	50
-120.860453457	41.5	50
-121	41.6481777132	50
-121.238031015	42	50
-121.5	42.3090889305	50
-121.704063118	42.5	50
-122	42.8472038209	50
-122.078450754	43	50
-122.165058956	43.5	50
-122.362601221	44	50
-122.5	44.2767018974	50
-122.603456497	44.5	50
-122.764635265	45	50
-122.858038694	45.5	50
-122.872038841	46	50
-122.812829167	46.5	50
-122.671848595	47	50
-122.5	47.3965967	50
-122.455808848	47.5	50
-122.2025204	48	50
-122	48.3153098226	50
-121.87823388	48.5	50
-121.5	48.9453172386	50
-121.448976249	49	50
-121	49.4087297618	50
-120.880708337	49.5	50
-120.5	49.7774597108	50
-120.116278999	50	50
-120	50.0668140426	50
-119.5	50.3047210574	50
-119	50.483597815	50
-118.936770618	50.5	50
-118.5	50.622177124	50
> 60 contour -Z60
-119	50.0745664835	60
-118.5	50.2094751596	60
-118	50.2729706168	60
-117.5	50.2907752395	60
-117	50.2674896717	60
-116.5	50.2136888057	60
-116	50.1538592279	60
-115.5	50.1033418849	60
-115	50.0543956757	60
-114.588017285	50	60
-114.5	49.9899007678	60
-114	49.8882953525	60
-113.5	49.7028252482	60
-113.132511586	49.5	60
-113	49.4000258148	60
-112.573768139	49	60
-112.5	48.8919573724	60
-112.253329933	48.5	60
-112.152698755	48	60
-112.231192946	47.5	60
-112.459982503	47	60
-112.5	46.9483754821	60
-112.800789818	46.5	60
-113	46.2705160975	60
-113.210827708	46	60
-113.5	45.6898039281	60
-113.666613102	45.5	60
-114	45.1671474278	60
-114.163633496	45	60
-114.5	44.6862193942	60
-114.699761391	44.5	60
-115	44.2299785912	60
-115.263901457	44	60
-115.5	43.7920068055	60
-115.859973252	43.5	60
-116	43.3809324279	60
-116.492723342	43	60
-116.5	42.9939475968	60
-117	42.6102110445	60
-117.1539253	42.5	60
-117.5	42.2378433347	60
-117.866973922	42	60
-118	41.9070679247	60
-118.5	41.6618142426	60
-119	41.5128570497	60
-119.106051743	41.5	60
-119.5	41.4496886171	60
-120	41.4891432254	60
-120.030524328	41.5	60
-120.5	41.7295835316	60
-120.757466555	42	60
-121	42.2772218734	60
-121.185739532	42.5	60
-121.5	42.7101187706	60
-121.767079771	43	60
-121.867227137	43.5	60
-121.924193829	44	60
-122	44.3222323507	60
-122.08343111	44.5	60
-122.29949525	45	60
-122.432167202	45.5	60
-122.450161248	46	60
-122.374664873	46.5	60
-122.220068887	47	60
-122	47.4844509363	60
-121.992932886	47.5	60
-121.724641815	48	60
-121.5	48.3261721134	60
-121.372636288	48.5	60
-121	48.8960855007	60
-120.888241351	49	60
-120.5	49.3078891039	60
-120.203326374	49.5	60
-120	49.6270789355	60
-119.5	49.8792856932	60
-119.187358811	50	60
-119	50.0745664835	60
> 70 contour -Z70
-119	49.6903355718	70
-118.5	49.817846179	70
-118	49.8753433228	70
-117.5	49.8838692307	70
-117	49.8499599993	70
-116.5	49.8059086204	70
-116	49.7732574344	70
-115.5	49.7470103055	70
-115	49.7100702375	70
-114.5	49.6355420947	70
-114.047979057	49.5	70
-114	49.4830537438	70
-113.5	49.20393233	70
-113.245960981	49	70
-113	48.6868522614	70
-112.864530981	48.5	70
-112.690274656	48	70
-112.717781723	47.5	70
-112.887217633	47	70
-113	46.8211726248	70
-113.172684282	46.5	70
-113.5	46.072086513	70
-113.549439758	46	70
-113.987640382	45.5	70
-114	45.4876601901	70
-114.477408184	45	70
-114.5	44.9789251499	70
-115	44.5126619935	70
-115.014112741	44.5	70
-115.5	44.07626158	70
-115.594144523	44	70
-116	43.6698832214	70
-116.225573242	43.5	70
-116.5	43.2862811983	70
-116.891978197	43	70
-117	42.9170347899	70
-117.5	42.5602720082	70
-117.59650898	42.5	70
-118	42.238627553	70
-118.5	42.0060420632	70
-118.522461265	42	70
-119	41.8690077215	70
-119.5	41.8379781246	70
-120	41.9347670674	70
-120.112943158	42	70
-120.5	42.2847056687	70
-120.689125597	42.5	70
-121	42.6514818966	70
-121.462331861	43	70
-121.5	43.079036653	70
-121.64061369	43.5	70
-121.656799808	44	70
-121.672540933	44.5	70
-121.791058272	45	70
-121.973723918	45.5	70
-122	45.6778419614	70
-122.03656226	46	70
-122	46.2278354615	70
-121.955450565	46.5	70
-121.786777288	47	70
-121.551236894	47.5	70
-121.5	47.5915985107	70
-121.26124087	48	70
-121	48.3479891121	70
-120.872076213	48.5	70
-120.5	48.8480492234	70
-120.307941675	49	70
-120	49.2079923004	70
-119.5	49.4824908376	70
-119.459582925	49.5	70
-119	49.6903355718	70
> 80 contour -Z80
-119.5	49.0863571465	80
-119	49.302493602	80
-118.5	49.4351318181	80
-118	49.4936802387	80
-117.5	49.4879379869	80
-117	49.4546726346	80
-116.5	49.4348404706	80
-116	49.4340095222	80
-115.5	49.4253290892	80
-115	49.3879958987	80
-114.5	49.2845428288	80
-114	49.0656565055	80
-113.897082023	49	80
-113.5	48.5964222327	80
-113.421015471	48.5	80
-113.195917934	48	80
-113.179072142	47.5	80
-113.303968608	47	80
-113.5	46.5862850547	80
-113.536123842	46.5	80
-113.875130266	46	80
-114	45.8574615121	80
-114.29975687	45.5	80
-114.5	45.2954849899	80
-114.787520096	45	80
-115	44.8017460853	80
-115.336319104	44.5	80
-115.5	44.3572551906	80
-115.941029634	44	80
-116	43.9520343877	80
-116.5	43.5827200711	80
-116.614541531	43.5	80
-117	43.2238311172	80
-117.32189171	43	80
-117.5	42.8735354543	80
-118	42.5694504082	80
-118.160354286	42.5	80
-118.5	42.3553017825	80
-119	42.2523550242	80
-119.5	42.2618173659	80
-120	42.4396686219	80
-120.079285435	42.5	80
-120.5	42.652906239	80
-121	42.8952178285	80
-121.139000341	43	80
-121.445044637	43.5	80
-121.449040174	44	80
-121.412580252	44.5	80
-121.367777556	45	80
-121.438143104	45.5	80
-121.5	45.7365216911	80
-121.564036235	46	80
-121.533580739	46.5	80
-121.5	46.5982471779	80
-121.354258209	47	80
-121.106761657	47.5	80
-121	47.6780151129	80
-120.785671949	48	80
-120.5	48.3365520537	80
-120.336552054	48.5	80
-120	48.7690411806	80
-119.652511492	49	80
-119.5	49.0863571465	80
> 90 contour -Z90
-118.5	49.0412759483	90
-118	49.0987044647	90
-117.5	49.0924621448	90
-117	49.0861585066	90
-116.5	49.1182244569	90
-116	49.1490768492	90
-115.5	49.1475358903	90
-115	49.0869905278	90
-114.694825858	49	90
-114.5	48.9261290431	90
-114	48.5612766296	90
-113.939498235	48.5	90
-113.664875954	48	90
-113.610569537	47.5	90
-113.705744386	47	90
-113.901380748	46.5	90
-114	46.3477330357	90
-114.208353102	46	90
-114.5	45.6465024352	90
-114.619336814	45.5	90
-115	45.1079576015	90
-115.111966312	45	90
-115.5	44.6556075215	90
-115.696689844	44.5	90
-116	44.2612199485	90
-116.35187377	44	90
-116.5	43.8919536769	90
-117	43.5378145278	90
-117.057376176	43.5	90
-117.5	43.2182330489	90
-117.868586957	43	90
-118	42.9245135859	90
-118.5	42.7510717362	90
-119	42.6693130136	90
-119.5	42.6842997074	90
-120	42.770151183	90
-120.5	42.8987756446	90
-120.709665895	43	90
-121	43.1078345478	90
-121.300234616	43.5	90
-121.325829804	44	90
-121.255208999	44.5	90
-121.073884673	45	90
-121	45.3142499924	90
-120.961079091	45.5	90
-120.981877923	46	90
-121	46.1945721805	90
-121.027175549	46.5	90
-121	46.6010699272	90
-120.881161153	47	90
-120.623948455	47.5	90
-120.5	47.6864116192	90
-120.256416202	48	90
-120	48.2564162016	90
-119.707361206	48.5	90
-119.5	48.6381639838	90
-119	48.8894456923	90
-118.652769163	49	90
-118.5	49.0412759483	90
> 100 contour -Z100
-118.5	48.5880350173	100
-118	48.6543636173	100
-117.5	48.6905492842	100
-117	48.7673245966	100
-116.5	48.8407786191	100
-116	48.8842887282	100
-115.5	48.8753123879	100
-115	48.7758229375	100
-114.5	48.5257446263	100
-114.466036446	48.5	100
-114.107693642	48	100
-114.015607357	47.5	100
-114.091777176	47	100
-114.262306958	46.5	100
-114.5	46.0857341588	100
-114.547554642	46	100
-114.952959131	45.5	100
-115	45.4515529312	100
-115.468320146	45	100
-115.5	44.9718831033	100
-116	44.5815919936	100
-116.123540968	44.5	100
-116.5	44.2347211242	100
-116.873736247	44	100
-117	43.9167172536	100
-117.5	43.5935214758	100
-117.70223248	43.5	100
-118	43.3495826572	100
-118.5	43.16358459	100
-119	43.0658920109	100
-119.5	43.0312716663	100
-120	43.0289755464	100
-120.5	43.0662948191	100
-121	43.2969848961	100
-121.15542461	43.5	100
-121.202619448	44	100
-121.097837754	44.5	100
-121	44.7268481851	100
-120.90907988	45	100
-120.699161813	45.5	100
-120.5	45.9398934543	100
-120.471303076	46	100
-120.374035299	46.5	100
-120.242395893	47	100
-120.006842762	47.5	100
-120	47.5091739846	100
-119.582908683	48	100
-119.5	48.0681035966	100
-119	48.3951927722	100
-118.771578699	48.5	100
-118.5	48.5880350173	100
> 110 contour -Z110
-116.5	48.5866748691	110
-116	48.6416055858	110
-115.5	48.609397389	110
-115.116660416	48.5	110
-115	48.4475228786	110
-114.536548406	48	110
-114.5	47.8849723935	110
-114.393507667	47.5	110
-114.461845972	47	110
-114.5	46.8832656071	110
-114.617420614	46.5	110
-114.894921474	46	110
-115	45.8697803617	110
-115.320809722	45.5	110
-115.5	45.3275218308	110
-115.896647781	45	110
-116	44.9197267815	110
-116.5	44.5755423009	110
-116.630677402	44.5	110
-117	44.2552509159	110
-117.499935957	44	110
-117.5	43.9999593785	110
-118	43.6974674761	110
-118.5	43.5241494179	110
-118.581827819	43.5	110
-119	43.3206950426	110
-119.5	43.188811481	110
-120	43.1453899741	110
-120.5	43.1789835691	110
-121	43.4861352472	110
-121.010614598	43.5	110
-121.079409078	44	110
-121	44.315066576	110
-120.966205746	44.5	110
-120.787626356	45	110
-120.5	45.4540608525	110
-120.471314281	45.5	110
-120.195105821	46	110
-120	46.3195224702	110
-119.870773464	46.5	110
-119.5	46.9937889278	110
-119.493869841	47	110
-119.114570186	47.5	110
-119	47.6201470792	110
-118.5	47.9824074209	110
-118.458259344	48	110
-118	48.1763360351	110
-117.5	48.3442255855	110
-117	48.4731144309	110
-116.870117396	48.5	110
-116.5	48.5866748691	110
> 120 contour -Z120
-117.5	48.0493098199	120
-117	48.2485063225	120
-116.5	48.3603611588	120
-116	48.400311172	120
-115.5	48.3222504258	120
-115	48.0283763055	120
-114.970613696	48	120
-114.753226131	47.5	120
-114.79817158	47	120
-114.964305565	46.5	120
-115	46.4357196614	120
-115.232717156	46	120
-115.5	45.6968516409	120
-115.681418866	45.5	120
-116	45.2274924517	120
-116.305064365	45	120
-116.5	44.8609303683	120
-117	44.5513976514	120
-117.086790174	44.5	120
-117.5	44.2273327112	120
-117.993582916	44	120
-118	43.99611763	120
-118.5	43.6995264888	120
-119	43.5325468183	120
-119.116506636	43.5	120
-119.5	43.3463513106	120
-120	43.2618044168	120
-120.5	43.2916723192	120
-120.833051115	43.5	120
-120.965819925	44	120
-120.876873761	44.5	120
-120.666172817	45	120
-120.5	45.2623284161	120
-120.35159111	45.5	120
-120	45.9545553625	120
-119.960828304	46	120
-119.546897214	46.5	120
-119.5	46.562456809	120
-119.0681566	47	120
-119	47.0772906616	120
-118.5	47.4803187847	120
-118.46580869	47.5	120
-118	47.835074693	120
-117.603863701	48	120
-117.5	48.0493098199	120
> 130 contour -Z130
-117	48.0238982141	130
-116.5	48.1484338492	130
-116	48.1609622687	130
-115.5	48.0202634837	130
-115.466429606	48	130
-115.105335176	47.5	130
-115.115280807	47	130
-115.279487774	46.5	130
-115.5	46.1096833646	130
-115.558208942	46	130
-116	45.5270974636	130
-116.023940146	45.5	130
-116.5	45.1148109734	130
-116.649798453	45	130
-117	44.7554377168	130
-117.431332789	44.5	130
-117.5	44.4546881467	130
-118	44.1412704587	130
-118.290243	44	130
-118.5	43.8749035895	130
-119	43.6423910558	130
-119.5	43.5021235049	130
-119.511533171	43.5	130
-120	43.3782188669	130
-120.5	43.4043610692	130
-120.652896881	43.5	130
-120.869673491	44	130
-120.787541777	44.5	130
-120.544719275	45	130
-120.5	45.0705960095	130
-120.231867924	45.5	130
-120	45.7997709811	130
-119.827409536	46	130
-119.5	46.3707844317	130
-119.357609034	46.5	130
-119	46.8594403267	130
-118.805650651	47	130
-118.5	47.2733651102	130
-118.106277265	47.5	130
-118	47.5764494613	130
-117.5	47.8453079164	130
-117.056643717	48	130
-117	48.0238982141	130
> 140 contour -Z140
-117.5	47.6595585942	140
-117	47.8395056725	140
-116.5	47.9362281561	140
-116	47.9025647342	140
-115.5	47.5588292591	140
-115.456335448	47.5	140
-115.408690818	47	140
-115.5	46.7421278358	140
-115.574574977	46.5	140
-115.850863457	46	140
-116	45.8403610885	140
-116.300702974	45.5	140
-116.5	45.338744998	140
-116.94197413	45	140
-117	44.9594777934	140
-117.5	44.6129114628	140
-117.673537076	44.5	140
-118	44.2844015509	140
-118.5	44.0281802714	140
-118.556386024	44	140
-119	43.7522353232	140
-119.5	43.5880976915	140
-119.978474092	43.5	140
-120	43.4946333114	140
-120.116767667	43.5	140
-120.5	43.5252486467	140
-120.773527056	44	140
-120.698209822	44.5	140
-120.5	44.8891813457	140
-120.445669442	45	140
-120.112144753	45.5	140
-120	45.6449865997	140
-119.693990782	46	140
-119.5	46.2196904868	140
-119.191108853	46.5	140
-119	46.6920875162	140
-118.574254893	47	140
-118.5	47.0664114282	140
-118	47.3985393941	140
-117.774721593	47.5	140
-117.5	47.6595585942	140
> 150 contour -Z150
-117	47.6599015594	150
-116.5	47.7233716697	150
-116	47.6050519422	150
-115.856311336	47.5	150
-115.686061651	47	150
-115.829794154	46.5	150
-116	46.2118725181	150
-116.115780652	46	150
-116.5	45.5733758807	150
-116.560072035	45.5	150
-117	45.140537411	150
-117.15735954	45	150
-117.5	44.7539273351	150
-117.890268706	44.5	150
-118	44.4275326654	150
-118.5	44.1264719665	150
-118.753058299	44	150
-119	43.8620795608	150
-119.5	43.6740718782	150
-120	43.5880404115	150
-120.5	43.6921266615	150
-120.677380621	44	150
-120.608877845	44.5	150
-120.5	44.7137796432	150
-120.359676033	45	150
-120	45.4925458133	150
-119.99419716	45.5	150
-119.560572024	46	150
-119.5	46.0685965493	150
-119.024608674	46.5	150
-119	46.5247346945	150
-118.5	46.9222801924	150
-118.361181557	47	150
-118	47.2545011938	150
-117.5	47.4794478118	150
-117.431639522	47.5	150
-117	47.6599015594	150
> 160 contour -Z160
-116.5	47.5105151832	160
-116.464526534	47.5	160
-116	47.1002346054	160
-115.956185993	47	160
-116	46.8362610489	160
-116.072394043	46.5	160
-116.351874605	46	160
-116.5	45.8355265856	160
-116.774691969	45.5	160
-117	45.3159021139	160
-117.353715137	45	160
-117.5	44.894943215	160
-118	44.5530152917	160
-118.074941516	44.5	160
-118.5	44.2247636318	160
-118.949730571	44	160
-119	43.9719238132	160
-119.5	43.7600460351	160
-120	43.6803356111	160
-120.5	43.8590046763	160
-120.581234179	44	160
-120.519545868	44.5	160
-120.5	44.5383779518	160
-120.273682624	45	160
-120	45.3747851253	160
-119.90252468	45.5	160
-119.5	45.9447020888	160
-119.440751284	46	160
-119	46.4132867754	160
-118.879700691	46.5	160
-118.5	46.8078348935	160
-118.156766236	47	160
-118	47.1104629934	160
-117.5	47.3336880207	160
-117	47.4796738923	160
-116.65524897	47.5	160
-116.5	47.5105151832	160
> 170 contour -Z170
-117.5	47.1879281998	170
-117	47.294385761	170
-116.5	47.2193055749	170
-116.265042767	47	170
-116.289728671	46.5	170
-116.5	46.1390193999	170
-116.567893535	46	170
-116.989311904	45.5	170
-117	45.4912668187	170
-117.5	45.0369780064	170
-117.537308007	45	170
-118	44.6603990197	170
-118.226737291	44.5	170
-118.5	44.3230553269	170
-119	44.0627687871	170
-119.146801263	44	170
-119.5	43.8460202217	170
-120	43.7726308107	170
-120.470385015	44	170
-120.427149981	44.5	170
-120.18768923	45	170
-120	45.257024467	170
-119.8108522	45.5	170
-119.5	45.8434239626	170
-119.332237303	46	170
-119	46.3115346134	170
-118.73853749	46.5	170
-118.5	46.6933896095	170
-118	46.9717496336	170
-117.923443437	47	170
-117.5	47.1879281998	170
> 180 contour -Z180
-117.5	47.0421683788	180
-117	47.1090976521	180
-116.652050495	47	180
-116.507490486	46.5	180
-116.75010927	46	180
-117	45.7046433091	180
-117.151151717	45.5	180
-117.5	45.18198964	180
-117.683613777	45	180
-118	44.7677827179	180
-118.378533043	44.5	180
-118.5	44.4213470072	180
-119	44.1470900774	180
-119.344008788	44	180
-119.5	43.9319943935	180
-120	43.8649260253	180
-120.279443234	44	180
-120.333895952	44.5	180
-120.101695828	45	180
-120	45.1392638087	180
-119.71917972	45.5	180
-119.5	45.7421458364	180
-119.223723322	46	180
-119	46.2097824663	180
-118.597374298	46.5	180
-118.5	46.5789443105	180
-118	46.8505551219	180
-117.595014632	47	180
-117.5	47.0421683788	180
> 190 contour -Z190
-118	46.72936064	190
-117.5	46.8808310926	190
-117	46.8671920896	190
-116.737968951	46.5	190
-116.932324998	46	190
-117	45.9200119749	190
-117.310225308	45.5	190
-117.5	45.3270012438	190
-117.829919547	45	190
-118	44.8751664385	190
-118.5	44.520376116	190
-118.52951169	44.5	190
-119	44.2314113975	190
-119.5	44.021874696	190
-119.655390263	44	190
-120	43.9572212249	190
-120.088501424	44	190
-120.240641937	44.5	190
-120.01570243	45	190
-120	45.0215031449	190
-119.627507225	45.5	190
-119.5	45.6408677101	190
-119.115209341	46	190
-119	46.1080303118	190
-118.5	46.4644452929	190
-118.429586321	46.5	190
-118	46.72936064	190
> 200 contour -Z200
-118	46.6081661284	200
-117.5	46.7131527811	200
-117	46.5442155898	200
-116.968447421	46.5	200
-117	46.4105810896	200
-117.109895051	46	200
-117.469298912	45.5	200
-117.5	45.4720128644	200
-117.976225313	45	200
-118	44.9825501461	200
-118.5	44.62235865	200
-118.677217841	44.5	200
-119	44.3157326877	200
-119.5	44.1265385151	200
-120	44.1267124712	200
-120.147387922	44.5	200
-120	44.829559207	200
-119.915346235	45	200
-119.535834745	45.5	200
-119.5	45.5395895839	200
-119.00669536	46	200
-119	46.0062781526	200
-118.5	46.3498268723	200
-118.202592269	46.5	200
-118	46.6081661284	200
> 210 contour -Z210
-117.5	46.5454744697	210
-117.380454682	46.5	210
-117.284720287	46	210
-117.5	45.6979495287	210
-117.619287044	45.5	210
-118	45.1226890683	210
-118.118274271	45	210
-118.5	44.7243412137	210
-118.824923962	44.5	210
-119	44.4000539854	210
-119.5	44.2312023342	210
-120	44.3628957719	210
-120.054133892	44.5	210
-120	44.621043317	210
-119.811781526	45	210
-119.5	45.4158608317	210
-119.421801925	45.5	210
-119	45.8889270723	210
-118.843114674	46	210
-118.5	46.2352084368	210
-118	46.4806397557	210
-117.858067572	46.5	210
-117.5	46.5454744697	210
> 220 contour -Z220
-118.5	46.1205900013	220
-118	46.3005439341	220
-117.5	46.1204956174	220
-117.459545523	46	220
-117.5	45.9432399161	220
-117.767102301	45.5	220
-118	45.2691834718	220
-118.259497255	45	220
-118.5	44.8263237476	220
-118.9726301	44.5	220
-119	44.4843752896	220
-119.5	44.3358661383	220
-119.894475907	44.5	220
-119.708216816	45	220
-119.5	45.2777239978	220
-119.293419033	45.5	220
-119	45.7705502212	220
-118.675912902	46	220
-118.5	46.1205900013	220
> 230 contour -Z230
-118.5	46.0059715807	230
-118	46.1204481423	230
-117.767357737	46	230
-117.914917581	45.5	230
-118	45.4156778678	230
-118.400720254	45	230
-118.5	44.928306289	230
-119	44.6239879727	230
-119.294562057	44.5	230
-119.5	44.44052995	230
-119.642929077	44.5	230
-119.604652099	45	230
-119.5	45.1395871937	230
-119.165036157	45.5	230
-119	45.652173385	230
-118.508711146	46	230
-118.5	46.0059715807	230
> 240 contour -Z240
-119	45.5337965488	240
-118.5	45.7865667045	240
-118.125036865	45.5	240
-118.5	45.094604075	240
-118.584007502	45	240
-119	44.7761764377	240
-119.5	44.9881306812	240
-119.501087385	45	240
-119.5	45.0014503775	240
-119.036653262	45.5	240
-119	45.5337965488	240
> 250 contour -Z250
-118.5	45.5614024103	250
-118.419656955	45.5	250
-118.5	45.4131361395	250
-118.638118029	45.5	250
-118.5	45.5614024103	250
> 250 contour -Z250
-119	45.1985740364	250
-118.866860881	45	250
-119	44.9283648878	250
-119.161176518	45	250
-119	45.1985740364	250
