> 10 contour -Z10
-114.5	54.5377764404	10
-114	54.5970383212	10
-113.5	54.6350556016	10
-113	54.652635172	10
-112.5	54.648600027	10
-112	54.6164019704	10
-111.5	54.5502815768	10
-111.260536104	54.5	10
-111	54.44645679	10
-110.5	54.2963916957	10
-110	54.0898400918	10
-109.817399547	54	10
-109.5	53.8454376459	10
-109	53.5645644441	10
-108.897293113	53.5	10
-108.5	53.2572958767	10
-108.11832583	53	10
-108	52.9322875142	10
-107.5	52.648614645	10
-107.230182916	52.5	10
-107	52.3707191944	10
-106.5	52.0452756025	10
-106.438748363	52	10
-106.060542881	51.5	10
-106.113223851	51	10
-106.393328272	50.5	10
-106.5	50.3933282718	10
-106.821496561	50	10
-107	49.8658885807	10
-107.405491076	49.5	10
-107.5	49.435888283	10
-108	49.0618161559	10
-108.070801944	49	10
-108.5	48.6892014742	10
-108.739196956	48.5	10
-109	48.3119139373	10
-109.409337617	48	10
-109.5	47.9341482148	10
-110	47.5558652878	10
-110.069344223	47.5	10
-110.5	47.1676340997	10
-110.707173586	47	10
-111	46.7649159133	10
-111.316455737	46.5	10
-111.5	46.3426516056	10
-111.888888903	46	10
-112	45.8970989436	10
-112.428896613	45.5	10
-112.5	45.4282238334	10
-112.93219649	45	10
-113	44.9252182171	10
-113.396687254	44.5	10
-113.5	44.3796205372	10
-113.83589004	44	10
-114	43.8085106313	10
-114.270106405	43.5	10
-114.5	43.2339150608	10
-114.70794034	43	10
-115	42.664570272	10
-115.149904579	42.5	10
-115.5	42.0986866653	10
-115.594580472	42	10
-116	41.5853004456	10
-116.092837721	41.5	10
-116.5	41.1439754665	10
-116.68224895	41	10
-117	40.7423130572	10
-117.330710545	40.5	10
-117.5	40.3702010959	10
-118	40.0254487097	10
-118.042360485	40	10
-118.5	39.7143075466	10
-118.975576814	39.5	10
-119	39.4888407374	10
-119.5	39.2988856435	10
-120	39.1749941707	10
-120.5	39.1105729043	10
-121	39.1015515029	10
-121.5	39.1391837001	10
-122	39.2281085849	10
-122.5	39.3908319175	10
-122.726307541	39.5	10
-123	39.608166188	10
-123.5	39.9268258289	10
-123.596982025	40	10
-124	40.316199854	10
-124.203549698	40.5	10
-124.5	40.7626806349	10
-124.776129276	41	10
-125	41.2033542693	10
-125.323270202	41.5	10
-125.5	41.6645897031	10
-125.862040728	42	10
-126	42.1487968564	10
-126.332273185	42.5	10
-126.5	42.75	10
-126.684530348	43	10
-126.926480204	43.5	10
-127	43.7684083432	10
-127.076380782	44	10
-127.128194898	44.5	10
-127.102130391	45	10
-127.018842451	45.5	10
-127	45.5687394664	10
-126.894768327	46	10
-126.725898311	46.5	10
-126.51520264	47	10
-126.5	47.0340538993	10
-126.304179817	47.5	10
-126.057193793	48	10
-126	48.0992064476	10
-125.781700283	48.5	10
-125.5	48.9078580737	10
-125.432432353	49	10
-125.010752765	49.5	10
-125	49.5119522708	10
-124.512599502	50	10
-124.5	50.011823304	10
-124	50.4573267996	10
-123.948676467	50.5	10
-123.5	50.8608514965	10
-123.312587351	51	10
-123	51.2339089364	10
-122.583538234	51.5	10
-122.5	51.5560748875	10
-122	51.8532177508	10
-121.721334428	52	10
-121.5	52.1269541383	10
-121	52.3939468861	10
-120.784930229	52.5	10
-120.5	52.6527554691	10
-120	52.8898808658	10
-119.734131604	53	10
-119.5	53.1042666137	10
-119	53.3062814176	10
-118.5	53.4887236357	10
-118.467361182	53.5	10
-118	53.6761780232	10
-117.5	53.8439073861	10
-117	53.9889975488	10
-116.95714274	54	10
-116.5	54.1297296435	10
-116	54.2542690039	10
-115.5	54.3648000062	10
-115	54.4601293802	10
-114.726937607	54.5	10
-114.5	54.5377764404	10
> 20 contour -Z20
-116.5	52.0161584318	20
-116	52.0719668567	20
-115.5	52.1017146036	20
-115	52.1162651628	20
-114.5	52.1118910089	20
-114	52.0826270357	20
-113.5	52.0213656612	20
-113.381707124	52	20
-113	51.9371486306	20
-112.5	51.8274767101	20
-112	51.684422493	20
-111.5	51.5067097032	20
-111.482187126	51.5	20
-111	51.3410287797	20
-110.5	51.146079734	20
-110.18685469	51	20
-110	50.878436029	20
-109.59850961	50.5	20
-109.51271835	50	20
-109.662458539	49.5	20
-109.943639532	49	20
-110	48.9409477562	20
-110.347635657	48.5	20
-110.5	48.3632433563	20
-110.847493842	48	20
-111	47.865346387	20
-111.380414739	47.5	20
-111.5	47.394512184	20
-111.919313051	47	20
-112	46.9271077514	20
-112.446541507	46.5	20
-112.5	46.4497506544	20
-112.951743446	46	20
-113	45.9529047273	20
-113.439197823	45.5	20
-113.5	45.4383890815	20
-113.915732317	45	20
-114	44.912513651	20
-114.389489911	44.5	20
-114.5	44.3832122833	20
-114.861992061	44	20
-115	43.8536895365	20
-115.338729292	43.5	20
-115.5	43.3335129917	20
-115.845495164	43	20
-116	42.8493100852	20
-116.401670188	42.5	20
-116.5	42.4091084898	20
-117	42.0021837652	20
-117.002772719	42	20
-117.5	41.5796875358	20
-117.606161565	41.5	20
-118	41.1871692836	20
-118.284136593	41	20
-118.5	40.8475177735	20
-119	40.5479395092	20
-119.092926294	40.5	20
-119.5	40.2733602375	20
-120	40.0810795128	20
-120.364857674	40	20
-120.5	39.9623624012	20
-121	39.9032150358	20
-121.5	39.9218219817	20
-121.895640701	40	20
-122	40.012660265	20
-122.5	40.1418429613	20
-123	40.415611513	20
-123.11167559	40.5	20
-123.5	40.7797970474	20
-123.74063164	41	20
-124	41.2564529181	20
-124.251938015	41.5	20
-124.5	41.7481688857	20
-124.757526785	42	20
-125	42.2834334373	20
-125.197417855	42.5	20
-125.489829481	43	20
-125.5	43.031868428	20
-125.709811911	43.5	20
-125.809964418	44	20
-125.788171679	44.5	20
-125.690021753	45	20
-125.526264191	45.5	20
-125.5	45.5671269521	20
-125.336492956	46	20
-125.098108068	46.5	20
-125	46.6863449365	20
-124.83954832	47	20
-124.545210313	47.5	20
-124.5	47.5696550831	20
-124.210306361	48	20
-124	48.2585616708	20
-123.792714864	48.5	20
-123.5	48.7933858037	20
-123.271211118	49	20
-123	49.2330217808	20
-122.63701807	49.5	20
-122.5	49.6034537256	20
-122	49.9317920208	20
-121.883806199	50	20
-121.5	50.237080723	20
-121.013694745	50.5	20
-121	50.5076898625	20
-120.5	50.767778188	20
-120	50.9905873239	20
-119.976190656	51	20
-119.5	51.2007791698	20
-119	51.3815674782	20
-118.621521033	51.5	20
-118.5	51.541759517	20
-118	51.6935889274	20
-117.5	51.8248588145	20
-117	51.9344183505	20
-116.588294066	52	20
-116.5	52.0161584318	20
> 30 contour -Z30
-116.5	50.5296689868	30
-116	50.5398106016	30
-115.5	50.5340050422	30
-115	50.522842722	30
-114.588831872	50.5	30
-114.5	50.4954308271	30
-114	50.4352672398	30
-113.5	50.3426344991	30
-113	50.2049755752	30
-112.5	50.0354159512	30
-112.414996013	50	30
-112	49.7478070557	30
-111.764037147	49.5	30
-111.643624485	49	30
-111.754230291	48.5	30
-112	48.0525253117	30
-112.024373114	48	30
-112.4088149	47.5	30
-112.5	47.4079311937	30
-112.868369296	47	30
-113	46.8649193048	30
-113.325912654	46.5	30
-113.5	46.3145597726	30
-113.77279596	46	30
-114	45.753040731	30
-114.219083488	45.5	30
-114.5	45.1930015087	30
-114.667770714	45	30
-115	44.6410312355	30
-115.125536352	44.5	30
-115.5	44.1040149033	30
-115.59784016	44	30
-116	43.5951171815	30
-116.094820887	43.5	30
-116.5	43.1230072677	30
-116.630143106	43	30
-117	42.6765921116	30
-117.201465935	42.5	30
-117.5	42.2482803762	30
-117.825856894	42	30
-118	41.8578583002	30
-118.5	41.510656327	30
-118.516143531	41.5	30
-119	41.1582629085	30
-119.285526916	41	30
-119.5	40.8635557592	30
-120	40.6086574495	30
-120.349643499	40.5	30
-120.5	40.4429038428	30
-121	40.3414682299	30
-121.5	40.3314504772	30
-122	40.4133012369	30
-122.227885529	40.5	30
-122.5	40.5598369837	30
-123	40.8331428915	30
-123.200009167	41	30
-123.5	41.2393981218	30
-123.762149096	41.5	30
-124	41.7695854157	30
-124.230357155	42	30
-124.5	42.3292596191	30
-124.655247167	42.5	30
-124.91855827	43	30
-125	43.3792637512	30
-125.042814378	43.5	30
-125.087960064	44	30
-125	44.4542784393	30
-124.992786497	44.5	30
-124.840097219	45	30
-124.601424389	45.5	30
-124.5	45.6862598062	30
-124.331530482	46	30
-124.005304193	46.5	30
-124	46.5081764134	30
-123.669568807	47	30
-123.5	47.2372389287	30
-123.292487413	47.5	30
-123	47.8358759582	30
-122.838718027	48	30
-122.5	48.3064779043	30
-122.247250974	48.5	30
-122	48.6782253981	30
-121.5	48.9841809273	30
-121.470500201	49	30
-121	49.2621723413	30
-120.5	49.4941246212	30
-120.485344529	49.5	30
-120	49.7185437381	30
-119.5	49.9062235057	30
-119.201689288	50	30
-119	50.0714798868	30
-118.5	50.2188831568	30
-118	50.3390346766	30
-117.5	50.4344302118	30
-117	50.4949581325	30
-116.920541734	50.5	30
-116.5	50.5296689868	30
> 40 contour -Z40
-119	49.1175533831	40
-118.5	49.2343803346	40
-118	49.3087701797	40
-117.5	49.3586652279	40
-117	49.3931053281	40
-116.5	49.4161102772	40
-116	49.4235443771	40
-115.5	49.4141361117	40
-115	49.3782173097	40
-114.5	49.3074586689	40
-114	49.1608034521	40
-113.669656247	49	40
-113.5	48.8492716253	40
-113.246864527	48.5	40
-113.21064347	48	40
-113.400716186	47.5	40
-113.5	47.3561544269	40
-113.70574522	47	40
-114	46.6221938431	40
-114.078041881	46.5	40
-114.471107161	46	40
-114.5	45.9669031836	40
-114.877259582	45.5	40
-115	45.3604336828	40
-115.298170447	45	40
-115.5	44.7759698033	40
-115.740526438	44.5	40
-116	44.2262715995	40
-116.203279495	44	40
-116.5	43.702511847	40
-116.685165107	43.5	40
-117	43.1986507773	40
-117.191915035	43	40
-117.5	42.7201060653	40
-117.745678991	42.5	40
-118	42.2888982743	40
-118.415755704	42	40
-118.5	41.9352126643	40
-119	41.5793707073	40
-119.121302664	41.5	40
-119.5	41.2442114055	40
-119.98406766	41	40
-120	40.9907159768	40
-120.5	40.7420040071	40
-121	40.6256091595	40
-121.5	40.5978634059	40
-122	40.6428623199	40
-122.5	40.7914042324	40
-122.807923704	41	40
-123	41.0874824822	40
-123.451487571	41.5	40
-123.5	41.5538063049	40
-123.920657843	42	40
-124	42.1071205139	40
-124.355584592	42.5	40
-124.5	42.9056384861	40
-124.55595037	43	40
-124.667013377	43.5	40
-124.64685379	44	40
-124.5	44.4457170665	40
-124.484450758	44.5	40
-124.267908722	45	40
-124	45.4328045845	40
-123.957176924	45.5	40
-123.617536359	46	40
-123.5	46.1583042294	40
-123.221660435	46.5	40
-123	46.7488409579	40
-122.740972877	47	40
-122.5	47.2511600256	40
-122.196053743	47.5	40
-122	47.6727070659	40
-121.536406472	48	40
-121.5	48.0255420618	40
-121	48.3337105811	40
-120.654401779	48.5	40
-120.5	48.5782393292	40
-120	48.7945814431	40
-119.5	48.9625743032	40
-119.3652246	49	40
-119	49.1175533831	40
> 50 contour -Z50
-118	48.5196474195	50
-117.5	48.5672540516	50
-117	48.6088478565	50
-116.5	48.6325086206	50
-116	48.6128562167	50
-115.5	48.5436977558	50
-115.330682352	48.5	50
-115	48.368407011	50
-114.568560898	48	50
-114.5	47.80143103	50
-114.4275425	47.5	50
-114.5	47.2280061841	50
-114.547856897	47	50
-114.773443043	46.5	50
-115	46.1364575624	50
-115.069457442	46	50
-115.43345198	45.5	50
-115.5	45.4208701253	50
-115.824814275	45	50
-116	44.802688852	50
-116.242578655	44.5	50
-116.5	44.2188201845	50
-116.67622301	44	50
-117	43.6524693668	50
-117.125260085	43.5	50
-117.5	43.1153353751	50
-117.606494904	43	50
-118	42.6365292668	50
-118.160115391	42.5	50
-118.5	42.235127598	50
-118.865227163	42	50
-119	41.899801366	50
-119.5	41.5562279522	50
-119.586998165	41.5	50
-120	41.237755239	50
-120.5	41.0103183985	50
-120.537301391	41	50
-121	40.8338817507	50
-121.5	40.7750238925	50
-122	40.825177744	50
-122.45312351	41	50
-122.5	41.0078886747	50
-123	41.2431729436	50
-123.281089216	41.5	50
-123.5	41.7427993417	50
-123.742480949	42	50
-124	42.3476786017	50
-124.137861982	42.5	50
-124.349936128	43	50
-124.399001956	43.5	50
-124.340536535	44	50
-124.127817392	44.5	50
-124	44.7234692127	50
-123.839648545	45	50
-123.5	45.4618485272	50
-123.472118378	45.5	50
-123.079878896	46	50
-123	46.0921955928	50
-122.613697559	46.5	50
-122.5	46.6113247126	50
-122	46.9972617924	50
-121.995383829	47	50
-121.5	47.3520727158	50
-121.223162636	47.5	50
-121	47.6450246871	50
-120.5	47.8958966732	50
-120.231297404	48	50
-120	48.1047855094	50
-119.5	48.2765258849	50
-119	48.397739023	50
-118.5	48.4716652632	50
-118.186789483	48.5	50
-118	48.5196474195	50
> 60 contour -Z60
-120	47.5637931526	60
-119.5	47.7052524984	60
-119	47.8050426841	60
-118.5	47.8701025248	60
-118	47.9239259362	60
-117.5	47.9591955841	60
-117	47.9779683948	60
-116.5	47.9390174448	60
-116	47.7929284573	60
-115.621784776	47.5	60
-115.5	47.2551707625	60
-115.412639424	47	60
-115.471509496	46.5	60
-115.5	46.4322731644	60
-115.656235188	46	60
-115.929207899	45.5	60
-116	45.4085852131	60
-116.274810866	45	60
-116.5	44.722373724	60
-116.654389262	44.5	60
-117	44.0784426033	60
-117.054106146	44	60
-117.472048836	43.5	60
-117.5	43.4713085685	60
-117.935182758	43	60
-118	42.9401299432	60
-118.5	42.5105679333	60
-118.513005584	42.5	60
-119	42.1439492404	60
-119.232746392	42	60
-119.5	41.804256171	60
-119.970757499	41.5	60
-120	41.4814318195	60
-120.5	41.1707908213	60
-121	41.0201340914	60
-121.214270413	41	60
-121.5	40.9521843642	60
-121.933922946	41	60
-122	41.0025574565	60
-122.5	41.0874115229	60
-123	41.3988634273	60
-123.110690825	41.5	60
-123.5	41.9317923933	60
-123.564304061	42	60
-123.971096724	42.5	60
-124	42.6369780898	60
-124.172492728	43	60
-124.209973186	43.5	60
-124.092151009	44	60
-124	44.1831917465	60
-123.844498277	44.5	60
-123.5	44.979554683	60
-123.484506845	45	60
-123.112819754	45.5	60
-123	45.6355434358	60
-122.682187662	46	60
-122.5	46.1888705939	60
-122.09970881	46.5	60
-122	46.5823929533	60
-121.5	46.9025197029	60
-121.287049174	47	60
-121	47.1704673022	60
-120.5	47.3927552104	60
-120.155462191	47.5	60
-120	47.5637931526	60
> 70 contour -Z70
-120	47.1638973653	70
-119.5	47.2741070092	70
-119	47.3527042866	70
-118.5	47.4065030217	70
-118	47.4409174025	70
-117.5	47.4366662502	70
-117	47.3734445274	70
-116.5	47.1267280728	70
-116.371169299	47	70
-116.165921539	46.5	70
-116.225854933	46	70
-116.411329038	45.5	70
-116.5	45.3591936082	70
-116.677188545	45	70
-117	44.5277715325	70
-117.015198052	44.5	70
-117.360309944	44	70
-117.5	43.8341815323	70
-117.745435089	43.5	70
-118	43.2285355926	70
-118.210664421	43	70
-118.5	42.7433426082	70
-118.799472883	42.5	70
-119	42.3533908725	70
-119.5	42.0330646336	70
-119.54862076	42	70
-120	41.6603373885	70
-120.233837903	41.5	70
-120.5	41.3312632591	70
-121	41.119610846	70
-121.5	41.0493650734	70
-122	41.0647836924	70
-122.5	41.1669344008	70
-122.961398661	41.5	70
-123	41.5192770958	70
-123.465922654	42	70
-123.5	42.0568837225	70
-123.892298251	42.5	70
-123.99816972	43	70
-124	43.1005764604	70
-124.02094442	43.5	70
-124	43.5748851895	70
-123.91683194	44	70
-123.602132753	44.5	70
-123.5	44.6421726793	70
-123.228843853	45	70
-123	45.2830623686	70
-122.820004165	45.5	70
-122.5	45.8513481617	70
-122.324322402	46	70
-122	46.2715507448	70
-121.601650193	46.5	70
-121.5	46.5683397427	70
-121	46.8278971612	70
-120.5	46.9976069927	70
-120.489705265	47	70
-120	47.1638973653	70
> 80 contour -Z80
-118.5	47.0207899809	80
-118	47.0176908392	80
-117.855663046	47	80
-117.5	46.9439670146	80
-117	46.6390808672	80
-116.882103108	46.5	80
-116.75141041	46	80
-116.847952113	45.5	80
-117	45.1431717277	80
-117.047275871	45	80
-117.316747993	44.5	80
-117.5	44.2361268103	80
-117.635139227	44	80
-118	43.5153174698	80
-118.009941667	43.5	80
-118.473076494	43	80
-118.5	42.9761172943	80
-119	42.5535809994	80
-119.065879047	42.5	80
-119.5	42.1899175346	80
-119.779269323	42	80
-120	41.8339003026	80
-120.48696402	41.5	80
-120.5	41.49173568	80
-121	41.2190876007	80
-121.5	41.1169792414	80
-122	41.1270098984	80
-122.5	41.2464572489	80
-122.851234972	41.5	80
-123	41.5742916763	80
-123.412601858	42	80
-123.5	42.1458896995	80
-123.813499779	42.5	80
-123.932568431	43	80
-123.92964077	43.5	80
-123.784609288	44	80
-123.5	44.3940719366	80
-123.413530767	44.5	80
-123	44.9817374051	80
-122.98056826	45	80
-122.557619624	45.5	80
-122.5	45.5632633865	80
-122	45.9896198511	80
-121.983327508	46	80
-121.5	46.3166712224	80
-121.082019612	46.5	80
-121	46.544273559	80
-120.5	46.7317060232	80
-120	46.8475421071	80
-119.5	46.9308496118	80
-119	46.9867395759	80
-118.771672934	47	80
-118.5	47.0207899809	80
> 90 contour -Z90
-120	46.5809608102	90
-119.5	46.6587111652	90
-119	46.6940166801	90
-118.5	46.6965293735	90
-118	46.627796784	90
-117.679274499	46.5	90
-117.5	46.356305778	90
-117.26526311	46	90
-117.244621724	45.5	90
-117.377876222	45	90
-117.5	44.7575159669	90
-117.599913329	44.5	90
-117.88364815	44	90
-118	43.8454377204	90
-118.224202901	43.5	90
-118.5	43.2053922713	90
-118.687200099	43	90
-119	42.7321842909	90
-119.285475895	42.5	90
-119.5	42.3467704356	90
-120	42.0040771365	90
-120.005774915	42	90
-120.5	41.602463007	90
-120.671061188	41.5	90
-121	41.3185643554	90
-121.5	41.1845934391	90
-122	41.1892361045	90
-122.5	41.3259800971	90
-122.741071269	41.5	90
-123	41.6293062568	90
-123.359281033	42	90
-123.5	42.2348956764	90
-123.734701291	42.5	90
-123.866967112	43	90
-123.850514352	43.5	90
-123.652386636	44	90
-123.5	44.2109955549	90
-123.264085203	44.5	90
-123	44.8076426983	90
-122.7953282	45	90
-122.5	45.3356845081	90
-122.306467623	45.5	90
-122	45.7706289589	90
-121.631586298	46	90
-121.5	46.086213991	90
-121	46.3280561864	90
-120.5	46.4736226201	90
-120.351260543	46.5	90
-120	46.5809608102	90
> 100 contour -Z100
-121	46.1243072152	100
-120.5	46.2685112953	100
-120	46.3572688103	100
-119.5	46.4090393186	100
-119	46.4179960787	100
-118.5	46.3785207868	100
-118	46.1858614683	100
-117.789054215	46	100
-117.618030071	45.5	100
-117.678822637	45	100
-117.85459961	44.5	100
-118	44.2411354184	100
-118.108783722	44	100
-118.438464135	43.5	100
-118.5	43.4342671037	100
-118.895802863	43	100
-119	42.9107875973	100
-119.5	42.5026917756	100
-119.502715498	42.5	100
-120	42.0988944471	100
-120.140075207	42	100
-120.5	41.7104893625	100
-120.851410359	41.5	100
-121	41.4180411175	100
-121.5	41.252207607	100
-122	41.2514623255	100
-122.5	41.4055029601	100
-122.630907565	41.5	100
-123	41.6843208373	100
-123.305960208	42	100
-123.5	42.3239016384	100
-123.655902818	42.5	100
-123.801365823	43	100
-123.771387905	43.5	100
-123.520163976	44	100
-123.5	44.027919177	100
-123.114639647	44.5	100
-123	44.6335480064	100
-122.61008817	45	100
-122.5	45.1251316071	100
-122.058476377	45.5	100
-122	45.5516380891	100
-121.5	45.8904313147	100
-121.246804118	46	100
-121	46.1243072152	100
> 110 contour -Z110
-120.5	46.0633999705	110
-120	46.1522835642	110
-119.5	46.190803498	110
-119	46.1748054922	110
-118.5	46.0648642033	110
-118.372314095	46	110
-118	45.5464798957	110
-117.977768311	45.5	110
-117.962398008	45	110
-118	44.8819657117	110
-118.09227559	44.5	110
-118.313341245	44	110
-118.5	43.7192825675	110
-118.620348483	43.5	110
-119	43.0910297632	110
-119.06640923	43	110
-119.5	42.6192174554	110
-119.620268524	42.5	110
-120	42.1937117279	110
-120.274375483	42	110
-120.5	41.8185157031	110
-121	41.5112018585	110
-121.03099373	41.5	110
-121.5	41.319821775	110
-122	41.3136885315	110
-122.5	41.4850258203	110
-122.52074386	41.5	110
-123	41.7393354177	110
-123.252639383	42	110
-123.5	42.4129076153	110
-123.577104338	42.5	110
-123.735764503	43	110
-123.692261457	43.5	110
-123.5	43.8707015216	110
-123.433608562	44	110
-123	44.4798110127	110
-122.976106435	44.5	110
-122.5	44.9598038495	110
-122.439510971	45	110
-122	45.3970635831	110
-121.808423191	45.5	110
-121.5	45.7153735608	110
-121	45.9391522408	110
-120.721101642	46	110
-120.5	46.0633999705	110
> 120 contour -Z120
-121.5	45.5403158367	120
-121	45.783092469	120
-120.5	45.8951530159	120
-120	45.9602566361	120
-119.5	45.9772718251	120
-119	45.9296015203	120
-118.5	45.6781888604	120
-118.340569273	45.5	120
-118.223292112	45	120
-118.307320029	44.5	120
-118.5	44.0444839597	120
-118.513873041	44	120
-118.78918761	43.5	120
-119	43.2729075551	120
-119.1990951	43	120
-119.5	42.7357431352	120
-119.737821549	42.5	120
-120	42.2885290384	120
-120.408675767	42	120
-120.5	41.9265420511	120
-121	41.5748126805	120
-121.206994325	41.5	120
-121.5	41.3874359503	120
-122	41.375914745	120
-122.355353206	41.5	120
-122.5	41.5381796658	120
-123	41.7943500131	120
-123.199318558	42	120
-123.498926818	42.5	120
-123.5	42.5041101873	120
-123.670163199	43	120
-123.613135017	43.5	120
-123.5	43.7181369215	120
-123.355270594	44	120
-123	44.3931258321	120
-122.87351498	44.5	120
-122.5	44.8607252836	120
-122.290412992	45	120
-122	45.2623652816	120
-121.557733804	45.5	120
-121.5	45.5403158367	120
> 130 contour -Z130
-121	45.6270326674	130
-120.5	45.743398726	130
-120	45.8056732416	130
-119.5	45.7964596152	130
-119	45.679251045	130
-118.719611496	45.5	130
-118.5	45.0589109287	130
-118.480718914	45	130
-118.5	44.7906655371	130
-118.51838094	44.5	130
-118.672422022	44	130
-118.958026722	43.5	130
-119	43.4547853246	130
-119.331780955	43	130
-119.5	42.852268815	130
-119.85537459	42.5	130
-120	42.3833463341	130
-120.5	42.0172458291	130
-120.526647985	42	130
-121	41.6384234726	130
-121.382994898	41.5	130
-121.5	41.4550501294	130
-122	41.4381409585	130
-122.17715086	41.5	130
-122.5	41.5852163434	130
-123	41.8493645936	130
-123.145997733	42	130
-123.44901067	42.5	130
-123.5	42.6952856183	130
-123.604561888	43	130
-123.534008577	43.5	130
-123.5	43.5655723289	130
-123.276932597	44	130
-123	44.3064406812	130
-122.770923525	44.5	130
-122.5	44.7616467178	130
-122.141315013	45	130
-122	45.1276669949	130
-121.5	45.4201489687	130
-121.256993145	45.5	130
-121	45.6270326674	130
> 140 contour -Z140
-120.5	45.5916444361	140
-120	45.6510898322	140
-119.5	45.6156474203	140
-119.153746128	45.5	140
-119	45.4031511545	140
-118.719498903	45	140
-118.695121884	44.5	140
-118.830971003	44	140
-119	43.706712693	140
-119.080226421	43.5	140
-119.46446681	43	140
-119.5	42.9687944949	140
-119.972927611	42.5	140
-120	42.4781636354	140
-120.5	42.0711390674	140
-120.609923035	42	140
-121	41.7020342946	140
-121.5	41.5151809156	140
-122	41.500254035	140
-122.5	41.6322530508	140
-123	41.9043791741	140
-123.092676908	42	140
-123.399094552	42.5	140
-123.5	42.8864610121	140
-123.538960584	43	140
-123.5	43.2550897598	140
-123.469902366	43.5	140
-123.198594615	44	140
-123	44.2197555304	140
-122.668332085	44.5	140
-122.5	44.662568152	140
-122	44.996694684	140
-121.991586298	45	140
-121.5	45.3164059222	140
-121	45.4822247624	140
-120.882263571	45.5	140
-120.5	45.5916444361	140
> 150 contour -Z150
-121.5	45.2126628458	150
-121	45.3866590261	150
-120.5	45.4609853923	150
-120	45.4972471595	150
-119.5	45.4323344231	150
-119	45.0621336065	150
-118.956769206	45	150
-118.871862814	44.5	150
-118.989519984	44	150
-119	43.9818158075	150
-119.186995596	43.5	150
-119.5	43.0999236703	150
-119.554484069	43	150
-120	42.5569566488	150
-120.049803972	42.5	150
-120.5	42.1250323057	150
-120.693198085	42	150
-121	41.7656451017	150
-121.5	41.5604699254	150
-122	41.5433088839	150
-122.5	41.6792897284	150
-123	41.9593937546	150
-123.039356083	42	150
-123.349178404	42.5	150
-123.480107158	43	150
-123.417117983	43.5	150
-123.120256625	44	150
-123	44.1330703646	150
-122.565740645	44.5	150
-122.5	44.5634895861	150
-122	44.9333746731	150
-121.830405146	45	150
-121.5	45.2126628458	150
> 160 contour -Z160
-121.5	45.1089197695	160
-121	45.2910932899	160
-120.5	45.3624884486	160
-120	45.3754385412	160
-119.5	45.2445832789	160
-119.192831844	45	160
-119.040087461	44.5	160
-119.104939699	44	160
-119.293764755	43.5	160
-119.5	43.2363939881	160
-119.628895491	43	160
-120	42.6309550703	160
-120.114509612	42.5	160
-120.5	42.1789255738	160
-120.77647315	42	160
-121	41.8292559087	160
-121.5	41.605758965	160
-122	41.586363703	160
-122.5	41.7263264358	160
-122.978462845	42	160
-123	42.020927906	160
-123.299262255	42.5	160
-123.431122124	43	160
-123.3643336	43.5	160
-123.041918639	44	160
-123	44.04638521	160
-122.5	44.4825500846	160
-122.471048176	44.5	160
-122	44.870054692	160
-121.669223979	45	160
-121.5	45.1089197695	160
> 170 contour -Z170
-121.5	45.0051766932	170
-121	45.1955275536	170
-120.5	45.2639915049	170
-120	45.2536299527	170
-119.5	45.0568321347	170
-119.42862545	45	170
-119.185860038	44.5	170
-119.217306793	44	170
-119.400533915	43.5	170
-119.5	43.3728643209	170
-119.703306884	43	170
-120	42.7049534917	170
-120.179215252	42.5	170
-120.5	42.2328188121	170
-120.8597482	42	170
-121	41.8928667083	170
-121.5	41.6510480046	170
-122	41.6294185221	170
-122.5	41.7733631134	170
-122.896228731	42	170
-123	42.1008358598	170
-123.249346122	42.5	170
-123.38213709	43	170
-123.311549217	43.5	170
-123	43.9634925723	170
-122.97526601	44	170
-122.5	44.4339700639	170
-122.390447199	44.5	170
-122	44.8067347109	170
-121.508042825	45	170
-121.5	45.0051766932	170
> 180 contour -Z180
-121	45.0999618173	180
-120.5	45.1654945761	180
-120	45.1318213493	180
-119.695925862	45	180
-119.5	44.8117744625	180
-119.331632629	44.5	180
-119.329673886	44	180
-119.5	43.5215883553	180
-119.504773229	43.5	180
-119.777718291	43	180
-120	42.778951928	180
-120.243920922	42.5	180
-120.5	42.2867120653	180
-120.94302325	42	180
-121	41.9564775154	180
-121.5	41.6963370442	180
-122	41.672473371	180
-122.5	41.8203998059	180
-122.813994586	42	180
-123	42.1807437837	180
-123.199429974	42.5	180
-123.333152086	43	180
-123.258764833	43.5	180
-123	43.8849651217	180
-122.922063202	44	180
-122.5	44.3853900731	180
-122.309846252	44.5	180
-122	44.7434147149	180
-121.5	44.947829932	180
-121.262010902	45	180
-121	45.0999618173	180
> 190 contour -Z190
-121	45.004396081	190
-120.5	45.0669976324	190
-120	45.0100127431	190
-119.976903467	45	190
-119.5	44.5418399349	190
-119.477405205	44.5	190
-119.442040995	44	190
-119.5	43.8372048587	190
-119.574556917	43.5	190
-119.852129698	43	190
-120	42.8529503644	190
-120.308626562	42.5	190
-120.5	42.3406053036	190
-121	42.0092805922	190
-121.026225775	42	190
-121.5	41.741626054	190
-122	41.7155281901	190
-122.5	41.8674364984	190
-122.731760457	42	190
-123	42.2606517226	190
-123.149513826	42.5	190
-123.284167051	43	190
-123.205980465	43.5	190
-123	43.8064376414	190
-122.868860364	44	190
-122.5	44.3368100524	190
-122.229245275	44.5	190
-122	44.6800947189	190
-121.5	44.8929198682	190
-121.011522629	45	190
-121	45.004396081	190
> 200 contour -Z200
-122	44.6167747378	200
-121.5	44.8380098343	200
-121	44.945533067	200
-120.5	44.975976944	200
-120	44.8830083311	200
-119.609748781	44.5	200
-119.540681511	44	200
-119.644340575	43.5	200
-119.926541105	43	200
-120	42.9269487932	200
-120.373332202	42.5	200
-120.5	42.3944985569	200
-121	42.0386681557	200
-121.109271228	42	200
-121.5	41.7869150937	200
-122	41.7585830092	200
-122.5	41.9144731909	200
-122.649526313	42	200
-123	42.3405596614	200
-123.099597692	42.5	200
-123.235182017	43	200
-123.153196082	43.5	200
-123	43.7279102057	200
-122.815657556	44	200
-122.5	44.2882300317	200
-122.148644313	44.5	200
-122	44.6167747378	200
> 210 contour -Z210
-122	44.5534547567	210
-121.5	44.7830997705	210
-121	44.8884398043	210
-120.5	44.9008578956	210
-120	44.7555385828	210
-119.73962906	44.5	210
-119.624699593	44	210
-119.714124233	43.5	210
-120	43.0015574694	210
-120.000575244	43	210
-120.438037846	42.5	210
-120.5	42.4483918026	210
-121	42.0680557191	210
-121.192316651	42	210
-121.5	41.8322041184	210
-122	41.8016378433	210
-122.5	41.9615098834	210
-122.567292184	42	210
-123	42.4204676077	210
-123.049681552	42.5	210
-123.186196998	43	210
-123.100411698	43.5	210
-123	43.6493827403	210
-122.762454748	44	210
-122.5	44.239650026	210
-122.068043344	44.5	210
-122	44.5534547567	210
> 220 contour -Z220
-121.5	44.7281897366	220
-121	44.8313465416	220
-120.5	44.8257388175	220
-120	44.6280688196	220
-119.869509324	44.5	220
-119.708717674	44	220
-119.78390789	43.5	220
-120	43.1232297122	220
-120.045513004	43	220
-120.5	42.5020873845	220
-120.501542866	42.5	220
-121	42.0974432826	220
-121.275362089	42	220
-121.5	41.877493158	220
-122	41.8446926624	220
-122.476022035	42	220
-122.5	42.002453208	220
-122.999936253	42.5	220
-123	42.5008375049	220
-123.137211964	43	220
-123.047627319	43.5	220
-123	43.5708552822	220
-122.70925194	44	220
-122.5	44.1910700202	220
-122	44.4946425259	220
-121.981932074	44.5	220
-121.5	44.7281897366	220
> 230 contour -Z230
-121.5	44.6732796729	230
-121	44.774253279	230
-120.5	44.7506197691	230
-120	44.5005990705	230
-119.999389601	44.5	230
-119.792735755	44	230
-119.853691548	43.5	230
-120	43.2449019551	230
-120.090450764	43	230
-120.5	42.5513188839	230
-120.537931383	42.5	230
-121	42.1268308461	230
-121.358407512	42	230
-121.5	41.9227821901	230
-122	41.8877474964	230
-122.34405759	42	230
-122.5	42.0159544647	230
-122.986370146	42.5	230
-123	42.6790398061	230
-123.088226937	43	230
-123	43.4742731154	230
-122.997285098	43.5	230
-122.656049132	44	230
-122.5	44.1424899995	230
-122	44.4602555633	230
-121.865963161	44.5	230
-121.5	44.6732796729	230
> 240 contour -Z240
-121.5	44.6183696389	240
-121	44.7171600014	240
-120.5	44.6755007058	240
-120.149372667	44.5	240
-120	44.2978840172	240
-119.876753829	44	240
-119.923475213	43.5	240
-120	43.3665741831	240
-120.135388523	43	240
-120.5	42.6005504131	240
-120.574319899	42.5	240
-121	42.1562184095	240
-121.441452947	42	240
-121.5	41.9680712186	240
-122	41.9308023229	240
-122.212093145	42	240
-122.5	42.0294556916	240
-122.97280407	42.5	240
-123	42.8572421074	240
-123.039241914	43	240
-123	43.2109489888	240
-122.969496965	43.5	240
-122.602846324	44	240
-122.5	44.0939099863	240
-122	44.4258686304	240
-121.749994248	44.5	240
-121.5	44.6183696389	240
> 250 contour -Z250
-121.5	44.5634595752	250
-121	44.6600667387	250
-120.5	44.60038165	250
-120.299450666	44.5	250
-120	44.0948136747	250
-119.960771907	44	250
-119.993258874	43.5	250
-120	43.4882464204	250
-120.180326283	43	250
-120.5	42.6497819126	250
-120.610708416	42.5	250
-121	42.185605973	250
-121.5	42.0051100552	250
-121.663489312	42	250
-122	41.9738571476	250
-122.080128692	42	250
-122.5	42.0429569483	250
-122.959237963	42.5	250
-122.99676019	43	250
-122.941708833	43.5	250
-122.549643509	44	250
-122.5	44.0453299768	250
-122	44.3914816678	250
-121.63402535	44.5	250
-121.5	44.5634595752	250
> 260 contour -Z260
-121.5	44.5085495412	260
-121	44.6029734761	260
-120.5	44.5252625886	260
-120.449528672	44.5	260
-120.037514746	44	260
-120.043117166	43.5	260
-120.225264043	43	260
-120.5	42.699013412	260
-120.647096932	42.5	260
-121	42.2149935365	260
-121.5	42.0224321783	260
-122	42.0048957765	260
-122.5	42.056458205	260
-122.945671886	42.5	260
-122.980471641	43	260
-122.91392073	43.5	260
-122.5	43.9977643788	260
-122.496799469	44	260
-122	44.3570947349	260
-121.518056437	44.5	260
-121.5	44.5085495412	260
> 270 contour -Z270
-121	44.5458801985	270
-120.726163417	44.5	270
-120.5	44.4467831552	270
-120.107885718	44	270
-120.09084487	43.5	270
-120.270201802	43	270
-120.5	42.7482449114	270
-120.683485448	42.5	270
-121	42.2443810999	270
-121.5	42.0397543311	270
-122	42.0173595846	270
-122.5	42.0699594617	270
-122.93210578	42.5	270
-122.964183062	43	270
-122.886132598	43.5	270
-122.5	43.9643475115	270
-122.44895947	44	270
-122	44.3227077723	270
-121.5	44.471336931	270
-121.243825749	44.5	270
-121	44.5458801985	270
> 280 contour -Z280
-122	44.2883208245	280
-121.5	44.4373880029	280
-121	44.4913449287	280
-120.5	44.3666009605	280
-120.17825672	44	280
-120.138572574	43.5	280
-120.315139562	43	280
-120.5	42.7974764109	280
-120.719873965	42.5	280
-121	42.2737686783	280
-121.5	42.0570764542	280
-122	42.0298233628	280
-122.5	42.0834607184	280
-122.918539703	42.5	280
-122.947894514	43	280
-122.858344465	43.5	280
-122.5	43.9309306443	280
-122.401119441	44	280
-122	44.2883208245	280
> 290 contour -Z290
-122	44.2539338768	290
-121.5	44.403439045	290
-121	44.4472761452	290
-120.5	44.2864187956	290
-120.248627722	44	290
-120.186300248	43.5	290
-120.360077322	43	290
-120.5	42.8467079103	290
-120.756262466	42.5	290
-121	42.3031562418	290
-121.5	42.074398607	290
-122	42.0422871709	290
-122.5	42.0969619751	290
-122.904973596	42.5	290
-122.931605965	43	290
-122.830556363	43.5	290
-122.5	43.897513777	290
-122.353279412	44	290
-122	44.2539338768	290
> 300 contour -Z300
-122	44.2195469439	300
-121.5	44.3694901168	300
-121	44.4032073617	300
-120.5	44.2062366307	300
-120.318998709	44	300
-120.234027952	43.5	300
-120.405015081	43	300
-120.5	42.8959394097	300
-120.792650983	42.5	300
-121	42.3325438052	300
-121.5	42.0917207301	300
-122	42.0547509491	300
-122.5	42.1104632318	300
-122.89140752	42.5	300
-122.915317416	43	300
-122.80276823	43.5	300
-122.5	43.86409688	300
-122.305439413	44	300
-122	44.2195469439	300
> 310 contour -Z310
-122	44.1851599813	310
-121.5	44.3355411589	310
-121	44.3591385782	310
-120.5	44.1260544658	310
-120.389369704	44	310
-120.281755641	43.5	310
-120.449952845	43	310
-120.5	42.9451709092	310
-120.829039499	42.5	310
-121	42.3619313687	310
-121.5	42.1090428531	310
-122	42.0672147572	310
-122.5	42.1239644885	310
-122.877841413	42.5	310
-122.899028838	43	310
-122.774980128	43.5	310
-122.5	43.8306800127	310
-122.257599384	44	310
-122	44.1851599813	310
> 320 contour -Z320
-122	44.1507730484	320
-121.5	44.3015922308	320
-121	44.3150697947	320
-120.5	44.045872286	320
-120.459740695	44	320
-120.32948333	43.5	320
-120.494890606	43	320
-120.5	42.9944024109	320
-120.865428016	42.5	320
-121	42.3913189322	320
-121.5	42.126365006	320
-122	42.0796785355	320
-122.5	42.1374657154	320
-122.864275336	42.5	320
-122.882740289	43	320
-122.747191995	43.5	320
-122.5	43.7972631454	320
-122.209759369	44	320
-122	44.1507730484	320
> 330 contour -Z330
-122	44.1163860857	330
-121.5	44.2676432729	330
-121	44.2710009813	330
-120.532527983	44	330
-120.5	43.9286976755	330
-120.377211019	43.5	330
-120.5	43.1281151772	330
-120.527254194	43	330
-120.901816525	42.5	330
-121	42.4207064956	330
-121.5	42.143687129	330
-122	42.0921423435	330
-122.5	42.1509669721	330
-122.85070923	42.5	330
-122.86645174	43	330
-122.719403878	43.5	330
-122.5	43.7638462484	330
-122.161919355	44	330
-122	44.1163860857	330
> 340 contour -Z340
-122	44.0819991529	340
-121.5	44.2336943448	340
-121	44.2269322127	340
-120.608545899	44	340
-120.5	43.7620642483	340
-120.424938709	43.5	340
-120.5	43.2726656348	340
-120.558004677	43	340
-120.938205041	42.5	340
-121	42.4500940554	340
-121.5	42.1610092819	340
-122	42.1046061218	340
-122.5	42.1644682288	340
-122.837143153	42.5	340
-122.850163192	43	340
-122.691615745	43.5	340
-122.5	43.7304293811	340
-122.114079341	44	340
-122	44.0819991529	340
> 350 contour -Z350
-122	44.0476121902	350
-121.5	44.1997454017	350
-121	44.1828634143	350
-120.684563786	44	350
-120.5	43.5954307988	350
-120.4726664	43.5	350
-120.5	43.4172160998	350
-120.58875519	43	350
-120.974593557	42.5	350
-121	42.4794816189	350
-121.5	42.1783314049	350
-122	42.1170699298	350
-122.5	42.1779694855	350
-122.823577046	42.5	350
-122.833874643	43	350
-122.663827628	43.5	350
-122.5	43.6970125139	350
-122.066239327	44	350
-122	44.0476121902	350
> 360 contour -Z360
-122	44.0132252574	360
-121.5	44.1657964587	360
-121	44.1387946308	360
-120.760581672	44	360
-120.517036289	43.5	360
-120.619505674	43	360
-121	42.5119049847	360
-121.008443564	42.5	360
-121.5	42.1956535578	360
-122	42.1295337081	360
-122.5	42.1914707422	360
-122.81001094	42.5	360
-122.817586064	43	360
-122.63603951	43.5	360
-122.5	43.6635956317	360
-122.018399309	44	360
-122	44.0132252574	360
> 370 contour -Z370
-121.5	44.1318475306	370
-121	44.0947258398	370
-120.836599573	44	370
-120.556905836	43.5	370
-120.650256187	43	370
-121	42.5513514578	370
-121.036420941	42.5	370
-121.5	42.2129756808	370
-122	42.1419975162	370
-122.5	42.2049719989	370
-122.796444863	42.5	370
-122.801297516	43	370
-122.608251385	43.5	370
-122.5	43.6301787645	370
-122	43.9837630689	370
-121.931608617	44	370
-121.5	44.1318475306	370
> 380 contour -Z380
-121.5	44.0978985727	380
-121	44.0506570525	380
-120.912617467	44	380
-120.596775383	43.5	380
-120.68100667	43	380
-121	42.5907979608	380
-121.064398289	42.5	380
-121.5	42.2302978039	380
-122	42.1544612944	380
-122.5	42.2184732556	380
-122.782878757	42.5	380
-122.785008967	43	380
-122.580463268	43.5	380
-122.5	43.5967618823	380
-122	43.9573786855	380
-121.82047528	44	380
-121.5	44.0978985727	380
> 390 contour -Z390
-121.5	44.0639496446	390
-121	44.0065882625	390
-120.988635362	44	390
-120.63664493	43.5	390
-120.711757153	43	390
-121	42.6302444339	390
-121.092375636	42.5	390
-121.5	42.2476199567	390
-122	42.1669250727	390
-122.5	42.2319745123	390
-122.76931268	42.5	390
-122.768720418	43	390
-122.552675147	43.5	390
-122.5	43.5633450076	390
-122	43.9309942722	390
-121.709341943	44	390
-121.5	44.0639496446	390
> 400 contour -Z400
-121.5	44.0300006866	400
-121.245213926	44	400
-121	43.9525607526	400
-120.676514477	43.5	400
-120.742507666	43	400
-121	42.669690907	400
-121.120352983	42.5	400
-121.5	42.2649420798	400
-122	42.1793888807	400
-122.5	42.2454757392	400
-122.755746573	42.5	400
-122.75243184	43	400
-122.524887023	43.5	400
-122.5	43.5299281329	400
-122	43.9046098888	400
-121.598208599	44	400
-121.5	44.0300006866	400
> 410 contour -Z410
-122	43.8782254979	410
-121.5	43.996378392	410
-121	43.8967826962	410
-120.716384053	43.5	410
-120.773258165	43	410
-121	42.7091374099	410
-121.148330331	42.5	410
-121.5	42.2822642177	410
-122	42.191852659	410
-122.5	42.2589770108	410
-122.742180496	42.5	410
-122.736143291	43	410
-122.5	43.4964250922	410
-122.496384919	43.5	410
-122	43.8782254979	410
> 420 contour -Z420
-122	43.851841107	420
-121.5	43.9652379751	420
-121	43.8410046399	420
-120.756253585	43.5	420
-120.804008663	43	420
-121	42.748583883	420
-121.176307678	42.5	420
-121.5	42.2995863557	420
-122	42.204316467	420
-122.5	42.2724782526	420
-122.728614405	42.5	420
-122.719854742	43	420
-122.5	43.4621829689	420
-122.461757928	43.5	420
-122	43.851841107	420
> 430 contour -Z430
-122	43.8254567236	430
-121.5	43.9340975583	430
-121	43.7852265835	430
-120.796123132	43.5	430
-120.834759161	43	430
-121	42.788030386	430
-121.204285026	42.5	430
-121.5	42.3169084936	430
-122	42.2167802453	430
-122.5	42.2859795094	430
-122.715048313	42.5	430
-122.703566179	43	430
-122.5	43.4279408455	430
-122.427130908	43.5	430
-122	43.8254567236	430
> 440 contour -Z440
-122	43.7990723252	440
-121.5	43.9029571116	440
-121	43.7294485271	440
-120.835992679	43.5	440
-120.865509644	43	440
-121	42.827476874	440
-121.232262373	42.5	440
-121.5	42.3342306316	440
-122	42.2292440534	440
-122.5	42.2994807661	440
-122.701482221	42.5	440
-122.68727763	43	440
-122.5	43.3936987221	440
-122.392503917	43.5	440
-122	43.7990723252	440
> 450 contour -Z450
-122	43.7726879418	450
-121.5	43.8718166947	450
-121	43.6736704707	450
-120.875862233	43.5	450
-120.89626015	43	450
-121	42.866923362	450
-121.26023972	42.5	450
-121.5	42.3515527695	450
-122	42.2417078316	450
-122.5	42.3129820228	450
-122.68791613	42.5	450
-122.670989066	43	450
-122.5	43.3594565988	450
-122.357876927	43.5	450
-122	43.7726879418	450
> 460 contour -Z460
-122	43.7463035583	460
-121.5	43.8406762779	460
-121	43.6178924143	460
-120.91573178	43.5	460
-120.927010641	43	460
-121	42.90636985	460
-121.288217068	42.5	460
-121.5	42.3688749075	460
-122	42.2541716248	460
-122.5	42.3264832646	460
-122.674350038	42.5	460
-122.654700518	43	460
-122.5	43.3252144754	460
-122.323249936	43.5	460
-122	43.7463035583	460
> 470 contour -Z470
-122	43.7199191451	470
-121.5	43.809535861	470
-121	43.5621143654	470
-120.955601327	43.5	470
-120.957761142	43	470
-121	42.9458163343	470
-121.316194415	42.5	470
-121.5	42.386197038	470
-122	42.2666354179	470
-122.5	42.3399845213	470
-122.660783947	42.5	470
-122.638411954	43	470
-122.5	43.290972352	470
-122.288622916	43.5	470
-122	43.7199191451	470
> 480 contour -Z480
-122	43.6935347617	480
-121.5	43.7783954442	480
-121	43.5063363104	480
-120.995470874	43.5	480
-120.988511638	43	480
-121	42.9852628224	480
-121.344171762	42.5	480
-121.5	42.4035191685	480
-122	42.2790992111	480
-122.5	42.353485778	480
-122.647217855	42.5	480
-122.622123405	43	480
-122.5	43.2567302287	480
-122.253995925	43.5	480
-122	43.6935347617	480
> 490 contour -Z490
-122	43.6671503782	490
-121.5	43.7472550124	490
-121.050213039	43.5	490
-121.020218074	43	490
-121.37214911	42.5	490
-121.5	42.4208413064	490
-122	42.2915630043	490
-122.5	42.3669870347	490
-122.633651763	42.5	490
-122.605834849	43	490
-122.5	43.2224881202	490
-122.219368935	43.5	490
-122	43.6671503782	490
> 500 contour -Z500
-122	43.640765965	500
-121.5	43.7161145955	500
-121.106861264	43.5	500
-121.052494675	43	500
-121.400126465	42.5	500
-121.5	42.4381634444	500
-122	42.3040267974	500
-122.5	42.3804882839	500
-122.620085664	42.5	500
-122.589546293	43	500
-122.5	43.1882459968	500
-122.184741929	43.5	500
-122	43.640765965	500
> 510 contour -Z510
-122	43.6143815815	510
-121.5	43.6849741787	510
-121.163509488	43.5	510
-121.084771305	43	510
-121.428103812	42.5	510
-121.5	42.4554855786	510
-122	42.3164905906	510
-122.5	42.3939895332	510
-122.606519572	42.5	510
-122.573257737	43	510
-122.5	43.1540038735	510
-122.150114924	43.5	510
-122	43.6143815815	510
> 520 contour -Z520
-122	43.5879971981	520
-121.5	43.6538337618	520
-121.220157683	43.5	520
-121.117047906	43	520
-121.456081163	42.5	520
-121.5	42.4728077147	520
-122	42.3289543837	520
-122.5	42.4074907899	520
-122.592953481	42.5	520
-122.556969184	43	520
-122.5	43.1197617427	520
-122.115487933	43.5	520
-122	43.5879971981	520
> 530 contour -Z530
-122	43.5616128147	530
-121.5	43.6226933375	530
-121.276805907	43.5	530
-121.149324507	43	530
-121.484058512	42.5	530
-121.5	42.4901298508	530
-122	42.3414181769	530
-122.5	42.4209920391	530
-122.579387389	42.5	530
-122.540680628	43	530
-122.5	43.0855196193	530
-122.080860935	43.5	530
-122	43.5616128147	530
> 540 contour -Z540
-122	43.5352284014	540
-121.5	43.5915529132	540
-121.333454117	43.5	540
-121.181601107	43	540
-121.5	42.520893842	540
-121.517698467	42.5	540
-122	42.35388197	540
-122.5	42.4344932958	540
-122.565821297	42.5	540
-122.524392072	43	540
-122.5	43.0512774959	540
-122.046233933	43.5	540
-122	43.5352284014	540
> 550 contour -Z550
-122	43.508844018	550
-121.5	43.5604124926	550
-121.390102327	43.5	550
-121.213877708	43	550
-121.5	42.5694616139	550
-121.558838546	42.5	550
-122	42.3663457632	550
-122.5	42.4479945488	550
-122.552255206	42.5	550
-122.508103517	43	550
-122.5	43.0170353726	550
-122.011606934	43.5	550
-122	43.508844018	550
> 560 contour -Z560
-121.5	43.5292720795	560
-121.44675054	43.5	560
-121.246154308	43	560
-121.5	42.618029356	560
-121.599978596	42.5	560
-122	42.3788095564	560
-122.5	42.4614958018	560
-122.538689114	42.5	560
-122.5	42.9250980318	560
-122.48176074	43	560
-122	43.4761508107	560
-121.792871505	43.5	560
-121.5	43.5292720795	560
> 570 contour -Z570
-122	43.4402766414	570
-121.5	43.495667845	570
-121.278430894	43	570
-121.5	42.6665970981	570
-121.641118675	42.5	570
-122	42.3912733421	570
-122.5	42.4749970548	570
-122.525123021	42.5	570
-122.5	42.776040107	570
-122.445463926	43	570
-122	43.4402766414	570
> 580 contour -Z580
-122	43.4044024721	580
-121.5	43.4234625101	580
-121.31070751	43	580
-121.5	42.7151648402	580
-121.682258755	42.5	580
-122	42.4037371352	580
-122.5	42.4884983068	580
-122.511556929	42.5	580
-122.5	42.6269821823	580
-122.409167081	43	580
-122	43.4044024721	580
> 590 contour -Z590
-122	43.3685282916	590
-121.5	43.3512571454	590
-121.34298411	43	590
-121.5	42.7637325972	590
-121.723398805	42.5	590
-122	42.4162009284	590
-122.48922348	42.5	590
-122.372870237	43	590
-122	43.3685282916	590
> 600 contour -Z600
-122	43.3326541185	600
-121.5	43.2790518105	600
-121.375260703	43	600
-121.5	42.8123003542	600
-121.764538884	42.5	600
-122	42.4286647215	600
-122.416459203	42.5	600
-122.336573392	43	600
-122	43.3326541185	600
> 610 contour -Z610
-122	43.2967799455	610
-121.5	43.2068464607	610
-121.407537304	43	610
-121.5	42.8608680964	610
-121.805678964	42.5	610
-122	42.4411285147	610
-122.343694896	42.5	610
-122.300276577	43	610
-122	43.2967799455	610
> 620 contour -Z620
-122	43.2609057724	620
-121.5	43.1346411109	620
-121.439813908	43	620
-121.5	42.9094358534	620
-121.846819028	42.5	620
-122	42.4535923041	620
-122.270930618	42.5	620
-122.263979733	43	620
-122	43.2609057724	620
> 630 contour -Z630
-122	43.2250316143	630
-121.5	43.0624357685	630
-121.472090511	43	630
-121.5	42.9580035992	630
-121.8879591	42.5	630
-122	42.4660560973	630
-122.198166326	42.5	630
-122.227682889	43	630
-122	43.2250316143	630
> 640 contour -Z640
-122	43.1891574264	640
-121.512509257	43	640
-121.929099165	42.5	640
-122	42.4785198905	640
-122.125402033	42.5	640
-122.191386059	43	640
-122	43.1891574264	640
> 650 contour -Z650
-122	43.1532832682	650
-121.604963064	43	650
-121.970239237	42.5	650
-122	42.4909836818	650
-122.052637748	42.5	650
-122.155089229	43	650
-122	43.1532832682	650
> 660 contour -Z660
-122	43.1174090803	660
-121.697416902	43	660
-122	42.5389641821	660
-122.118792385	43	660
-122	43.1174090803	660
> 670 contour -Z670
-122	43.0815349221	670
-121.789870709	43	670
-122	42.6798329949	670
-122.082495548	43	670
-122	43.0815349221	670
> 680 contour -Z680
-122	43.0456607342	680
-121.882324524	43	680
-122	42.8207017928	680
-122.046198715	43	680
-122	43.0456607342	680
> 690 contour -Z690
-122	43.009786576	690
-121.974778345	43	690
-122	42.9615706056	690
-122.009901877	43	690
-122	43.009786576	690
