> 10 contour -Z10
-113.5	53.5028052628	10
-113	53.5968353674	10
-112.5	53.6654721648	10
-112	53.7026968747	10
-111.5	53.6966869235	10
-111	53.6333159059	10
-110.585622013	53.5	10
-110.5	53.4653594792	10
-110	53.1395899802	10
-109.828321993	53	10
-109.5	52.6631840914	10
-109.35063757	52.5	10
-109	52.2775852084	10
-108.5	52.054257445	10
-108.34677428	52	10
-108	51.9029943347	10
-107.5	51.7513673902	10
-107	51.5745066851	10
-106.815315381	51.5	10
-106.5	51.2993448377	10
-106.139190376	51	10
-106.070090026	50.5	10
-106.456408639	50	10
-106.5	49.9690388571	10
-107	49.5589479506	10
-107.061640561	49.5	10
-107.5	49.2253000736	10
-107.805636749	49	10
-108	48.8939152434	10
-108.5	48.6001286507	10
-108.646440893	48.5	10
-109	48.2930433005	10
-109.5	48.0039331615	10
-109.506149173	48	10
-110	47.7015329897	10
-110.33735095	47.5	10
-110.5	47.4004126266	10
-111	47.0947639346	10
-111.147082925	47	10
-111.5	46.7574563771	10
-111.900087483	46.5	10
-112	46.4224767089	10
-112.5	46.0631722212	10
-112.585623354	46	10
-113	45.6497167051	10
-113.190725356	45.5	10
-113.5	45.2062050104	10
-113.73519063	45	10
-114	44.7275744379	10
-114.231769741	44.5	10
-114.5	44.2113094926	10
-114.696012288	44	10
-115	43.673224926	10
-115.157474011	43.5	10
-115.5	43.1339952946	10
-115.62895602	43	10
-116	42.6000221372	10
-116.101574808	42.5	10
-116.5	42.0620672405	10
-116.56306532	42	10
-117	41.5321496129	10
-117.032288611	41.5	10
-117.5	41.0621047616	10
-117.572827071	41	10
-118	40.6530120969	10
-118.249215126	40.5	10
-118.5	40.3349263817	10
-119	40.1009323299	10
-119.322330177	40	10
-119.5	39.9285714552	10
-120	39.7867132872	10
-120.5	39.7131927013	10
-121	39.7066242695	10
-121.5	39.761491105	10
-122	39.8922064528	10
-122.244266063	40	10
-122.5	40.1062917411	10
-123	40.4627990462	10
-123.038176965	40.5	10
-123.497898668	41	10
-123.5	41.0024474263	10
-123.868430614	41.5	10
-124	41.7466870248	10
-124.182810217	42	10
-124.489810258	42.5	10
-124.5	42.5189853013	10
-124.850131005	43	10
-125	43.3693483025	10
-125.07963489	43.5	10
-125.312045008	44	10
-125.459199786	44.5	10
-125.5	44.7943182588	10
-125.529127738	45	10
-125.527208552	45.5	10
-125.5	45.7061066777	10
-125.46652174	46	10
-125.353580177	46.5	10
-125.177650377	47	10
-125	47.3553007543	10
-124.928444862	47.5	10
-124.651782095	48	10
-124.5	48.2246816605	10
-124.290106356	48.5	10
-124	48.8249612451	10
-123.83357954	49	10
-123.5	49.3096434474	10
-123.282279104	49.5	10
-123	49.7337662727	10
-122.629963964	50	10
-122.5	50.0938722417	10
-122	50.403496027	10
-121.816354901	50.5	10
-121.5	50.6787392646	10
-121	50.9122955799	10
-120.793835014	51	10
-120.5	51.1391205639	10
-120	51.3645359874	10
-119.671776801	51.5	10
-119.5	51.5810159817	10
-119	51.8054569066	10
-118.5	51.9976938963	10
-118.493680954	52	10
-118	52.2160387337	10
-117.5	52.4053452015	10
-117.218009427	52.5	10
-117	52.5887003541	10
-116.5	52.7613386512	10
-116	52.9017543197	10
-115.605633527	53	10
-115.5	53.031632144	10
-115	53.1733386964	10
-114.5	53.2987038195	10
-114	53.4082266986	10
-113.512620922	53.5	10
-113.5	53.5028052628	10
> 20 contour -Z20
-113.5	52.0359067619	20
-113	52.0414999574	20
-112.680698246	52	20
-112.5	51.9751481712	20
-112	51.8154213428	20
-111.5	51.5271211583	20
-111.456113026	51.5	20
-111	51.3280141652	20
-110.5	51.1486589015	20
-110.108838975	51	20
-110	50.9516129196	20
-109.5	50.6899481118	20
-109.212033451	50.5	20
-109	50.1886575967	20
-108.897268884	50	20
-109	49.697401017	20
-109.049704015	49.5	20
-109.440750223	49	20
-109.5	48.9522117898	20
-109.96797907	48.5	20
-110	48.4789555408	20
-110.5	48.1102418602	20
-110.622282624	48	20
-111	47.7360974848	20
-111.31754528	47.5	20
-111.5	47.3736740053	20
-112	47.0203733444	20
-112.026809305	47	20
-112.5	46.6452124119	20
-112.688254178	46.5	20
-113	46.2549692094	20
-113.315401882	46	20
-113.5	45.8448058665	20
-113.912192687	45.5	20
-114	45.419456929	20
-114.474983666	45	20
-114.5	44.9752736147	20
-115	44.501339227	20
-115.001434058	44.5	20
-115.4868366	44	20
-115.5	43.985950863	20
-115.954369474	43.5	20
-116	43.453184858	20
-116.448476814	43	20
-116.5	42.9489711262	20
-116.978724936	42.5	20
-117	42.4789249077	20
-117.5	42.0311379135	20
-117.538824707	42	20
-118	41.5861761272	20
-118.126555294	41.5	20
-118.5	41.2085728645	20
-118.900810145	41	20
-119	40.941193562	20
-119.5	40.7046759427	20
-120	40.5612518787	20
-120.456040263	40.5	20
-120.5	40.4916315684	20
-121	40.4905855451	20
-121.049386885	40.5	20
-121.5	40.5492048562	20
-122	40.6754062474	20
-122.5	40.9443264343	20
-122.568770543	41	20
-123	41.2828798741	20
-123.202466905	41.5	20
-123.492645204	42	20
-123.5	42.0208333433	20
-123.868137121	42.5	20
-124	42.9845563276	20
-124.009788998	43	20
-124.218535304	43.5	20
-124.351965487	44	20
-124.42538324	44.5	20
-124.422423393	45	20
-124.367384255	45.5	20
-124.271197349	46	20
-124.082337692	46.5	20
-124	46.6525830179	20
-123.828973681	47	20
-123.508158242	47.5	20
-123.5	47.5112238526	20
-123.122177288	48	20
-123	48.1370666474	20
-122.623929195	48.5	20
-122.5	48.6098187342	20
-122	48.985478431	20
-121.979355216	49	20
-121.5	49.3263380229	20
-121.19822672	49.5	20
-121	49.6190954149	20
-120.5	49.8936896026	20
-120.279142141	50	20
-120	50.1518058926	20
-119.5	50.3902661204	20
-119.233333483	50.5	20
-119	50.6113453954	20
-118.5	50.8164545894	20
-118	50.9851758778	20
-117.950558662	51	20
-117.5	51.1603061855	20
-117	51.3104106486	20
-116.5	51.4387773573	20
-116.234301433	51.5	20
-116	51.5641108379	20
-115.5	51.6885802448	20
-115	51.8006978929	20
-114.5	51.8997439742	20
-114	51.9793214798	20
-113.793587238	52	20
-113.5	52.0359067619	20
> 30 contour -Z30
-114	51.0338151157	30
-113.542270392	51	30
-113.5	50.9972711802	30
-113	50.9193443954	30
-112.5	50.7902897298	30
-112	50.6358381361	30
-111.632273912	50.5	30
-111.5	50.442459017	30
-111	50.1511203796	30
-110.800755739	50	30
-110.525072843	49.5	30
-110.635924339	49	30
-110.97766263	48.5	30
-111	48.4800101612	30
-111.439799119	48	30
-111.5	47.9545189515	30
-112	47.5262376666	30
-112.025703639	47.5	30
-112.5	47.1289353967	30
-112.653321773	47	30
-113	46.7226213813	30
-113.263905942	46.5	30
-113.5	46.3024134189	30
-113.84584029	46	30
-114	45.8663003743	30
-114.412430458	45.5	30
-114.5	45.4202062413	30
-114.961686175	45	30
-115	44.96314767	30
-115.495944974	44.5	30
-115.5	44.4958551996	30
-116	44.0015998781	30
-116.001684994	44	30
-116.490907162	43.5	30
-116.5	43.4908358771	30
-116.99434481	43	30
-117	42.994602256	30
-117.5	42.5242048502	30
-117.526593864	42.5	30
-118	42.098614186	30
-118.135707498	42	30
-118.5	41.7201084495	30
-118.900795944	41.5	30
-119	41.4361358583	30
-119.5	41.1789192259	30
-120	41.0221729577	30
-120.132962316	41	30
-120.5	40.9031099379	30
-121	40.8725541979	30
-121.5	40.942843657	30
-121.658480659	41	30
-122	41.0416921675	30
-122.5	41.2022563517	30
-122.846719474	41.5	30
-123	41.5933546126	30
-123.355685204	42	30
-123.5	42.4087910727	30
-123.570074558	42.5	30
-123.801309973	43	30
-123.872154921	43.5	30
-123.891717941	44	30
-123.872373194	44.5	30
-123.806092262	45	30
-123.673160151	45.5	30
-123.531908888	46	30
-123.5	46.0721369609	30
-123.308600485	46.5	30
-123	46.9535226524	30
-122.969369411	47	30
-122.561220758	47.5	30
-122.5	47.5654887035	30
-122.076786317	48	30
-122	48.069107689	30
-121.5	48.488953054	30
-121.485398918	48.5	30
-121	48.8551111221	30
-120.758488685	49	30
-120.5	49.1607235521	30
-120	49.4208065867	30
-119.821844935	49.5	30
-119.5	49.6624664515	30
-119	49.8702841103	30
-118.618236154	50	30
-118.5	50.0474478453	30
-118	50.2124402374	30
-117.5	50.3539763689	30
-117	50.4828589559	30
-116.927423716	50.5	30
-116.5	50.6183274239	30
-116	50.7383077145	30
-115.5	50.8414720595	30
-115	50.9301719666	30
-114.5	50.9994955361	30
-114.490932673	51	30
-114	51.0338151157	30
> 40 contour -Z40
-116	50.1087516546	40
-115.5	50.2071307451	40
-115	50.283611089	40
-114.5	50.3278357685	40
-114	50.3263804317	40
-113.5	50.2812008262	40
-113	50.166482538	40
-112.523320168	50	40
-112.5	49.9896726906	40
-112	49.6765367091	40
-111.805966303	49.5	40
-111.615894765	49	40
-111.774517089	48.5	40
-112	48.1997428536	40
-112.126187563	48	40
-112.5	47.6178275645	40
-112.59678781	47.5	40
-113	47.159304589	40
-113.15982911	47	40
-113.5	46.7069533467	40
-113.72311756	46.5	40
-114	46.252968058	40
-114.268869057	46	40
-114.5	45.7904349267	40
-114.81006752	45.5	40
-115	45.3238088489	40
-115.34640862	45	40
-115.5	44.8542648405	40
-115.881402865	44.5	40
-116	44.3825232461	40
-116.402872458	44	40
-116.5	43.9011674896	40
-116.912864417	43.5	40
-117	43.4133522213	40
-117.431223877	43	40
-117.5	42.9351524934	40
-117.978101835	42.5	40
-118	42.4814332519	40
-118.5	42.1004493237	40
-118.659811378	42	40
-119	41.7842782587	40
-119.5	41.5259749293	40
-119.557049364	41.5	40
-120	41.2799979299	40
-120.5	41.1333683133	40
-121	41.0846253932	40
-121.5	41.0973953605	40
-122	41.174936682	40
-122.5	41.4230361581	40
-122.589623615	41.5	40
-123	41.7499373555	40
-123.218725175	42	40
-123.427375108	42.5	40
-123.5	42.8035317063	40
-123.599778324	43	40
-123.679268554	43.5	40
-123.65683277	44	40
-123.530118454	44.5	40
-123.5	44.5942184925	40
-123.400728136	45	40
-123.178377911	45.5	40
-123	45.8922738135	40
-122.953673929	46	40
-122.698206335	46.5	40
-122.5	46.7682418525	40
-122.331856966	47	40
-122	47.3771316409	40
-121.883151233	47.5	40
-121.5	47.8701446652	40
-121.343803167	48	40
-121	48.2754823864	40
-120.657385096	48.5	40
-120.5	48.6038542539	40
-120	48.8789141476	40
-119.729750067	49	40
-119.5	49.1118627191	40
-119	49.3082903624	40
-118.5	49.4660384059	40
-118.370022416	49.5	40
-118	49.611148797	40
-117.5	49.7518676519	40
-117	49.8811174333	40
-116.5	49.9919830561	40
-116.45788148	50	40
-116	50.1087516546	40
> 50 contour -Z50
-116.5	49.5231598318	50
-116	49.6436575949	50
-115.5	49.738578245	50
-115	49.7977774143	50
-114.5	49.8207848668	50
-114	49.7953020632	50
-113.5	49.6822991222	50
-113.07295993	49.5	50
-113	49.452049911	50
-112.546622574	49	50
-112.5	48.6286543608	50
-112.487676886	48.5	50
-112.5	48.4790228009	50
-112.724575341	48	50
-113	47.6599282622	50
-113.107934475	47.5	50
-113.5	47.1092807353	50
-113.590257525	47	50
-114	46.6179329157	50
-114.111328512	46.5	50
-114.5	46.1312808394	50
-114.629058659	46	50
-115	45.6487517059	50
-115.151431531	45.5	50
-115.5	45.1699879169	50
-115.678862721	45	50
-116	44.6970931888	50
-116.214303404	44.5	50
-116.5	44.2255788743	50
-116.74658376	44	50
-117	43.7521793991	50
-117.276745766	43.5	50
-117.5	43.2842197567	50
-117.819136083	43	50
-118	42.8329717517	50
-118.403656878	42.5	50
-118.5	42.426054962	50
-119	42.0948342383	50
-119.127251804	42	50
-119.5	41.7623256892	50
-120	41.5236628056	50
-120.059005678	41.5	50
-120.5	41.3082546294	50
-121	41.2123425603	50
-121.5	41.2113347054	50
-122	41.3081811666	50
-122.344237238	41.5	50
-122.5	41.5539059937	50
-123	41.906520091	50
-123.081765153	42	50
-123.332428187	42.5	50
-123.457985222	43	50
-123.494003028	43.5	50
-123.465175003	44	50
-123.353366762	44.5	50
-123.138797209	45	50
-123	45.2362039834	50
-122.838966012	45.5	50
-122.540416595	46	50
-122.5	46.0675135031	50
-122.23958768	46.5	50
-122	46.8067589104	50
-121.833241463	47	50
-121.5	47.3471106291	50
-121.32709375	47.5	50
-121	47.7801149786	50
-120.68490243	48	50
-120.5	48.1287206411	50
-120	48.4079679549	50
-119.793219745	48.5	50
-119.5	48.6368431002	50
-119	48.8248785436	50
-118.5	48.9794184268	50
-118.426142842	49	50
-118	49.1329311132	50
-117.5	49.2793749273	50
-117	49.4087577164	50
-116.584908806	49.5	50
-116.5	49.5231598318	50
> 60 contour -Z60
-117	49.0309430361	60
-116.5	49.1767106205	60
-116	49.287445426	60
-115.5	49.3627272248	60
-115	49.4006759226	60
-114.5	49.3915749192	60
-114	49.2846418023	60
-113.5	49.0240284652	60
-113.467652634	49	60
-113.167250216	48.5	60
-113.259200588	48	60
-113.5	47.6255763471	60
-113.565592915	47.5	60
-113.973516718	47	60
-114	46.9753054883	60
-114.448687673	46.5	60
-114.5	46.451321777	60
-114.943682335	46	60
-115	45.9466722049	60
-115.454719156	45.5	60
-115.5	45.4571297243	60
-115.980995782	45	60
-116	44.9820746202	60
-116.5	44.5175992548	60
-116.51926589	44.5	60
-117	44.0510057807	60
-117.058662742	44	60
-117.5	43.5890809894	60
-117.609992623	43.5	60
-118	43.1450896561	60
-118.196858972	43	60
-118.5	42.7449295819	60
-118.811753795	42.5	60
-119	42.3710773438	60
-119.497924243	42	60
-119.5	41.9986764415	60
-120	41.6849635541	60
-120.461225938	41.5	60
-120.5	41.4831409454	60
-121	41.3400597423	60
-121.5	41.3252740353	60
-122	41.4414256699	60
-122.105117239	41.5	60
-122.5	41.6366600394	60
-122.957964808	42	60
-123	42.0693822503	60
-123.237481266	42.5	60
-123.374771178	43	60
-123.409060001	43.5	60
-123.360375166	44	60
-123.192584708	44.5	60
-123	44.8590742648	60
-122.921793371	45	60
-122.566857159	45.5	60
-122.5	45.6070215479	60
-122.198663965	46	60
-122	46.2920266688	60
-121.831248552	46.5	60
-121.5	46.8759382069	60
-121.368368059	47	60
-121	47.330052495	60
-120.762236983	47.5	60
-120.5	47.6883638501	60
-120	47.9682466686	60
-119.929335684	48	60
-119.5	48.1969096214	60
-119	48.3953952193	60
-118.692648441	48.5	60
-118.5	48.5710552633	60
-118	48.7460976988	60
-117.5	48.8965086639	60
-117.099080615	49	60
-117	49.0309430361	60
> 70 contour -Z70
-115.5	49.0369731486	70
-115	49.0449306443	70
-114.686444759	49	70
-114.5	48.9609017074	70
-114	48.6583662182	70
-113.849647269	48.5	70
-113.762221217	48	70
-113.980737424	47.5	70
-114	47.4762612749	70
-114.322646663	47	70
-114.5	46.8118197322	70
-114.741814941	46.5	70
-115	46.2377917767	70
-115.210826337	46	70
-115.5	45.7151709795	70
-115.707720846	45.5	70
-116	45.2195538878	70
-116.225796342	45	70
-116.5	44.7432310581	70
-116.766264901	44.5	70
-117	44.2816969752	70
-117.323985085	44	70
-117.5	43.8361165524	70
-117.915019438	43.5	70
-118	43.4226668924	70
-118.5	43.0371236503	70
-118.542054594	43	70
-119	42.6003273427	70
-119.104156107	42.5	70
-119.5	42.1645703912	70
-119.755301699	42	70
-120	41.8462642878	70
-120.5	41.5904830396	70
-120.890864164	41.5	70
-121	41.4677769244	70
-121.5	41.4392133728	70
-121.743852332	41.5	70
-122	41.5339089334	70
-122.5	41.719414115	70
-122.853659064	42	70
-123	42.2415467203	70
-123.14253433	42.5	70
-123.291557103	43	70
-123.324117005	43.5	70
-123.255575359	44	70
-123.031802643	44.5	70
-123	44.559296038	70
-122.755431682	45	70
-122.5	45.3352840841	70
-122.35225448	45.5	70
-122	45.9080595076	70
-121.871242404	46	70
-121.5	46.4369764328	70
-121.424153835	46.5	70
-121	46.9011835754	70
-120.865822732	47	70
-120.5	47.2643938065	70
-120.081862442	47.5	70
-120	47.5465546437	70
-119.5	47.806815654	70
-119.04165227	48	70
-119	48.0185769964	70
-118.5	48.241438657	70
-118	48.4185471237	70
-117.731581613	48.5	70
-117.5	48.5842233151	70
-117	48.7480378002	70
-116.5	48.8761855662	70
-116	48.9751439393	70
-115.776829392	49	70
-115.5	49.0369731486	70
> 80 contour -Z80
-116.5	48.6184536219	80
-116	48.7034933716	80
-115.5	48.7271972746	80
-115	48.6638840288	80
-114.606066406	48.5	80
-114.5	48.3982972801	80
-114.268358231	48	80
-114.365700319	47.5	80
-114.5	47.291174829	80
-114.654691815	47	80
-115	46.5399678648	80
-115.025076747	46.5	80
-115.467618469	46	80
-115.5	45.9681049809	80
-115.951897223	45.5	80
-116	45.4538446814	80
-116.466748651	45	80
-116.5	44.9688628726	80
-117	44.5095300972	80
-117.010374457	44.5	80
-117.5	44.0586206317	80
-117.570560068	44	80
-118	43.6302165687	80
-118.167455882	43.5	80
-118.5	43.2274041772	80
-118.75760901	43	80
-119	42.7884528339	80
-119.299460992	42.5	80
-119.5	42.3300675452	80
-120	42.0043535829	80
-120.007476509	42	80
-120.5	41.6906192303	80
-121	41.5493153632	80
-121.5	41.5261634886	80
-122	41.5944174528	80
-122.5	41.8021681607	80
-122.749353305	42	80
-123	42.4137111604	80
-123.04758741	42.5	80
-123.208343059	43	80
-123.239173993	43.5	80
-123.150775522	44	80
-123	44.3210093677	80
-122.92075938	44.5	80
-122.589069985	45	80
-122.5	45.1169148237	80
-122.156383455	45.5	80
-122	45.6811581105	80
-121.553479459	46	80
-121.5	46.0629488006	80
-121	46.4859267473	80
-120.975982219	46.5	80
-120.5	46.8784669936	80
-120.30386728	47	80
-120	47.1950291544	80
-119.5	47.4669531286	80
-119.431212634	47.5	80
-119	47.738574475	80
-118.5	47.9505833387	80
-118.363053828	48	80
-118	48.157981202	80
-117.5	48.3340453207	80
-117	48.4792806804	80
-116.913458228	48.5	80
-116.5	48.6184536219	80
> 90 contour -Z90
-117.5	48.1068035662	90
-117	48.2639026642	90
-116.5	48.3737206161	90
-116	48.4306292236	90
-115.5	48.4032604694	90
-115	48.1824871749	90
-114.81270574	48	90
-114.748889267	47.5	90
-114.971488271	47	90
-115	46.9620156363	90
-115.289879277	46.5	90
-115.5	46.2620547116	90
-115.691325843	46	90
-116	45.6814361215	90
-116.158783525	45.5	90
-116.5	45.1665636599	90
-116.664146721	45	90
-117	44.6869986653	90
-117.203566343	44.5	90
-117.5	44.2327759862	90
-117.780186117	44	90
-118	43.8107219934	90
-118.399582222	43.5	90
-118.5	43.4176847115	90
-118.973163417	43	90
-119	42.9765783232	90
-119.494765873	42.5	90
-119.5	42.4955647131	90
-120	42.0971799493	90
-120.166889846	42	90
-120.5	41.790755406	90
-121	41.6152714789	90
-121.5	41.5822481215	90
-122	41.6549259722	90
-122.5	41.8849222213	90
-122.64504756	42	90
-122.987408996	42.5	90
-123	42.6245442927	90
-123.125128999	43	90
-123.154230997	43.5	90
-123.045975696	44	90
-123	44.0978847817	90
-122.821980298	44.5	90
-122.5	44.9376241565	90
-122.443345577	45	90
-122	45.4737315476	90
-121.965210199	45.5	90
-121.5	45.8821119666	90
-121.272011995	46	90
-121	46.2420243025	90
-120.559731826	46.5	90
-120.5	46.5474944748	90
-120	46.9146945179	90
-119.844559103	47	90
-119.5	47.2281757146	90
-119	47.4767442346	90
-118.945635289	47.5	90
-118.5	47.7345072776	90
-118	47.9261794388	90
-117.772085249	48	90
-117.5	48.1068035662	90
> 100 contour -Z100
-117	48.0485246181	100
-116.5	48.1400429308	100
-116	48.1541416943	100
-115.5	48.0336018428	100
-115.440276124	48	100
-115.141985506	47.5	100
-115.26929453	47	100
-115.5	46.6047055423	100
-115.550201833	46.5	100
-115.910259232	46	100
-116	45.9073839858	100
-116.356521428	45.5	100
-116.5	45.359792918	100
-116.854572117	45	100
-117	44.8644672334	100
-117.396758221	44.5	100
-117.5	44.4069313481	100
-117.989812173	44	100
-118	43.9912274349	100
-118.5	43.5584852397	100
-118.556208313	43.5	100
-119	43.0817399025	100
-119.082009405	43	100
-119.5	42.5895226002	100
-119.612829566	42.5	100
-120	42.1900063157	100
-120.326303169	42	100
-120.5	41.8908915818	100
-121	41.6812275648	100
-121.5	41.6383327246	100
-122	41.7154344916	100
-122.5	41.9676762782	100
-122.540741805	42	100
-122.962166399	42.5	100
-123	42.8742321581	100
-123.04191494	43	100
-123.069287986	43.5	100
-123	43.7961873412	100
-122.971954077	44	100
-122.723201215	44.5	100
-122.5	44.8033671379	100
-122.321403295	45	100
-122	45.343431592	100
-121.792641699	45.5	100
-121.5	45.7403685302	100
-121	45.9993222654	100
-120.998658061	46	100
-120.5	46.3848139644	100
-120.280632079	46.5	100
-120	46.7168157697	100
-119.5	46.99394238	100
-119.487376302	47	100
-119	47.3010960519	100
-118.535024934	47.5	100
-118.5	47.5184312202	100
-118	47.7386747152	100
-117.5	47.9051470757	100
-117.149145901	48	100
-117	48.0485246181	100
> 110 contour -Z110
-118	47.5511699617	110
-117.5	47.7261793762	110
-117	47.8438356519	110
-116.5	47.8988539279	110
-116	47.8353426456	110
-115.563710362	47.5	110
-115.566106826	47	110
-115.793309718	46.5	110
-116	46.2048531771	110
-116.120286167	46	110
-116.5	45.5641961992	110
-116.546044976	45.5	110
-117	45.0401652157	110
-117.03438592	45	110
-117.5	44.5635145605	110
-117.563169867	44.5	110
-118	44.1140466332	110
-118.112331152	44	110
-118.5	43.6615610123	110
-118.655271173	43.5	110
-119	43.1751036346	110
-119.175680965	43	110
-119.5	42.6815104485	110
-119.728766203	42.5	110
-120	42.2828326672	110
-120.485716506	42	110
-120.5	41.9910277613	110
-121	41.7471836805	110
-121.5	41.6944173574	110
-122	41.7759429961	110
-122.429341644	42	110
-122.5	42.0170048475	110
-122.936923832	42.5	110
-122.98806864	43	110
-122.994484514	43.5	110
-122.92198804	44	110
-122.62442214	44.5	110
-122.5	44.6691101342	110
-122.199461013	45	110
-122	45.2131316513	110
-121.620073177	45.5	110
-121.5	45.5986250862	110
-121	45.9113080204	110
-120.824387401	46	110
-120.5	46.2503294647	110
-120.024510823	46.5	110
-120	46.5189370122	110
-119.5	46.8575092554	110
-119.203059226	47	110
-119	47.1254478842	110
-118.5	47.3629868031	110
-118.114895433	47.5	110
-118	47.5511699617	110
> 120 contour -Z120
-117.5	47.5472116768	120
-117	47.6422552615	120
-116.5	47.6464307457	120
-116.072764665	47.5	120
-116	47.4094244242	120
-115.866046742	47	120
-116	46.6255868375	120
-116.034597456	46.5	120
-116.324126467	46	120
-116.5	45.7981470525	120
-116.713847101	45.5	120
-117	45.2101407647	120
-117.179903984	45	120
-117.5	44.6999290884	120
-117.698844016	44.5	120
-118	44.2339190841	120
-118.230400503	44	120
-118.5	43.7646367848	120
-118.754334033	43.5	120
-119	43.2684673518	120
-119.269352525	43	120
-119.5	42.7734982967	120
-119.844702825	42.5	120
-120	42.3756590411	120
-120.5	42.0395743251	120
-120.621597409	42	120
-121	41.8131397963	120
-121.5	41.7505019754	120
-122	41.8364515007	120
-122.313394248	42	120
-122.5	42.0449091196	120
-122.911681235	42.5	120
-122.964027971	43	120
-122.964557827	43.5	120
-122.872022033	44	120
-122.525643056	44.5	120
-122.5	44.5348531269	120
-122.077518731	45	120
-122	45.0828317031	120
-121.5	45.4755921364	120
-121.461758941	45.5	120
-121	45.8232938051	120
-120.650116727	46	120
-120.5	46.1158449426	120
-120	46.4147739112	120
-119.820909381	46.5	120
-119.5	46.7210761458	120
-119	46.9670873582	120
-118.91638872	47	120
-118.5	47.213196516	120
-118	47.3949155509	120
-117.633111283	47.5	120
-117.5	47.5472116768	120
> 130 contour -Z130
-118.5	47.0634062588	130
-118	47.250390172	130
-117.5	47.3750763834	130
-117	47.432307452	130
-116.5	47.3405968249	130
-116.190748572	47	130
-116.265554994	46.5	130
-116.5	46.0595328808	130
-116.525354713	46	130
-116.881649256	45.5	130
-117	45.380116336	130
-117.325422049	45	130
-117.5	44.8363435864	130
-117.834518149	44.5	130
-118	44.35379152	130
-118.348469824	44	130
-118.5	43.8677125573	130
-118.853396907	43.5	130
-119	43.361831069	130
-119.363024071	43	130
-119.5	42.8654861599	130
-119.960639462	42.5	130
-120	42.4684854075	130
-120.5	42.0830435157	130
-120.755162299	42	130
-121	41.8790959045	130
-121.5	41.8065866083	130
-122	41.8969600126	130
-122.197446883	42	130
-122.5	42.0728134215	130
-122.886438668	42.5	130
-122.939987302	43	130
-122.934631139	43.5	130
-122.822055995	44	130
-122.5	44.4484824538	130
-122.457913637	44.5	130
-122	44.9783672392	130
-121.965578198	45	130
-121.5	45.3953559399	130
-121.336048663	45.5	130
-121	45.735279575	130
-120.5	45.9908547401	130
-120.480421484	46	130
-120	46.3205285072	130
-119.622866005	46.5	130
-119.5	46.5846430287	130
-119	46.8519277573	130
-118.623837136	47	130
-118.5	47.0634062588	130
> 140 contour -Z140
-118	47.1058647931	140
-117.5	47.2053893059	140
-117	47.2022954822	140
-116.552326173	47	140
-116.5	46.5640376881	140
-116.496512519	46.5	140
-116.5	46.4934478416	140
-116.71015659	46	140
-117	45.5790887177	140
-117.044240028	45.5	140
-117.470940128	45	140
-117.5	44.9727581032	140
-117.970192306	44.5	140
-118	44.4736639503	140
-118.466539156	44	140
-118.5	43.9707883298	140
-118.952459771	43.5	140
-119	43.4551947899	140
-119.456695631	43	140
-119.5	42.9574740045	140
-120	42.532479316	140
-120.035693049	42.5	140
-120.5	42.1265127063	140
-120.888727181	42	140
-121	41.9450520091	140
-121.5	41.8626712263	140
-122	41.9574685246	140
-122.081499495	42	140
-122.5	42.1007176936	140
-122.861196071	42.5	140
-122.915946662	43	140
-122.904704452	43.5	140
-122.772089988	44	140
-122.5	44.3789017498	140
-122.401070923	44.5	140
-122	44.9189855456	140
-121.871090591	45	140
-121.5	45.3151197135	140
-121.210338369	45.5	140
-121	45.6472653598	140
-120.5	45.9248716533	140
-120.339162588	46	140
-120	46.226283133	140
-119.5	46.4682714343	140
-119.4220725	46.5	140
-119	46.7367681414	140
-118.5	46.9339707196	140
-118.279750973	47	140
-118	47.1058647931	140
> 150 contour -Z150
-117.5	47.0357022285	150
-117.182079136	47	150
-117	46.9502435923	150
-116.737290889	46.5	150
-116.894958496	46	150
-117	45.8474584818	150
-117.194358587	45.5	150
-117.5	45.1410817504	150
-117.592822909	45	150
-118	44.5909249187	150
-118.067643911	44.5	150
-118.5	44.0628155768	150
-118.548268259	44	150
-119	43.535985142	150
-119.03034991	43.5	150
-119.5	43.0313125849	150
-119.529722929	43	150
-120	42.5816532075	150
-120.089732498	42.5	150
-120.5	42.1699818969	150
-121	42.0038548112	150
-121.051656038	42	150
-121.5	41.9187558517	150
-121.91490531	42	150
-122	42.0047928691	150
-122.5	42.1286219656	150
-122.835953504	42.5	150
-122.891905993	43	150
-122.874777794	43.5	150
-122.722123966	44	150
-122.5	44.3093210459	150
-122.344228178	44.5	150
-122	44.8596038222	150
-121.776603013	45	150
-121.5	45.2348835021	150
-121.08462809	45.5	150
-121	45.5592511296	150
-120.5	45.8588885963	150
-120.197903663	46	150
-120	46.1320377439	150
-119.5	46.3846873641	150
-119.216784284	46.5	150
-119	46.6216085255	150
-118.5	46.819475621	150
-118	46.96198228	150
-117.720129818	47	150
-117.5	47.0357022285	150
> 160 contour -Z160
-119	46.5064489245	160
-118.5	46.7049805373	160
-118	46.8198601007	160
-117.5	46.8310148716	160
-117	46.537327867	160
-116.978219856	46.5	160
-117	46.413409315	160
-117.076327145	46	160
-117.344477162	45.5	160
-117.5	45.3173677325	160
-117.708807945	45	160
-118	44.7074505985	160
-118.154333591	44.5	160
-118.5	44.150473386	160
-118.61562553	44	160
-119	43.6051739454	160
-119.088703871	43.5	160
-119.5	43.0895469189	160
-119.585000873	43	160
-120	42.6308270991	160
-120.143771946	42.5	160
-120.5	42.2134510875	160
-121	42.0269511938	160
-121.36115776	42	160
-121.5	41.974840479	160
-121.628487036	42	160
-122	42.0209251046	160
-122.5	42.1565262377	160
-122.810710907	42.5	160
-122.867865354	43	160
-122.844851106	43.5	160
-122.672157943	44	160
-122.5	44.239740327	160
-122.287385464	44.5	160
-122	44.8002220988	160
-121.682115406	45	160
-121.5	45.1546472907	160
-121	45.4825475514	160
-120.965714723	45.5	160
-120.5	45.7929055095	160
-120.056644749	46	160
-120	46.0377923474	160
-119.5	46.3011032939	160
-119.011496089	46.5	160
-119	46.5064489245	160
> 170 contour -Z170
-118.5	46.5904854536	170
-118	46.6777379364	170
-117.5	46.6170011833	170
-117.312298298	46.5	170
-117.25317435	46	170
-117.494595723	45.5	170
-117.5	45.4936536946	170
-117.824792966	45	170
-118	44.8239762783	170
-118.241023272	44.5	170
-118.5	44.2381311655	170
-118.682982832	44	170
-119	43.6743627787	170
-119.147057801	43.5	170
-119.5	43.1477812529	170
-119.640278816	43	170
-120	42.6800009608	170
-120.197811395	42.5	170
-120.5	42.256920293	170
-121	42.0500475764	170
-121.5	42.0091228783	170
-122	42.0370573699	170
-122.5	42.1844305098	170
-122.78546834	42.5	170
-122.843824685	43	170
-122.814924419	43.5	170
-122.622191921	44	170
-122.5	44.170159623	170
-122.230542734	44.5	170
-122	44.7408403754	170
-121.587627813	45	170
-121.5	45.0744110793	170
-121	45.4291435778	170
-120.86080277	45.5	170
-120.5	45.7269224375	170
-120	45.9623965323	170
-119.906447113	46	170
-119.5	46.2175192088	170
-119	46.4154394567	170
-118.727844059	46.5	170
-118.5	46.5904854536	170
> 180 contour -Z180
-118	46.535615772	180
-117.821992025	46.5	180
-117.5	46.2330387682	180
-117.430021547	46	180
-117.5	45.8544899374	180
-117.625540465	45.5	180
-117.940778006	45	180
-118	44.9405019544	180
-118.327712968	44.5	180
-118.5	44.3257889599	180
-118.750340149	44	180
-119	43.7435516119	180
-119.205411762	43.5	180
-119.5	43.2060155869	180
-119.69555676	43	180
-120	42.7291748524	180
-120.251850843	42.5	180
-120.5	42.3003894836	180
-121	42.0731439888	180
-121.5	42.0256677568	180
-122	42.0531896353	180
-122.5	42.2123348117	180
-122.760225743	42.5	180
-122.819784015	43	180
-122.784997731	43.5	180
-122.572225899	44	180
-122.5	44.1005789191	180
-122.173700005	44.5	180
-122	44.681458652	180
-121.5	44.9974684417	180
-121.494893372	45	180
-121	45.375739634	180
-120.755890816	45.5	180
-120.5	45.6609393656	180
-120	45.8996195495	180
-119.750265479	46	180
-119.5	46.1339351386	180
-119	46.3258626163	180
-118.5	46.4742560387	180
-118.272213608	46.5	180
-118	46.535615772	180
> 190 contour -Z190
-119.5	46.0503510535	190
-119	46.2362858057	190
-118.5	46.3514903486	190
-118	46.3439724445	190
-117.633908004	46	190
-117.755769148	45.5	190
-118	45.1034759581	190
-118.047189265	45	190
-118.414402664	44.5	190
-118.5	44.4134467542	190
-118.817697451	44	190
-119	43.8127404302	190
-119.263765708	43.5	190
-119.5	43.2642499357	190
-119.750834703	43	190
-120	42.7783487439	190
-120.305890292	42.5	190
-120.5	42.3438586742	190
-121	42.0962403715	190
-121.5	42.0422126651	190
-122	42.0693219006	190
-122.5	42.2402390838	190
-122.734983176	42.5	190
-122.795743376	43	190
-122.755071074	43.5	190
-122.522259872	44	190
-122.5	44.0309982169	190
-122.116857275	44.5	190
-122	44.6220769286	190
-121.5	44.9625982642	190
-121.42455405	45	190
-121	45.3223356605	190
-120.650978863	45.5	190
-120.5	45.5949562863	190
-120	45.8368425369	190
-119.594083846	46	190
-119.5	46.0503510535	190
> 200 contour -Z200
-119	46.1467089653	200
-118.5	46.2287246883	200
-118	46.1357692331	200
-117.855499968	46	200
-117.885997832	45.5	200
-118	45.3149103522	200
-118.143611968	45	200
-118.5	44.501698792	200
-118.500885069	44.5	200
-118.885054752	44	200
-119	43.881929256	200
-119.322119653	43.5	200
-119.5	43.3224842697	200
-119.806112647	43	200
-120	42.8275226206	200
-120.359929755	42.5	200
-120.5	42.3873278648	200
-121	42.1193367839	200
-121.5	42.0587575436	200
-122	42.0854541659	200
-122.5	42.2681433558	200
-122.709740594	42.5	200
-122.771702707	43	200
-122.725144386	43.5	200
-122.5	43.9656771123	200
-122.485070586	44	200
-122.060014546	44.5	200
-122	44.5626952127	200
-121.5	44.9277280569	200
-121.354214758	45	200
-121	45.2689316869	200
-120.546066906	45.5	200
-120.5	45.5289732106	200
-120	45.7740655243	200
-119.5	45.9721923172	200
-119.402328849	46	200
-119	46.1467089653	200
> 210 contour -Z210
-119	46.0571321547	210
-118.5	46.1059590131	210
-118.14364177	46	210
-118.018656075	45.5	210
-118.240034699	45	210
-118.5	44.6365168989	210
-118.571125567	44.5	210
-118.95241205	44	210
-119	43.9511180781	210
-119.380473599	43.5	210
-119.5	43.3807186037	210
-119.861390576	43	210
-120	42.8766965047	210
-120.413969204	42.5	210
-120.5	42.4307970554	210
-121	42.1424331665	210
-121.5	42.0753024518	210
-122	42.1015864015	210
-122.5	42.2960476428	210
-122.684498012	42.5	210
-122.747662053	43	210
-122.695217699	43.5	210
-122.5	43.9037783146	210
-122.458146423	44	210
-122.003171817	44.5	210
-122	44.5033134921	210
-121.5	44.8928578794	210
-121.283875436	45	210
-121	45.2155277282	210
-120.5	45.4729681909	210
-120.428576946	45.5	210
-120	45.7112885416	210
-119.5	45.902253449	210
-119.156676933	46	210
-119	46.0571321547	210
> 220 contour -Z220
-120	45.648511529	220
-119.5	45.8323146105	220
-119	45.9616135359	220
-118.5	45.9708933234	220
-118.168383598	45.5	220
-118.336457431	45	220
-118.5	44.7713350207	220
-118.641366035	44.5	220
-119	44.02717942	220
-119.015657991	44	220
-119.438827548	43.5	220
-119.5	43.4389529377	220
-119.916668519	43	220
-120	42.9258703887	220
-120.468008652	42.5	220
-120.5	42.474266246	220
-121	42.1655295491	220
-121.5	42.0918473601	220
-122	42.1177186668	220
-122.5	42.3239519149	220
-122.65925543	42.5	220
-122.723621398	43	220
-122.665291026	43.5	220
-122.5	43.841879487	220
-122.43122229	44	220
-122	44.4721645713	220
-121.957887679	44.5	220
-121.5	44.8579877019	220
-121.213536114	45	220
-121	45.1621237695	220
-120.5	45.4247744977	220
-120.301240295	45.5	220
-120	45.648511529	220
> 230 contour -Z230
-120	45.5857345462	230
-119.5	45.7623757422	230
-119	45.8556319177	230
-118.5	45.7582811415	230
-118.318111092	45.5	230
-118.432880156	45	230
-118.5	44.906153135	230
-118.711606532	44.5	230
-119	44.1197839975	230
-119.069007277	44	230
-119.497181494	43.5	230
-119.5	43.4971872717	230
-119.971946463	43	230
-120	42.9750442691	230
-120.5	42.5106902719	230
-120.514687359	42.5	230
-121	42.1886259615	230
-121.5	42.1083922386	230
-122	42.1338509321	230
-122.5	42.3518562019	230
-122.634012848	42.5	230
-122.699580744	43	230
-122.635364339	43.5	230
-122.5	43.7799806893	230
-122.404298156	44	230
-122	44.442684114	230
-121.913286656	44.5	230
-121.5	44.8231175244	230
-121.143196791	45	230
-121	45.1087198034	230
-120.5	45.3765807748	230
-120.173903644	45.5	230
-120	45.5857345462	230
> 240 contour -Z240
-120	45.5229575336	240
-119.5	45.6924368739	240
-119	45.7496502846	240
-118.5	45.5456689857	240
-118.467838608	45.5	240
-118.5	45.2929442376	240
-118.530569762	45	240
-118.781847015	44.5	240
-119	44.2123885751	240
-119.122356564	44	240
-119.5	43.5592560768	240
-119.536984503	43.5	240
-120	43.0198476911	240
-120.013554573	43	240
-120.5	42.5368918777	240
-120.550685763	42.5	240
-121	42.2117223442	240
-121.5	42.1249371469	240
-122	42.1499831975	240
-122.5	42.379760474	240
-122.608770274	42.5	240
-122.67554009	43	240
-122.605437666	43.5	240
-122.5	43.7180818617	240
-122.377374023	44	240
-122	44.4132036865	240
-121.868685603	44.5	240
-121.5	44.7882473469	240
-121.072857477	45	240
-121	45.0553158373	240
-120.5	45.3283870816	240
-120.046566986	45.5	240
-120	45.5229575336	240
> 250 contour -Z250
-119.5	45.6224980056	250
-119	45.6436686814	250
-118.683389455	45.5	250
-118.631161273	45	250
-118.852087498	44.5	250
-119	44.3049931526	250
-119.17570582	44	250
-119.5	43.6215194762	250
-119.575846016	43.5	250
-120	43.0601475239	250
-120.041076571	43	250
-120.5	42.5630934834	250
-120.586684197	42.5	250
-121	42.2348187566	250
-121.5	42.1414820254	250
-122	42.1661154628	250
-122.5	42.4076647535	250
-122.583527692	42.5	250
-122.65149942	43	250
-122.575510986	43.5	250
-122.5	43.6561830491	250
-122.35044989	44	250
-122	44.383723259	250
-121.82408455	44.5	250
-121.5	44.7533771694	250
-121.00251816	45	250
-121	45.001911871	250
-120.5	45.2801933885	250
-120	45.4666161239	250
-119.867067695	45.5	250
-119.5	45.6224980056	250
> 260 contour -Z260
-119.5	45.5525591671	260
-119	45.5376870595	260
-118.916946962	45.5	260
-118.731752753	45	260
-118.922327973	44.5	260
-119	44.3975977302	260
-119.229055107	44	260
-119.5	43.6837829053	260
-119.61470753	43.5	260
-120	43.1004473567	260
-120.068598539	43	260
-120.5	42.5892950892	260
-120.622682601	42.5	260
-121	42.2579151392	260
-121.5	42.1580269337	260
-122	42.1822476983	260
-122.5	42.435569033	260
-122.55828511	42.5	260
-122.627458766	43	260
-122.545584302	43.5	260
-122.5	43.5942842364	260
-122.323525757	44	260
-122	44.3542428017	260
-121.779483497	44.5	260
-121.5	44.7185069919	260
-121	44.9712273479	260
-120.916564286	45	260
-120.5	45.2319996804	260
-120	45.4139851034	260
-119.65749453	45.5	260
-119.5	45.5525591671	260
> 270 contour -Z270
-120.5	45.1838060021	270
-120	45.361354053	270
-119.5	45.4789682627	270
-119	45.3605858088	270
-118.832344234	45	270
-118.992568459	44.5	270
-119	44.4902023068	270
-119.282404378	44	270
-119.5	43.7460463047	270
-119.653569043	43.5	270
-120	43.1407471895	270
-120.096120507	43	270
-120.5	42.615496695	270
-120.658681005	42.5	270
-121	42.2810115367	270
-121.5	42.1745718122	270
-122	42.1983799636	270
-122.5	42.4634733088	270
-122.533042528	42.5	270
-122.603418112	43	270
-122.515657622	43.5	270
-122.5	43.5323854275	270
-122.296601623	44	270
-122	44.3247623742	270
-121.734882459	44.5	270
-121.5	44.6836368144	270
-121	44.9413864017	270
-120.83003068	45	270
-120.5	45.1838060021	270
> 280 contour -Z280
-120.5	45.1356122792	280
-120	45.3087230325	280
-119.5	45.3943329453	280
-119	45.1442385465	280
-118.93293573	45	280
-119	44.7864372581	280
-119.060093194	44.5	280
-119.335753649	44	280
-119.5	43.808309719	280
-119.692430556	43.5	280
-120	43.1810470223	280
-120.123642504	43	280
-120.5	42.6416983008	280
-120.694679439	42.5	280
-121	42.3041079342	280
-121.5	42.1911167204	280
-122	42.214512229	280
-122.5	42.4913775884	280
-122.507799948	42.5	280
-122.579377457	43	280
-122.5	43.4369077981	280
-122.491619855	43.5	280
-122.26967749	44	280
-122	44.2952819467	280
-121.690281421	44.5	280
-121.5	44.6487666368	280
-121	44.9115454555	280
-120.743497044	45	280
-120.5	45.1356122792	280
> 290 contour -Z290
-120.5	45.087418586	290
-120	45.2560920119	290
-119.5	45.309697628	290
-119.041740835	45	290
-119.127296567	44.5	290
-119.389102928	44	290
-119.5	43.8705731332	290
-119.731292069	43.5	290
-120	43.2213468552	290
-120.151164472	43	290
-120.5	42.6678999066	290
-120.730677843	42.5	290
-121	42.3272043169	290
-121.5	42.2076616287	290
-122	42.2306444943	290
-122.480129629	42.5	290
-122.5	42.6154437661	290
-122.555336799	43	290
-122.5	43.3045836985	290
-122.474044055	43.5	290
-122.242753357	44	290
-122	44.2658014894	290
-121.645680368	44.5	290
-121.5	44.6138964519	290
-121	44.8817045093	290
-120.656963408	45	290
-120.5	45.087418586	290
> 300 contour -Z300
-120.5	45.0392248929	300
-120	45.2034609765	300
-119.5	45.2250623107	300
-119.166975588	45	300
-119.194499969	44.5	300
-119.442452203	44	300
-119.5	43.93283654	300
-119.770153597	43.5	300
-120	43.2616466731	300
-120.17868644	43	300
-120.5	42.6941015124	300
-120.766676262	42.5	300
-121	42.3503007144	300
-121.5	42.2242065072	300
-122	42.2467767596	300
-122.451373667	42.5	300
-122.5	42.7825113386	300
-122.531296141	43	300
-122.5	43.1722595841	300
-122.456468225	43.5	300
-122.215829223	44	300
-122	44.2363210618	300
-121.601079322	44.5	300
-121.5	44.5790262669	300
-121	44.8518635631	300
-120.570429787	45	300
-120.5	45.0392248929	300
> 310 contour -Z310
-120	45.150829941	310
-119.5	45.1404269934	310
-119.292210355	45	310
-119.261703372	44.5	310
-119.49580148	44	310
-119.5	43.9950999487	310
-119.809015125	43.5	310
-120	43.3019465208	310
-120.206208438	43	310
-120.5	42.7203031182	310
-120.802674681	42.5	310
-121	42.3733971119	310
-121.5	42.2407514155	310
-122	42.2629090101	310
-122.422617704	42.5	310
-122.5	42.9495789148	310
-122.507255483	43	310
-122.5	43.0399354845	310
-122.438892424	43.5	310
-122.18890509	44	310
-122	44.2068406194	310
-121.556478277	44.5	310
-121.5	44.5441560894	310
-121	44.8220226169	310
-120.5	44.9933036268	310
-120.469510913	45	310
-120	45.150829941	310
> 320 contour -Z320
-120	45.0981989205	320
-119.5	45.0557916872	320
-119.417445116	45	320
-119.328906775	44.5	320
-119.5	44.1328594387	320
-119.538100839	44	320
-119.847876638	43.5	320
-120	43.3422463536	320
-120.233730406	43	320
-120.5	42.746504724	320
-120.8386731	42.5	320
-121	42.396493502	320
-121.5	42.2572963089	320
-122	42.2790412605	320
-122.393861741	42.5	320
-122.488723904	43	320
-122.421316624	43.5	320
-122.161980942	44	320
-122	44.177360177	320
-121.511877233	44.5	320
-121.5	44.5092859091	320
-121	44.7921816707	320
-120.5	44.9573207498	320
-120.305678427	45	320
-120	45.0981989205	320
> 330 contour -Z330
-120	45.0455678999	330
-119.641223073	45	330
-119.5	44.9096838832	330
-119.39611017	44.5	330
-119.5	44.2770679146	330
-119.5794563	44	330
-119.886738151	43.5	330
-120	43.382546179	330
-120.261252388	43	330
-120.5	42.7727063298	330
-120.874671504	42.5	330
-121	42.4195898995	330
-121.5	42.2738412023	330
-122	42.2951735258	330
-122.365105808	42.5	330
-122.472573668	43	330
-122.403740823	43.5	330
-122.135056809	44	330
-122	44.1478797346	330
-121.5	44.4832530618	330
-121.461485535	44.5	330
-121	44.7623407245	330
-120.5	44.9213378727	330
-120.141845971	45	330
-120	45.0455678999	330
> 340 contour -Z340
-121	44.7324997783	340
-120.5	44.8853549957	340
-120	44.9916512668	340
-119.5	44.6446709484	340
-119.463313565	44.5	340
-119.5	44.4212763831	340
-119.62081176	44	340
-119.925599672	43.5	340
-120	43.4228460118	340
-120.288774356	43	340
-120.5	42.7989079356	340
-120.910669923	42.5	340
-121	42.4426862933	340
-121.5	42.2903860956	340
-122	42.3113057911	340
-122.336349845	42.5	340
-122.456423432	43	340
-122.386165023	43.5	340
-122.108132675	44	340
-122	44.1183992997	340
-121.5	44.4604277313	340
-121.408992082	44.5	340
-121	44.7324997783	340
> 350 contour -Z350
-121	44.7026588321	350
-120.5	44.8493721187	350
-120	44.929440558	350
-119.530861259	44.5	350
-119.662167221	44	350
-119.964461185	43.5	350
-120	43.4631458484	350
-120.316296339	43	350
-120.5	42.8251095414	350
-120.946668338	42.5	350
-121	42.4657826871	350
-121.5	42.306930989	350
-122	42.3274380416	350
-122.307593882	42.5	350
-122.440273196	43	350
-122.368589222	43.5	350
-122.081208542	44	350
-122	44.0889188647	350
-121.5	44.4376024306	350
-121.356498659	44.5	350
-121	44.7026588321	350
> 360 contour -Z360
-121	44.6728178859	360
-120.5	44.8133892417	360
-120	44.8672298193	360
-119.598822832	44.5	360
-119.703522682	44	360
-120	43.5058929622	360
-120.002232105	43.5	360
-120.343818322	43	360
-120.5	42.8513111621	360
-120.982666755	42.5	360
-121	42.4888790809	360
-121.5	42.3234758824	360
-122	42.3435703069	360
-122.278837919	42.5	360
-122.424122989	43	360
-122.351013422	43.5	360
-122.054284409	44	360
-122	44.0594384223	360
-121.5	44.4147771001	360
-121.304005206	44.5	360
-121	44.6728178859	360
> 370 contour -Z370
-121	44.6429769099	370
-120.5	44.7774063647	370
-120	44.8050191104	370
-119.666784406	44.5	370
-119.744878143	44	370
-120	43.5748156905	370
-120.028338224	43.5	370
-120.37134029	43	370
-120.5	42.8775127605	370
-121	42.5097127259	370
-121.025446832	42.5	370
-121.5	42.3400207907	370
-122	42.3597025573	370
-122.250081956	42.5	370
-122.407972753	43	370
-122.333437592	43.5	370
-122.027360272	44	370
-122	44.0299579836	370
-121.5	44.3919517994	370
-121.251511782	44.5	370
-121	44.6429769099	370
> 380 contour -Z380
-121	44.6131359637	380
-120.5	44.7414234877	380
-120	44.7428084016	380
-119.734745979	44.5	380
-119.786233604	44	380
-120	43.6437384188	380
-120.054444313	43.5	380
-120.398862273	43	380
-120.5	42.9037143737	380
-121	42.528445065	380
-121.074524671	42.5	380
-121.5	42.3565656841	380
-122	42.3758348227	380
-122.221326008	42.5	380
-122.391822517	43	380
-122.315861791	43.5	380
-122.000436137	44	380
-122	44.0004775457	380
-121.5	44.3691264689	380
-121.199018344	44.5	380
-121	44.6131359637	380
> 390 contour -Z390
-121	44.5832950175	390
-120.5	44.7054406106	390
-120	44.6805976927	390
-119.802707553	44.5	390
-119.827589065	44	390
-120	43.7126611471	390
-120.080550432	43.5	390
-120.426384255	43	390
-120.5	42.9299159795	390
-121	42.5471774042	390
-121.123602509	42.5	390
-121.5	42.3731105775	390
-122	42.3919670805	390
-122.192570046	42.5	390
-122.375672281	43	390
-122.298285991	43.5	390
-122	43.9726040065	390
-121.969552308	44	390
-121.5	44.3463011682	390
-121.146524906	44.5	390
-121	44.5832950175	390
> 400 contour -Z400
-121	44.5534540713	400
-120.5	44.6694577336	400
-120	44.6183869764	400
-119.870669127	44.5	400
-119.868944526	44	400
-120	43.7815838754	400
-120.106656551	43.5	400
-120.453906231	43	400
-120.5	42.9561175853	400
-121	42.5659097433	400
-121.172680318	42.5	400
-121.5	42.3896554708	400
-122	42.4080993384	400
-122.163814098	42.5	400
-122.359522045	43	400
-122.280710191	43.5	400
-122	43.9447569251	400
-121.938603312	44	400
-121.5	44.3234758377	400
-121.094031468	44.5	400
-121	44.5534540713	400
> 410 contour -Z410
-121	44.5236131251	410
-120.5	44.6334748566	410
-120	44.5561762676	410
-119.938630704	44.5	410
-119.910299994	44	410
-120	43.8505065888	410
-120.132762671	43.5	410
-120.481428208	43	410
-120.5	42.982319193	410
-121	42.5846421123	410
-121.221758157	42.5	410
-121.5	42.4062003642	410
-122	42.4242316112	410
-122.135058135	42.5	410
-122.343371809	43	410
-122.26313439	43.5	410
-122	43.9169098437	410
-121.907654285	44	410
-121.5	44.300650537	410
-121.04153803	44.5	410
-121	44.5236131251	410
> 420 contour -Z420
-120.5	44.5974919796	420
-120.01728195	44.5	420
-120	44.4616903365	420
-119.951655455	44	420
-120	43.9194293171	420
-120.15886876	43.5	420
-120.5	43.0121413469	420
-120.507563353	43	420
-121	42.6033744514	420
-121.270835981	42.5	420
-121.5	42.4227452651	420
-122	42.4403638653	420
-122.106302179	42.5	420
-122.327221572	43	420
-122.245558575	43.5	420
-122	43.8890627325	420
-121.876705289	44	420
-121.5	44.2778252065	420
-121	44.494399637	420
-120.964240342	44.5	420
-120.5	44.5974919796	420
> 430 contour -Z430
-120.5	44.5615091026	430
-120.195446163	44.5	430
-120	44.0667457357	430
-119.993010917	44	430
-120	43.9883520426	430
-120.184974879	43.5	430
-120.5	43.0494762361	430
-120.530820787	43	430
-121	42.6221067905	430
-121.319913819	42.5	430
-121.5	42.4392901585	430
-122	42.4564961232	430
-122.077546224	42.5	430
-122.311071336	43	430
-122.227982774	43.5	430
-122	43.861215651	430
-121.845756263	44	430
-121.5	44.2549999058	430
-121	44.4675652385	430
-120.792895973	44.5	430
-120.5	44.5615091026	430
> 440 contour -Z440
-120.5	44.5255262256	440
-120.373610407	44.5	440
-120.034007192	44	440
-120.211080998	43.5	440
-120.5	43.0868110955	440
-120.554078221	43	440
-121	42.6408391595	440
-121.368991643	42.5	440
-121.5	42.4558350556	440
-122	42.4726283811	440
-122.048790261	42.5	440
-122.2949211	43	440
-122.210406974	43.5	440
-122	43.8333685696	440
-121.814807236	44	440
-121.5	44.2321745902	440
-121	44.4407308698	440
-120.621551596	44.5	440
-120.5	44.5255262256	440
> 450 contour -Z450
-121.5	44.2093492746	450
-121	44.4138964713	450
-120.5	44.486392051	450
-120.074930429	44	450
-120.237187117	43.5	450
-120.5	43.1241459846	450
-120.577335656	43	450
-121	42.6595714986	450
-121.418069474	42.5	450
-121.5	42.4723799508	450
-122	42.488760639	450
-122.020034306	42.5	450
-122.278770864	43	450
-122.192831159	43.5	450
-122	43.8055214882	450
-121.78385824	44	450
-121.5	44.2093492746	450
> 460 contour -Z460
-121.5	44.1865239441	460
-121	44.3870620728	460
-120.5	44.4395650327	460
-120.115853667	44	460
-120.263293222	43.5	460
-120.5	43.1614808738	460
-120.60059309	43	460
-121	42.6783038378	460
-121.467147302	42.5	460
-121.5	42.4889248461	460
-121.844094127	42.5	460
-122	42.5091551542	460
-122.262620628	43	460
-122.175255358	43.5	460
-122	43.7776744068	460
-121.752909213	44	460
-121.5	44.1865239441	460
> 470 contour -Z470
-121.5	44.1636986434	470
-121	44.3602276742	470
-120.5	44.3927380443	470
-120.156776875	44	470
-120.289399326	43.5	470
-120.5	43.1988157332	470
-120.623850554	43	470
-121	42.6970361769	470
-121.5	42.5064230561	470
-122	42.5393403471	470
-122.246470392	43	470
-122.157679558	43.5	470
-122	43.7498273104	470
-121.721960202	44	470
-121.5	44.1636986434	470
> 480 contour -Z480
-121.5	44.140873313	480
-121	44.3333932757	480
-120.5	44.345911026	480
-120.197700113	44	480
-120.315505445	43.5	480
-120.5	43.2361506224	480
-120.647107989	43	480
-121	42.7157685459	480
-121.5	42.5258515477	480
-122	42.5695255697	480
-122.230320156	43	480
-122.140103757	43.5	480
-122	43.721980229	480
-121.69101119	44	480
-121.5	44.140873313	480
> 490 contour -Z490
-121.5	44.1180480123	490
-121	44.3065588772	490
-120.5	44.2990840375	490
-120.238623351	44	490
-120.341611549	43.5	490
-120.5	43.2734854966	490
-120.670365423	43	490
-121	42.734500885	490
-121.5	42.5452800393	490
-122	42.5997107923	490
-122.214169919	43	490
-122.12252795	43.5	490
-122	43.6941331476	490
-121.660062164	44	490
-121.5	44.1180480123	490
> 500 contour -Z500
-121.5	44.0952226818	500
-121	44.2797244787	500
-120.5	44.2522570491	500
-120.279546574	44	500
-120.367717668	43.5	500
-120.5	43.3108203709	500
-120.693622857	43	500
-121	42.7532332242	500
-121.5	42.5647085309	500
-122	42.6298960149	500
-122.198019683	43	500
-122.104952142	43.5	500
-122	43.6662860513	500
-121.629113153	44	500
-121.5	44.0952226818	500
> 510 contour -Z510
-121.5	44.0723973811	510
-121	44.2528900802	510
-120.5	44.2054300308	510
-120.320469812	44	510
-120.39382378	43.5	510
-120.5	43.3481552452	510
-120.716880292	43	510
-121	42.7719655782	510
-121.5	42.5841370225	510
-122	42.6600812078	510
-122.181869447	43	510
-122.087376334	43.5	510
-122	43.6384389699	510
-121.598164141	44	510
-121.5	44.0723973811	510
> 520 contour -Z520
-121.5	44.0495720506	520
-121	44.2260556966	520
-120.5	44.1586030275	520
-120.361393034	44	520
-120.419929892	43.5	520
-120.5	43.3854901195	520
-120.740137726	43	520
-121	42.7906979173	520
-121.5	42.6035655141	520
-122	42.6902664304	520
-122.165719211	43	520
-122.069800533	43.5	520
-122	43.6105918884	520
-121.567215122	44	520
-121.5	44.0495720506	520
> 530 contour -Z530
-121.5	44.0267467499	530
-121	44.1992212981	530
-120.5	44.1117760316	530
-120.402316272	44	530
-120.446036004	43.5	530
-120.5	43.4228250012	530
-120.763395175	43	530
-121	42.8094302714	530
-121.5	42.6229940057	530
-122	42.720451653	530
-122.149568975	43	530
-122.052224729	43.5	530
-122	43.5827447996	530
-121.536266111	44	530
-121.5	44.0267467499	530
> 540 contour -Z540
-121.5	44.0039214194	540
-121	44.1723869145	540
-120.5	44.0649490282	540
-120.443239499	44	540
-120.472142115	43.5	540
-120.5	43.4601598755	540
-120.78665261	43	540
-121	42.8281626105	540
-121.5	42.6424225271	540
-122	42.7506368607	540
-122.133418739	43	540
-122.034648921	43.5	540
-122	43.5548977144	540
-121.505317095	44	540
-121.5	44.0039214194	540
> 550 contour -Z550
-121	44.145552516	550
-120.5	44.0181220267	550
-120.484162729	44	550
-120.498248226	43.5	550
-120.5	43.4974947532	550
-120.809910044	43	550
-121	42.8468949646	550
-121.5	42.6618510187	550
-122	42.7808220685	550
-122.11726851	43	550
-122.017073117	43.5	550
-122	43.5270506293	550
-121.5	43.9758325815	550
-121.433768511	44	550
-121	44.145552516	550
> 560 contour -Z560
-121	44.1187181175	560
-120.560848504	44	560
-120.531853646	43.5	560
-120.833167493	43	560
-121	42.8656273037	560
-121.5	42.6812795103	560
-122	42.8110072911	560
-122.101118274	43	560
-122	43.497726351	560
-121.999067456	43.5	560
-121.5	43.9466518462	560
-121.353797972	44	560
-121	44.1187181175	560
> 570 contour -Z570
-121	44.091883719	570
-120.660111904	44	570
-120.565998495	43.5	570
-120.856424928	43	570
-121	42.8843596578	570
-121.5	42.7007080019	570
-122	42.8411924988	570
-122.084968038	43	570
-122	43.4182313383	570
-121.966462314	43.5	570
-121.5	43.9174711406	570
-121.273827404	44	570
-121	44.091883719	570
> 580 contour -Z580
-121	44.0650493205	580
-120.759375319	44	580
-120.600143343	43.5	580
-120.879682362	43	580
-121	42.9030920044	580
-121.5	42.7201364934	580
-122	42.8713777214	580
-122.068817802	43	580
-122	43.3387363553	580
-121.933857173	43.5	580
-121.5	43.8882904053	580
-121.19385685	44	580
-121	44.0650493205	580
> 590 contour -Z590
-121	44.038214922	590
-120.858638719	44	590
-120.634288192	43.5	590
-120.902939804	43	590
-121	42.921824351	590
-121.5	42.739564985	590
-122	42.9015629292	590
-122.052667569	43	590
-122	43.2592413425	590
-121.901252031	43.5	590
-121.5	43.8591096997	590
-121.113886297	44	590
-121	44.038214922	590
> 600 contour -Z600
-121	44.0113805532	600
-120.957902115	44	600
-120.66843304	43.5	600
-120.926197238	43	600
-121	42.9405566975	600
-121.5	42.7589934766	600
-122	42.9317481443	600
-122.036517333	43	600
-122	43.1797463447	600
-121.86864689	43.5	600
-121.5	43.8299289644	600
-121.033915736	44	600
-121	44.0113805532	600
> 610 contour -Z610
-121.5	43.8007482588	610
-121	43.9689927697	610
-120.702577859	43.5	610
-120.949454676	43	610
-121	42.9592890441	610
-121.5	42.7784219682	610
-122	42.9619333558	610
-122.020367099	43	610
-122	43.1002513319	610
-121.836041749	43.5	610
-121.5	43.8007482588	610
> 620 contour -Z620
-121.5	43.7715675384	620
-121	43.9151511788	620
-120.736722708	43.5	620
-120.972712114	43	620
-121	42.9780213907	620
-121.5	42.7978504598	620
-122	42.992118571	620
-122.004216863	43	620
-122	43.0207563285	620
-121.803436607	43.5	620
-121.5	43.7715675384	620
> 630 contour -Z630
-121.5	43.7423868179	630
-121	43.8613095582	630
-120.770867556	43.5	630
-120.995969553	43	630
-121	42.9967537383	630
-121.5	42.8172789514	630
-121.963578463	43	630
-121.770831466	43.5	630
-121.5	43.7423868179	630
> 640 contour -Z640
-121.5	43.7132060826	640
-121	43.8074679673	640
-120.805012405	43.5	640
-121	43.0632296503	640
-121.044776201	43	640
-121.5	42.836707443	640
-121.914286762	43	640
-121.738226309	43.5	640
-121.5	43.7132060826	640
> 650 contour -Z650
-121.5	43.684025377	650
-121	43.7536263466	650
-120.839157239	43.5	650
-121	43.1397137642	650
-121.098938584	43	650
-121.5	42.8561359495	650
-121.864995062	43	650
-121.705621168	43.5	650
-121.5	43.684025377	650
> 660 contour -Z660
-121.5	43.6548446417	660
-121	43.6997847557	660
-120.873302087	43.5	660
-121	43.2161978781	660
-121.153100938	43	660
-121.5	42.8755644336	660
-121.815703362	43	660
-121.673016027	43.5	660
-121.5	43.6548446417	660
> 670 contour -Z670
-121.5	43.6256639361	670
-121	43.6459431499	670
-120.907446928	43.5	670
-121	43.292682007	670
-121.207263321	43	670
-121.5	42.8949929327	670
-121.766411662	43	670
-121.64041087	43.5	670
-121.5	43.6256639361	670
> 680 contour -Z680
-121.5	43.5964832008	680
-121	43.5921015441	680
-120.941591769	43.5	680
-121	43.3691661209	680
-121.261425704	43	680
-121.5	42.9144214243	680
-121.717119962	43	680
-121.607805729	43.5	680
-121.5	43.5964832008	680
> 690 contour -Z690
-121.5	43.5673024952	690
-121	43.5382599421	690
-120.975736612	43.5	690
-121	43.445650246	690
-121.315588087	43	690
-121.5	42.9338499159	690
-121.667828262	43	690
-121.575200588	43.5	690
-121.5	43.5673024952	690
> 700 contour -Z700
-121.5	43.5381217599	700
-121.090674907	43.5	700
-121.369750455	43	700
-121.5	42.9532784112	700
-121.618536554	43	700
-121.542595446	43.5	700
-121.5	43.5381217599	700
> 710 contour -Z710
-121.5	43.5089410543	710
-121.403997228	43.5	710
-121.423912838	43	710
-121.5	42.9727069028	710
-121.569244854	43	710
-121.5099903	43.5	710
-121.5	43.5089410543	710
> 720 contour -Z720
-121.5	43.1842676997	720
-121.478075212	43	720
-121.5	42.9921353972	720
-121.51995315	43	720
-121.5	43.1842676997	720
