> 10 contour -Z10
-114.5	54.0029812455	10
-114	54.1168032363	10
-113.5	54.214877665	10
-113	54.3006860316	10
-112.5	54.3717900813	10
-112	54.4265306294	10
-111.5	54.4605263472	10
-111	54.4656923115	10
-110.5	54.4258427322	10
-110	54.3122686148	10
-109.5	54.105047375	10
-109.31014809	54	10
-109	53.7936268151	10
-108.642328858	53.5	10
-108.5	53.3548540771	10
-108.18066144	53	10
-108	52.8355213702	10
-107.5	52.5063375779	10
-107.485606017	52.5	10
-107	52.3712334335	10
-106.5	52.2427394539	10
-106	52.1015251949	10
-105.688140631	52	10
-105.5	51.9137004912	10
-105	51.6224571243	10
-104.822941273	51.5	10
-104.552025765	51	10
-104.852607578	50.5	10
-105	50.3961107656	10
-105.494348341	50	10
-105.5	49.9970393248	10
-106	49.6960150003	10
-106.281693563	49.5	10
-106.5	49.3906862587	10
-107	49.1194946766	10
-107.194162011	49	10
-107.5	48.8405341953	10
-108	48.5819026232	10
-108.141924739	48.5	10
-108.5	48.3029239625	10
-109	48.0326274931	10
-109.055555582	48	10
-109.5	47.7398794293	10
-109.933013715	47.5	10
-110	47.4588637687	10
-110.5	47.1569365859	10
-110.762715399	47	10
-111	46.8340681791	10
-111.5	46.5223554671	10
-111.533139557	46.5	10
-112	46.1330939829	10
-112.185836703	46	10
-112.5	45.7224190831	10
-112.781033754	45.5	10
-113	45.2830207497	10
-113.307717636	45	10
-113.5	44.7922293544	10
-113.781171635	44.5	10
-114	44.252513513	10
-114.222613603	44	10
-114.5	43.6803300083	10
-114.652966022	43.5	10
-115	43.0831331909	10
-115.067206055	43	10
-115.451947268	42.5	10
-115.5	42.4360902682	10
-115.816267759	42	10
-116	41.7875656635	10
-116.256242186	41.5	10
-116.5	41.2663075626	10
-116.802515313	41	10
-117	40.8293184787	10
-117.44661361	40.5	10
-117.5	40.4596020952	10
-118	40.1270205379	10
-118.293983892	40	10
-118.5	39.8896561414	10
-119	39.6925073266	10
-119.5	39.562961489	10
-119.868600667	39.5	10
-120	39.4710090403	10
-120.5	39.4051991254	10
-121	39.3962196782	10
-121.5	39.4331202656	10
-121.921052426	39.5	10
-122	39.5086749494	10
-122.5	39.6011160016	10
-123	39.7664283961	10
-123.404229909	40	10
-123.5	40.0570748448	10
-123.96726045	40.5	10
-124	40.5417733192	10
-124.329004824	41	10
-124.5	41.3578644246	10
-124.581765316	41.5	10
-124.831825942	42	10
-125	42.361534372	10
-125.078845054	42.5	10
-125.325275332	43	10
-125.5	43.4305095673	10
-125.534745209	43.5	10
-125.728013977	44	10
-125.854284167	44.5	10
-125.94008857	45	10
-126	45.4483426921	10
-126.010416753	45.5	10
-126.056818191	46	10
-126.047563426	46.5	10
-126	46.7454729378	10
-125.957945436	47	10
-125.808466971	47.5	10
-125.587077364	48	10
-125.5	48.1488660276	10
-125.293725789	48.5	10
-125	48.8686622381	10
-124.887839615	49	10
-124.5	49.3846504986	10
-124.374252975	49.5	10
-124	49.824062109	10
-123.772194356	50	10
-123.5	50.2082443684	10
-123.061053861	50.5	10
-123	50.5416665785	10
-122.5	50.8503907919	10
-122.207636401	51	10
-122	51.1148893684	10
-121.5	51.3665857017	10
-121.198194683	51.5	10
-121	51.5988645554	10
-120.5	51.8272413909	10
-120.060140513	52	10
-120	52.0277552847	10
-119.5	52.2470504045	10
-119	52.4364553988	10
-118.822467059	52.5	10
-118.5	52.6374390423	10
-118	52.8398594558	10
-117.570852026	53	10
-117.5	53.0311391372	10
-117	53.2424618602	10
-116.5	53.4240650237	10
-116.264379442	53.5	10
-116	53.6007692516	10
-115.5	53.761957705	10
-115	53.8937973678	10
-114.511608579	54	10
-114.5	54.0029812455	10
> 20 contour -Z20
-114.5	52.5831018984	20
-114	52.6887128651	20
-113.5	52.7746433318	20
-113	52.8381005824	20
-112.5	52.8711868823	20
-112	52.8557460904	20
-111.5	52.7629828751	20
-111	52.5219737515	20
-110.969646635	52.5	20
-110.5	52.1123007089	20
-110.374490872	52	20
-110	51.8112650514	20
-109.5	51.6071429104	20
-109.209310353	51.5	20
-109	51.4228520095	20
-108.5	51.2130856663	20
-108.095637411	51	20
-108	50.9103305936	20
-107.642857015	50.5	20
-107.712321341	50	20
-108	49.6832480431	20
-108.132914931	49.5	20
-108.5	49.1870897114	20
-108.683520138	49	20
-109	48.784752652	20
-109.356085137	48.5	20
-109.5	48.4089800864	20
-110	48.0816203654	20
-110.111659259	48	20
-110.5	47.7449233234	20
-110.862336233	47.5	20
-111	47.4089804664	20
-111.5	47.0672901571	20
-111.593901217	47	20
-112	46.7035229504	20
-112.278385237	46.5	20
-112.5	46.3263771385	20
-112.920657337	46	20
-113	45.9319682866	20
-113.5	45.5130157173	20
-113.514752656	45.5	20
-114	45.0460081398	20
-114.049246818	45	20
-114.5	44.5515419245	20
-114.552183628	44.5	20
-115	44.0246256888	20
-115.022879869	44	20
-115.474796316	43.5	20
-115.5	43.4712734316	20
-115.920210578	43	20
-116	42.9080097675	20
-116.369613051	42.5	20
-116.5	42.3520459384	20
-116.828343183	42	20
-117	41.8233839124	20
-117.339136213	41.5	20
-117.5	41.3581130505	20
-117.984712241	41	20
-118	40.9886464914	20
-118.5	40.6819802523	20
-118.964757752	40.5	20
-119	40.4840319492	20
-119.5	40.3088235259	20
-120	40.1992183626	20
-120.5	40.1396237016	20
-121	40.130764693	20
-121.5	40.1671800613	20
-122	40.2528136969	20
-122.5	40.4070931599	20
-122.690802619	40.5	20
-123	40.6484707594	20
-123.389572918	41	20
-123.5	41.1416731179	20
-123.739913821	41.5	20
-123.965416104	42	20
-124	42.0990491211	20
-124.174723789	42.5	20
-124.377055824	43	20
-124.5	43.3471640944	20
-124.560375907	43.5	20
-124.698592931	44	20
-124.787546575	44.5	20
-124.851437718	45	20
-124.89147225	45.5	20
-124.890907615	46	20
-124.824784756	46.5	20
-124.661815599	47	20
-124.5	47.3283767998	20
-124.417804211	47.5	20
-124.096567556	48	20
-124	48.1188633963	20
-123.669163167	48.5	20
-123.5	48.6632195264	20
-123.109844103	49	20
-123	49.0887152925	20
-122.5	49.4456646144	20
-122.412783563	49.5	20
-122	49.7684945166	20
-121.576432042	50	20
-121.5	50.0451703966	20
-121	50.3162657022	20
-120.597301714	50.5	20
-120.5	50.5494185872	20
-120	50.790484041	20
-119.5	50.9974400401	20
-119.493628114	51	20
-119	51.2260623872	20
-118.5	51.4223317504	20
-118.283821017	51.5	20
-118	51.6188744605	20
-117.5	51.8103264272	20
-117	51.9763166606	20
-116.91200757	52	20
-116.5	52.1346554011	20
-116	52.2608472407	20
-115.5	52.3688295484	20
-115	52.4708848894	20
-114.850586087	52.5	20
-114.5	52.5831018984	20
> 30 contour -Z30
-115.5	51.5068171024	30
-115	51.6227218062	30
-114.5	51.7253878862	30
-114	51.8058020175	30
-113.5	51.8526015878	30
-113	51.849539876	30
-112.5	51.7743804455	30
-112	51.5875425786	30
-111.847116038	51.5	30
-111.5	51.3521495759	30
-111	51.1477169991	30
-110.636037678	51	30
-110.5	50.9418582022	30
-110	50.6971562803	30
-109.677590579	50.5	30
-109.5	50.2883945405	30
-109.30535917	50	30
-109.401595749	49.5	30
-109.5	49.379564099	30
-109.759531572	49	30
-110	48.775072366	30
-110.248324811	48.5	30
-110.5	48.3157232851	30
-110.859077349	48	30
-111	47.8999323919	30
-111.5	47.5233284831	30
-111.527481288	47.5	30
-112	47.1451186538	30
-112.188025773	47	30
-112.5	46.7601022273	30
-112.82852526	46.5	30
-113	46.3602432907	30
-113.429061025	46	30
-113.5	45.9383666739	30
-113.996866236	45.5	30
-114	45.4970680862	30
-114.5	45.0234944224	30
-114.524214119	45	30
-115	44.5286147892	30
-115.028614789	44.5	30
-115.5	44.0020228922	30
-115.501907825	44	30
-115.955555532	43.5	30
-116	43.4520554729	30
-116.426105745	43	30
-116.5	42.9212440848	30
-116.914197944	42.5	30
-117	42.4102740139	30
-117.432466976	42	30
-117.5	41.934581466	30
-118	41.5182233155	30
-118.028758675	41.5	30
-118.5	41.1794923246	30
-118.928557657	41	30
-119	40.9645406604	30
-119.5	40.7742700726	30
-120	40.6524408758	30
-120.5	40.589342922	30
-121	40.589148432	30
-121.5	40.6417989731	30
-122	40.7486658692	30
-122.5	40.9449923337	30
-122.590075627	41	30
-123	41.3174416572	30
-123.1535386	41.5	30
-123.440907359	42	30
-123.5	42.1454063356	30
-123.670780092	42.5	30
-123.835621536	43	30
-123.942644984	43.5	30
-124	43.8321048617	30
-124.051449347	44	30
-124.16273284	44.5	30
-124.222341806	45	30
-124.230874151	45.5	30
-124.189938545	46	30
-124.06374824	46.5	30
-124	46.6436054707	30
-123.849276721	47	30
-123.532534838	47.5	30
-123.5	47.5429029129	30
-123.128663018	48	30
-123	48.1307718754	30
-122.586703457	48.5	30
-122.5	48.5707501397	30
-122	48.9314640164	30
-121.89310208	49	30
-121.5	49.2536533475	30
-121.036920283	49.5	30
-121	49.5212256834	30
-120.5	49.792137593	30
-120.039107732	50	30
-120	50.0200254135	30
-119.5	50.2653264403	30
-119	50.4716391563	30
-118.923860967	50.5	30
-118.5	50.6840186864	30
-118	50.8678956628	30
-117.583751462	51	30
-117.5	51.0312860422	30
-117	51.1821442842	30
-116.5	51.3039351702	30
-116	51.4088393748	30
-115.529571671	51.5	30
-115.5	51.5068171024	30
> 40 contour -Z40
-114.5	51.0794579983	40
-114	51.1309084296	40
-113.5	51.1171401069	40
-113	51.0342998728	40
-112.891035356	51	40
-112.5	50.8969322145	40
-112	50.7350451201	40
-111.5	50.5405874401	40
-111.40886011	50.5	40
-111	50.253063798	40
-110.688771516	50	40
-110.5	49.5610396862	40
-110.478128962	49.5	40
-110.5	49.4466020539	40
-110.634918243	49	40
-110.997197768	48.5	40
-111	48.4975526195	40
-111.469060646	48	40
-111.5	47.9763091635	40
-112	47.5517865419	40
-112.052007645	47.5	40
-112.5	47.1440635324	40
-112.670685858	47	40
-113	46.7307369411	40
-113.267098293	46.5	40
-113.5	46.2988606095	40
-113.829594478	46	40
-114	45.8460225314	40
-114.370653659	45.5	40
-114.5	45.3773264661	40
-114.888884805	45	40
-115	44.8899125382	40
-115.389912538	44.5	40
-115.5	44.3837022632	40
-115.861878991	44	40
-116	43.8512444198	40
-116.32294862	43.5	40
-116.5	43.3150781989	40
-116.80233635	43	40
-117	42.7999638319	40
-117.308783025	42.5	40
-117.5	42.3154719025	40
-117.876704693	42	40
-118	41.8924187943	40
-118.5	41.5558535755	40
-118.617743105	41.5	40
-119	41.2926389873	40
-119.5	41.1198878288	40
-120	41.0205571651	40
-120.205134124	41	40
-120.5	40.9535620101	40
-121	40.9518352263	40
-121.349841923	41	40
-121.5	41.015042752	40
-122	41.1326504648	40
-122.5	41.387880072	40
-122.631980017	41.5	40
-123	41.8974925727	40
-123.069021903	42	40
-123.270461679	42.5	40
-123.46288076	43	40
-123.5	43.1425327659	40
-123.589038238	43.5	40
-123.665865883	44	40
-123.712795734	44.5	40
-123.747938126	45	40
-123.743211955	45.5	40
-123.680160299	46	40
-123.515701706	46.5	40
-123.5	46.5297931526	40
-123.240114242	47	40
-123	47.3234494925	40
-122.856300622	47.5	40
-122.5	47.868802458	40
-122.357458591	48	40
-122	48.2975396514	40
-121.723851338	48.5	40
-121.5	48.6573696285	40
-121	48.9608596563	40
-120.928272247	49	40
-120.5	49.2455558479	40
-120	49.481683284	40
-119.957818508	49.5	40
-119.5	49.7265692353	40
-119	49.9322034717	40
-118.807730615	50	40
-118.5	50.1286247224	40
-118	50.2994071841	40
-117.5	50.435875535	40
-117.219727248	50.5	40
-117	50.5589834973	40
-116.5	50.6845566332	40
-116	50.7964473367	40
-115.5	50.8981779516	40
-115	50.9906662703	40
-114.938975036	51	40
-114.5	51.0794579983	40
> 50 contour -Z50
-114.5	50.5444641709	50
-114	50.5549019389	50
-113.5	50.5161252841	50
-113.419420257	50.5	50
-113	50.4232442677	50
-112.5	50.2669481337	50
-112	50.0466200709	50
-111.916502878	50	50
-111.5	49.5834971219	50
-111.436661668	49.5	50
-111.375035562	49	50
-111.5	48.7665514797	50
-111.61276722	48.5	50
-112	48.0064516366	50
-112.00431779	48	50
-112.5	47.5065431893	50
-112.505563706	47.5	50
-113	47.0793892145	50
-113.080995351	47	50
-113.5	46.6315626204	50
-113.639107317	46.5	50
-114	46.1681231558	50
-114.172703028	46	50
-114.5	45.6909563839	50
-114.693444282	45.5	50
-115	45.200884074	50
-115.200086296	45	50
-115.5	44.7000862956	50
-115.698611736	44.5	50
-116	44.1843663752	50
-116.175975084	44	50
-116.5	43.6536231339	50
-116.643243432	43.5	50
-117	43.1313668787	50
-117.127803832	43	50
-117.5	42.6360304356	50
-117.647342235	42.5	50
-118	42.1898784637	50
-118.270131946	42	50
-118.5	41.8323563635	50
-119	41.5764787197	50
-119.216723353	41.5	50
-119.5	41.3820522204	50
-120	41.2523176074	50
-120.5	41.1921128631	50
-121	41.1987623274	50
-121.5	41.2789507061	50
-122	41.4588934407	50
-122.072588935	41.5	50
-122.5	41.8241435885	50
-122.665379271	42	50
-122.951588184	42.5	50
-123	42.7623986602	50
-123.093167707	43	50
-123.255330294	43.5	50
-123.343699753	44	50
-123.372588068	44.5	50
-123.374948204	45	50
-123.346164316	45.5	50
-123.25613898	46	50
-123.048348125	46.5	50
-123	46.5769402459	50
-122.721642926	47	50
-122.5	47.2600319386	50
-122.277530402	47.5	50
-122	47.7602623403	50
-121.714691266	48	50
-121.5	48.1684454978	50
-121.005467786	48.5	50
-121	48.5036121896	50
-120.5	48.8094700277	50
-120.116909608	49	50
-120	49.0625366941	50
-119.5	49.3011875153	50
-119	49.4961799383	50
-118.988238007	49.5	50
-118.5	49.6846257746	50
-118	49.8287264705	50
-117.5	49.944966495	50
-117.25473398	50	50
-117	50.067253083	50
-116.5	50.1935292929	50
-116	50.3048652411	50
-115.5	50.4007513821	50
-115	50.4799154997	50
-114.818215609	50.5	50
-114.5	50.5444641709	50
> 60 contour -Z60
-115	50.0658025742	60
-114.5	50.115762502	60
-114	50.1172451973	60
-113.5	50.0499073714	60
-113.326073021	50	60
-113	49.8889071643	60
-112.5	49.6204545498	60
-112.341748074	49.5	60
-112.067574978	49	60
-112.16307205	48.5	60
-112.484072121	48	60
-112.5	47.9841436297	60
-112.911671571	47.5	60
-113	47.4248601049	60
-113.433455504	47	60
-113.5	46.9414863773	60
-113.966804281	46.5	60
-114	46.4694732241	60
-114.482262202	46	60
-114.5	45.9832514394	60
-114.989547536	45.5	60
-115	45.4898012066	60
-115.48785609	45	60
-115.5	44.9878560901	60
-115.984260775	44.5	60
-116	44.4835168477	60
-116.461509917	44	60
-116.5	43.9588547833	60
-116.927851781	43.5	60
-117	43.425449945	60
-117.413910531	43	60
-117.5	42.9158133492	60
-117.950390901	42.5	60
-118	42.4563745633	60
-118.5	42.0849150121	60
-118.651446432	42	60
-119	41.798671335	60
-119.5	41.6074455976	60
-119.944489308	41.5	60
-120	41.4840780515	60
-120.5	41.4122995958	60
-121	41.4279623851	60
-121.329662293	41.5	60
-121.5	41.5474437773	60
-122	41.8085068464	60
-122.237938702	42	60
-122.5	42.1361978352	60
-122.777632803	42.5	60
-122.854185343	43	60
-122.946232319	43.5	60
-123	43.7633981854	60
-123.05654151	44	60
-123.100049093	44.5	60
-123.079177707	45	60
-123.007020306	45.5	60
-123	45.5278301463	60
-122.891087234	46	60
-122.650969848	46.5	60
-122.5	46.7077838331	60
-122.278324544	47	60
-122	47.2948220968	60
-121.784791261	47.5	60
-121.5	47.7486783415	60
-121.164701626	48	60
-121	48.1198850945	60
-120.5	48.4316265583	60
-120.371425062	48.5	60
-120	48.7057276964	60
-119.5	48.9335986078	60
-119.324603796	49	60
-119	49.1357936263	60
-118.5	49.2967775166	60
-118	49.4204111099	60
-117.642014608	49.5	60
-117.5	49.5364029631	60
-117	49.6710646749	60
-116.5	49.7948636115	60
-116	49.8998067379	60
-115.5	49.9840525985	60
-115.379055381	50	60
-115	50.0658025742	60
> 70 contour -Z70
-116	49.5666067004	70
-115.5	49.6695080549	70
-115	49.7375008017	70
-114.5	49.7623220384	70
-114	49.726926282	70
-113.5	49.5918947011	70
-113.296412617	49.5	70
-113	49.2809971273	70
-112.746590197	49	70
-112.680054665	48.5	70
-112.913976096	48	70
-113	47.8978542835	70
-113.28200224	47.5	70
-113.5	47.2864203751	70
-113.743209153	47	70
-114	46.7560106665	70
-114.241326481	46.5	70
-114.5	46.2472979426	70
-114.736253768	46	70
-115	45.7391304076	70
-115.231187642	45.5	70
-115.5	45.2302956879	70
-115.724645853	45	70
-116	44.7229695022	70
-116.219969302	44.5	70
-116.5	44.2091775239	70
-116.701668888	44	70
-117	43.6841936111	70
-117.176086217	43.5	70
-117.5	43.1686773002	70
-117.671726882	43	70
-118	42.6924563944	70
-118.237477243	42.5	70
-118.5	42.300599575	70
-119	42.0181358755	70
-119.042538851	42	70
-119.5	41.802765727	70
-120	41.6743354201	70
-120.5	41.6223663688	70
-121	41.6677512228	70
-121.5	41.8395852149	70
-121.772749871	42	70
-122	42.0696113408	70
-122.5	42.3641440719	70
-122.603677399	42.5	70
-122.659245953	43	70
-122.70094192	43.5	70
-122.771665007	44	70
-122.836375415	44.5	70
-122.820944756	45	70
-122.746846303	45.5	70
-122.580971278	46	70
-122.5	46.149456203	70
-122.303364992	46.5	70
-122	46.8748016953	70
-121.887205184	47	70
-121.5	47.3727892339	70
-121.344833463	47.5	70
-121	47.772287488	70
-120.651889816	48	70
-120.5	48.0995550677	70
-120	48.3752616346	70
-119.724241063	48.5	70
-119.5	48.6074619666	70
-119	48.7950809002	70
-118.5	48.941195488	70
-118.252848595	49	70
-118	49.066052407	70
-117.5	49.2044260353	70
-117	49.3380982876	70
-116.5	49.4545382559	70
-116.268610626	49.5	70
-116	49.5666067004	70
> 80 contour -Z80
-117	49.0451695919	80
-116.5	49.1905328035	80
-116	49.3056594729	80
-115.5	49.3867076039	80
-115	49.4354298413	80
-114.5	49.4350347519	80
-114	49.3341102004	80
-113.5	49.0644281954	80
-113.420446962	49	80
-113.181516707	48.5	80
-113.307890847	48	80
-113.5	47.7210472226	80
-113.62611714	47.5	80
-114	47.0545709729	80
-114.038616747	47	80
-114.5	46.5104784369	80
-114.508285463	46.5	80
-114.986867774	46	80
-115	45.9870110052	80
-115.470834866	45.5	80
-115.5	45.4707380924	80
-115.959189463	45	80
-116	44.9589410089	80
-116.452765636	44.5	80
-116.5	44.4509453289	80
-116.934758216	44	80
-117	43.93093656	80
-117.411968634	43.5	80
-117.5	43.4099550843	80
-117.91736678	43	80
-118	42.9225848317	80
-118.5	42.5153886378	80
-118.524038374	42.5	80
-119	42.2112755477	80
-119.495560408	42	80
-119.5	41.998085871	80
-120	41.8615312129	80
-120.5	41.8257341385	80
-121	41.9123935476	80
-121.221322596	42	80
-121.5	42.0620339811	80
-122	42.2217673957	80
-122.409522533	42.5	80
-122.480776876	43	80
-122.480044603	43.5	80
-122.492764235	44	80
-122.5	44.0643807054	80
-122.57784389	44.5	80
-122.576434039	45	80
-122.5	45.4369587898	80
-122.48898235	45.5	80
-122.305521935	46	80
-122	46.4773025513	80
-121.983558655	46.5	80
-121.529806996	47	80
-121.5	47.0286972597	80
-121	47.4464232922	80
-120.922252387	47.5	80
-120.5	47.7902463078	80
-120.119125441	48	80
-120	48.06741786	80
-119.5	48.2915500402	80
-119	48.4685024619	80
-118.890757978	48.5	80
-118.5	48.6184481978	80
-118	48.7667698264	80
-117.5	48.9080654383	80
-117.147081345	49	80
-117	49.0451695919	80
> 90 contour -Z90
-116	49.062764138	90
-115.5	49.1410073489	90
-115	49.1652617455	90
-114.5	49.111179471	90
-114.182423741	49	90
-114	48.8813334703	90
-113.680046558	48.5	90
-113.684433132	48	90
-113.945320539	47.5	90
-114	47.4348570853	90
-114.307723388	47	90
-114.5	46.7959970534	90
-114.734049737	46.5	90
-115	46.2229017615	90
-115.195276707	46	90
-115.5	45.6863172948	90
-115.672472656	45.5	90
-116	45.1656040847	90
-116.158650905	45	90
-116.5	44.6548187733	90
-116.653111815	44.5	90
-117	44.142537564	90
-117.140985936	44	90
-117.5	43.6273724735	90
-117.630393147	43.5	90
-118	43.1359669268	90
-118.162551463	43	90
-118.5	42.719212383	90
-118.842428714	42.5	90
-119	42.40441522	90
-119.5	42.1853196323	90
-120	42.048869729	90
-120.5	42.0244992375	90
-121	42.0940788388	90
-121.5	42.1996120512	90
-122	42.3739234507	90
-122.185568437	42.5	90
-122.37579	43	90
-122.369671762	43.5	90
-122.330162615	44	90
-122.325318694	44.5	90
-122.327632904	45	90
-122.244686604	45.5	90
-122.042322513	46	90
-122	46.0661184713	90
-121.685709164	46.5	90
-121.5	46.7024219334	90
-121.17336607	47	90
-121	47.1461048573	90
-120.5	47.4910261631	90
-120.483143777	47.5	90
-120	47.7665032744	90
-119.5	47.981467098	90
-119.447135717	48	90
-119	48.1615092009	90
-118.5	48.3345703483	90
-118	48.4851423502	90
-117.95124346	48.5	90
-117.5	48.6595934629	90
-117	48.817163825	90
-116.5	48.9448190033	90
-116.240730494	49	90
-116	49.062764138	90
> 100 contour -Z100
-117	48.6009943187	100
-116.5	48.7465400398	100
-116	48.8474262357	100
-115.5	48.8999812007	100
-115	48.8847157955	100
-114.5	48.7283219397	100
-114.199466467	48.5	100
-114.053634733	48	100
-114.240356147	47.5	100
-114.5	47.1209029257	100
-114.569763541	47	100
-114.95981399	46.5	100
-115	46.4581294917	100
-115.401351802	46	100
-115.5	45.8984513655	100
-115.868843734	45.5	100
-116	45.366093263	100
-116.350722164	45	100
-116.5	44.8490463048	100
-116.845197871	44.5	100
-117	44.3404790163	100
-117.33677265	44	100
-117.5	43.8305832297	100
-117.838423148	43.5	100
-118	43.3408597708	100
-118.407505378	43	100
-118.5	42.9230361357	100
-119	42.5949829221	100
-119.212852925	42.5	100
-119.5	42.3724733889	100
-120	42.2366138101	100
-120.5	42.1957027614	100
-121	42.2406419516	100
-121.5	42.3371901214	100
-121.936743528	42.5	100
-122	42.5311545134	100
-122.270803124	43	100
-122.259298891	43.5	100
-122.16756098	44	100
-122.075381137	44.5	100
-122.076880679	45	100
-122.000390845	45.5	100
-122	45.5009514061	100
-121.774832278	46	100
-121.5	46.3656124771	100
-121.379047841	46.5	100
-121	46.8483819366	100
-120.788717836	47	100
-120.5	47.2024757713	100
-120	47.4684229195	100
-119.925051808	47.5	100
-119.5	47.6835110337	100
-119	47.8856143057	100
-118.685784504	48	100
-118.5	48.0732281357	100
-118	48.2710554898	100
-117.5	48.4349470139	100
-117.283185631	48.5	100
-117	48.6009943187	100
> 110 contour -Z110
-116.5	48.5482610762	110
-116	48.6416903436	110
-115.5	48.6652504653	110
-115	48.5878213793	110
-114.801183015	48.5	110
-114.5	48.1447595209	110
-114.431078836	48	110
-114.5	47.6823241413	110
-114.529949605	47.5	110
-114.814118847	47	110
-115	46.7596828043	110
-115.169491559	46.5	110
-115.5	46.1227049828	110
-115.591063082	46	110
-116	45.5621188581	110
-116.053555846	45.5	110
-116.5	45.0372425318	110
-116.534655422	45	110
-117	44.5304633379	110
-117.030364215	44.5	110
-117.5	44.0262435675	110
-117.527855992	44	110
-118	43.5367028713	110
-118.045484215	43.5	110
-118.5	43.1090475917	110
-118.675205469	43	110
-119	42.7830305696	110
-119.5	42.5496462286	110
-119.720789939	42.5	110
-120	42.4243579134	110
-120.5	42.36690633	110
-121	42.3872050494	110
-121.5	42.4747681879	110
-121.567685269	42.5	110
-122	42.7129198611	110
-122.165816262	43	110
-122.148926049	43.5	110
-122.004959355	44	110
-122	44.020921953	110
-121.908090711	44.5	110
-121.831976354	45	110
-121.729181305	45.5	110
-121.506519889	46	110
-121.5	46.0086734826	110
-121.057793733	46.5	110
-121	46.5531180762	110
-120.5	46.9103342295	110
-120.335972667	47	110
-120	47.1776576191	110
-119.5	47.4131230712	110
-119.304369837	47.5	110
-119	47.6442432702	110
-118.5	47.8672152162	110
-118.134952977	48	110
-118	48.0569685884	110
-117.5	48.2530825734	110
-117	48.4107118249	110
-116.656789348	48.5	110
-116.5	48.5482610762	110
> 120 contour -Z120
-117.5	48.071218133	120
-117	48.2431290448	120
-116.5	48.3646559417	120
-116	48.4336049259	120
-115.5	48.4137378931	120
-115	48.1771501452	120
-114.83950831	48	120
-114.815729305	47.5	120
-115	47.1353352964	120
-115.053993642	47	120
-115.37568561	46.5	120
-115.5	46.3580877483	120
-115.765747771	46	120
-116	45.7491675913	120
-116.214820147	45.5	120
-116.5	45.2043994963	120
-116.690200567	45	120
-117	44.6874097288	120
-117.186800003	44.5	120
-117.5	44.1840519309	120
-117.695360184	44	120
-118	43.7010684311	120
-118.249175131	43.5	120
-118.5	43.2842526138	120
-118.956705272	43	120
-119	42.9710782319	120
-119.5	42.7054725885	120
-120	42.5663562417	120
-120.5	42.5184033811	120
-121	42.5158505142	120
-121.5	42.5683690608	120
-122	42.8946851864	120
-122.060829382	43	120
-122.038553197	43.5	120
-122	43.6324308962	120
-121.923167765	44	120
-121.776490986	44.5	120
-121.589657791	45	120
-121.5	45.3523135781	120
-121.459818572	45.5	120
-121.180789083	46	120
-121	46.2012822181	120
-120.654024705	46.5	120
-120.5	46.609745115	120
-120	46.9111101031	120
-119.839983553	47	120
-119.5	47.1869401634	120
-119	47.4357250035	120
-118.855563551	47.5	120
-118.5	47.6827406436	120
-118	47.887362659	120
-117.673967183	48	120
-117.5	48.071218133	120
> 130 contour -Z130
-117	48.0755462646	130
-116.5	48.1857714504	130
-116	48.2203216702	130
-115.5	48.1223117337	130
-115.296912655	48	130
-115.107943892	47.5	130
-115.279625446	47	130
-115.5	46.6445261538	130
-115.575474232	46.5	130
-115.940432459	46	130
-116	45.9362163171	130
-116.376084432	45.5	130
-116.5	45.3715564758	130
-116.845745742	45	130
-117	44.8443561345	130
-117.343235776	44.5	130
-117.5	44.3418602943	130
-117.862864375	44	130
-118	43.8654339761	130
-118.452866018	43.5	130
-118.5	43.4594576396	130
-119	43.1110877395	130
-119.243679047	43	130
-119.5	42.8612989485	130
-120	42.6774871349	130
-120.5	42.6010780632	130
-121	42.5846461952	130
-121.5	42.6520931125	130
-121.954042822	43	130
-121.951137632	43.5	130
-121.843918413	44	130
-121.644891247	44.5	130
-121.5	44.8180241585	130
-121.419195503	45	130
-121.200751156	45.5	130
-121	45.8169842958	130
-120.865750462	46	130
-120.5	46.3287571073	130
-120.278626204	46.5	130
-120	46.6826013029	130
-119.5	46.9747937024	130
-119.454375714	47	130
-119	47.27599594	130
-118.5	47.4987866879	130
-118.496934891	47.5	130
-118	47.7338848412	130
-117.5	47.9133185148	130
-117.212802008	48	130
-117	48.0755462646	130
> 140 contour -Z140
-116.5	48.0068869591	140
-116	48.007038387	140
-115.973096196	48	140
-115.5	47.6666476727	140
-115.411839776	47.5	140
-115.5	47.0371731818	140
-115.505310714	47	140
-115.765537709	46.5	140
-116	46.1740990877	140
-116.106382936	46	140
-116.5	45.543372333	140
-116.531796515	45.5	140
-117	45.0012138486	140
-117.00104785	45	140
-117.499671546	44.5	140
-117.5	44.4996686641	140
-118	44.0220946968	140
-118.02585867	44	140
-118.5	43.5938943624	140
-118.640712589	43.5	140
-119	43.2423661351	140
-119.5	43.0101524293	140
-119.527311116	43	140
-120	42.7886179984	140
-120.5	42.6837527752	140
-121	42.6534418464	140
-121.5	42.7358171344	140
-121.844777077	43	140
-121.876045644	43.5	140
-121.764669061	44	140
-121.513291501	44.5	140
-121.5	44.5291737337	140
-121.290934473	45	140
-121	45.4548606873	140
-120.968294799	45.5	140
-120.565684333	46	140
-120.5	46.0590407811	140
-120	46.470823139	140
-119.959315449	46.5	140
-119.5	46.8295124173	140
-119.191411704	47	140
-119	47.1162668914	140
-118.5	47.3697044849	140
-118.170840696	47.5	140
-118	47.5804070085	140
-117.5	47.7708439827	140
-117	47.9133643806	140
-116.532754347	48	140
-116.5	48.0068869591	140
> 150 contour -Z150
-117.5	47.6283694506	150
-117	47.7556157708	150
-116.5	47.8077537417	150
-116	47.7045886368	150
-115.757284582	47.5	150
-115.733236164	47	150
-115.955601197	46.5	150
-116	46.4382859766	150
-116.267813906	46	150
-116.5	45.7306453288	150
-116.669087529	45.5	150
-117	45.1474725902	150
-117.127307296	45	150
-117.5	44.6263260841	150
-117.627302706	44.5	150
-118	44.1439627111	150
-118.168487608	44	150
-118.5	43.7160571218	150
-118.823788986	43.5	150
-119	43.3736445457	150
-119.5	43.1025311649	150
-119.775820121	43	150
-120	42.8997488841	150
-120.5	42.7664274573	150
-121	42.7222375274	150
-121.5	42.8195411861	150
-121.735511363	43	150
-121.800953656	43.5	150
-121.685419723	44	150
-121.5	44.3612096906	150
-121.430792898	44.5	150
-121.162673444	45	150
-121	45.2543313503	150
-120.827445775	45.5	150
-120.5	45.874255389	150
-120.370807111	46	150
-120	46.3255925477	150
-119.756804347	46.5	150
-119.5	46.6842311621	150
-119	46.9693471193	150
-118.936312318	47	150
-118.5	47.2406222522	150
-118	47.442751646	150
-117.827136636	47.5	150
-117.5	47.6283694506	150
> 160 contour -Z160
-117	47.597867161	160
-116.5	47.6078097597	160
-116.189936548	47.5	160
-116	47.1701616347	160
-115.961161621	47	160
-116	46.9090523347	160
-116.138244569	46.5	160
-116.429244876	46	160
-116.5	45.9179183245	160
-116.806378528	45.5	160
-117	45.2937313318	160
-117.253566742	45	160
-117.5	44.7529179305	160
-117.754873246	44.5	160
-118	44.2658306956	160
-118.311116546	44	160
-118.5	43.838219896	160
-119	43.50337255	160
-119.005613595	43.5	160
-119.5	43.1949099302	160
-120	43.0070668757	160
-120.025453806	43	160
-120.5	42.8491021544	160
-121	42.7910331786	160
-121.5	42.9032652304	160
-121.626245633	43	160
-121.725861683	43.5	160
-121.606170371	44	160
-121.5	44.2068268061	160
-121.353810608	44.5	160
-121.034412418	45	160
-121	45.0538019985	160
-120.686596781	45.5	160
-120.5	45.7132714987	160
-120.205408558	46	160
-120	46.1803619564	160
-119.554293226	46.5	160
-119.5	46.5389499031	160
-119	46.8566938937	160
-118.702251822	47	160
-118.5	47.1115400344	160
-118	47.3225073218	160
-117.5	47.4862925708	160
-117.431192279	47.5	160
-117	47.597867161	160
> 170 contour -Z170
-118	47.2022629976	170
-117.5	47.3478344381	170
-117	47.4278737307	170
-116.5	47.3491059542	170
-116.218811125	47	170
-116.3186263	46.5	170
-116.5	46.1792051196	170
-116.585219741	46	170
-116.943669543	45.5	170
-117	45.4399900809	170
-117.379826196	45	170
-117.5	44.8795097992	170
-117.882443786	44.5	170
-118	44.3876986876	170
-118.453745488	44	170
-118.5	43.960382659	170
-119	43.5933070779	170
-119.155309707	43.5	170
-119.5	43.2872886807	170
-120	43.0792513192	170
-120.285450637	43	170
-120.5	42.9317768514	170
-121	42.8598288447	170
-121.5	42.9869892765	170
-121.516979903	43	170
-121.650769696	43.5	170
-121.526921028	44	170
-121.5	44.0524439178	170
-121.276828319	44.5	170
-121	44.9154631793	170
-120.936798185	45	170
-120.545747772	45.5	170
-120.5	45.5522875898	170
-120.040010013	46	170
-120	46.0351313725	170
-119.5	46.4231697619	170
-119.373731941	46.5	170
-119	46.7440406531	170
-118.5	46.9857347608	170
-118.462623924	47	170
-118	47.2022629976	170
> 180 contour -Z180
-118	47.0820186436	180
-117.5	47.2093763053	180
-117	47.2378680557	180
-116.5	47.0216450188	180
-116.482565926	47	180
-116.499008033	46.5	180
-116.5	46.4982455116	180
-116.736937135	46	180
-117	45.6268936396	180
-117.077356011	45.5	180
-117.5	45.0073697269	180
-117.505600154	45	180
-118	44.5090569556	180
-118.008755147	44.5	180
-118.5	44.0665020049	180
-118.580482692	44	180
-119	43.6832416356	180
-119.305005834	43.5	180
-119.5	43.3796674311	180
-120	43.1514357924	180
-120.5	43.0115588605	180
-120.572094411	43	180
-121	42.9286245033	180
-121.275622994	43	180
-121.5	43.2279744744	180
-121.575677723	43.5	180
-121.5	43.8020803034	180
-121.451389939	44	180
-121.199846044	44.5	180
-121	44.7999283969	180
-120.850421518	45	180
-120.5	45.4286574721	180
-120.429283649	45.5	180
-120	45.9219564497	180
-119.899968386	46	180
-119.5	46.3181961179	180
-119.201211035	46.5	180
-119	46.6313874125	180
-118.5	46.8807654977	180
-118.187596306	47	180
-118	47.0820186436	180
> 190 contour -Z190
-117.5	47.0709181726	190
-117	47.047862377	190
-116.893784918	47	190
-116.695421576	46.5	190
-116.88865453	46	190
-117	45.8420768976	190
-117.208534539	45.5	190
-117.5	45.1602703035	190
-117.621787369	45	190
-118	44.6244318187	190
-118.120285094	44.5	190
-118.5	44.1649213731	190
-118.69959271	44	190
-119	43.7731761634	190
-119.454701941	43.5	190
-119.5	43.4720461797	190
-120	43.2236202359	190
-120.5	43.0776850581	190
-120.984533533	43	190
-121	42.9974201627	190
-121.009962277	43	190
-121.5	43.4978945444	190
-121.500585739	43.5	190
-121.5	43.5023380772	190
-121.377771735	44	190
-121.12286377	44.5	190
-121	44.6843935996	190
-120.764044851	45	190
-120.5	45.3229961395	190
-120.324549675	45.5	190
-120	45.8190101385	190
-119.768017858	46	190
-119.5	46.213222459	190
-119.02869013	46.5	190
-119	46.5187341701	190
-118.5	46.7757962346	190
-118	46.9598752856	190
-117.80851689	47	190
-117.5	47.0709181726	190
> 200 contour -Z200
-118.5	46.6708269715	200
-118	46.8336572647	200
-117.5	46.9087575078	200
-117	46.7118480355	200
-116.891923785	46.5	200
-117	46.1630313098	200
-117.041869849	46	200
-117.339713052	45.5	200
-117.5	45.3131708801	200
-117.737974584	45	200
-118	44.7398066521	200
-118.23181504	44.5	200
-118.5	44.2633407414	200
-118.818702728	44	200
-119	43.8631107062	200
-119.5	43.5547650456	200
-119.598888338	43.5	200
-120	43.2958046794	200
-120.5	43.1438112557	200
-121	43.0925000608	200
-121.405186921	43.5	200
-121.304153562	44	200
-121.045881491	44.5	200
-121	44.5688588098	200
-120.677668169	45	200
-120.5	45.2173348069	200
-120.219815716	45.5	200
-120	45.7160638124	200
-119.636067331	46	200
-119.5	46.1082488	200
-119	46.4183191359	200
-118.830624461	46.5	200
-118.5	46.6708269715	200
> 210 contour -Z210
-118.5	46.5658577383	210
-118	46.7074392736	210
-117.5	46.7217087895	210
-117.137589455	46.5	210
-117.199216396	46	210
-117.470891563	45.5	210
-117.5	45.4660714529	210
-117.854161784	45	210
-118	44.8551814854	210
-118.343344986	44.5	210
-118.5	44.3617601097	210
-118.937812742	44	210
-119	43.9530452415	210
-119.5	43.6332924962	210
-119.740684062	43.5	210
-120	43.3679891229	210
-120.5	43.2099374235	210
-121	43.188604027	210
-121.309628457	43.5	210
-121.230535373	44	210
-121	44.4428653121	210
-120.966666728	44.5	210
-120.591291502	45	210
-120.5	45.1116734669	210
-120.11508175	45.5	210
-120	45.6131174862	210
-119.50411681	46	210
-119.5	46.0032751409	210
-119	46.3203452528	210
-118.627463326	46.5	210
-118.5	46.5658577383	210
> 220 contour -Z220
-118	46.5812212527	220
-117.5	46.5346600711	220
-117.443343814	46.5	220
-117.356562927	46	220
-117.5	45.7302480936	220
-117.605365127	45.5	220
-117.970349001	45	220
-118	44.9705563188	220
-118.454874925	44.5	220
-118.5	44.4601794742	220
-119	44.0476338267	220
-119.057610333	44	220
-119.5	43.7118199468	220
-119.882479779	43.5	220
-120	43.4401735701	220
-120.5	43.276063621	220
-121	43.2847079784	220
-121.214069992	43.5	220
-121.156917185	44	220
-121	44.3014425933	220
-120.884158462	44.5	220
-120.504914835	45	220
-120.5	45.0060121324	220
-120.010347784	45.5	220
-120	45.5101711648	220
-119.5	45.9060693681	220
-119.350424558	46	220
-119	46.2223713696	220
-118.5	46.4529010355	220
-118.316651911	46.5	220
-118	46.5812212527	220
> 230 contour -Z230
-119	46.1243974864	230
-118.5	46.3264947534	230
-118	46.427407831	230
-117.52020669	46	230
-117.740778357	45.5	230
-118	45.1400473416	230
-118.094104558	45	230
-118.5	44.5781795084	230
-118.572014242	44.5	230
-119	44.1473068595	230
-119.178159028	44	230
-119.5	43.7903474122	230
-120	43.5147997439	230
-120.03346765	43.5	230
-120.5	43.3421898186	230
-121	43.3808119372	230
-121.118511535	43.5	230
-121.083298996	44	230
-121	44.1600198597	230
-120.801650196	44.5	230
-120.5	44.8974690735	230
-120.406590462	45	230
-120	45.4099934399	230
-119.889812708	45.5	230
-119.5	45.8091137707	230
-119.196032152	46	230
-119	46.1243974864	230
> 240 contour -Z240
-119	46.0264236033	240
-118.5	46.2000884563	240
-118	46.2237833887	240
-117.748788476	46	240
-117.876191601	45.5	240
-118	45.3280808479	240
-118.220453322	45	240
-118.5	44.7094855011	240
-118.692965388	44.5	240
-119	44.2469798923	240
-119.298707768	44	240
-119.5	43.8688748628	240
-120	43.6012465656	240
-120.228955716	43.5	240
-120.5	43.4083160013	240
-121	43.4769158978	240
-121.022953074	43.5	240
-121.009680809	44	240
-121	44.0185971241	240
-120.71914193	44.5	240
-120.5	44.7887521386	240
-120.307545245	45	240
-120	45.3101192713	240
-119.767545342	45.5	240
-119.5	45.7121581584	240
-119.04163973	46	240
-119	46.0264236033	240
> 250 contour -Z250
-118.5	46.0736821592	250
-118	46.0201589316	250
-117.977370277	46	250
-118	45.7319963574	250
-118.017145365	45.5	250
-118.346802101	45	250
-118.5	44.8407914937	250
-118.813916549	44.5	250
-119	44.346652925	250
-119.419256486	44	250
-119.5	43.9474023245	250
-120	43.6876934171	250
-120.424443759	43.5	250
-120.5	43.4744421914	250
-120.668585941	43.5	250
-120.902802378	44	250
-120.636633664	44.5	250
-120.5	44.6800352037	250
-120.208500028	45	250
-120	45.2102450877	250
-119.645277962	45.5	250
-119.5	45.6152025461	250
-119	45.8986005187	250
-118.721938774	46	250
-118.5	46.0736821592	250
> 260 contour -Z260
-119.5	45.5182469487	260
-119	45.7597540617	260
-118.5	45.8860755563	260
-118.217209369	45.5	260
-118.473150885	45	260
-118.5	44.9720974769	260
-118.934867688	44.5	260
-119	44.4463259727	260
-119.5	44.0450305641	260
-119.556101114	44	260
-120	43.7741402388	260
-120.5	43.5954803526	260
-120.790887952	44	260
-120.554125402	44.5	260
-120.5	44.5713182762	260
-120.109454818	45	260
-120	45.1103709042	260
-119.52301058	45.5	260
-119.5	45.5182469487	260
> 270 contour -Z270
-119	45.6209076047	270
-118.5	45.6129412875	270
-118.41727335	45.5	270
-118.5	45.327851519	270
-118.648238033	45	270
-119	44.5990256071	270
-119.082478315	44.5	270
-119.5	44.1814041138	270
-119.726001471	44	270
-120	43.8605870754	270
-120.5	43.7511126995	270
-120.678973556	44	270
-120.5	44.4114861786	270
-120.446770579	44.5	270
-120.010409601	45	270
-120	45.0104967253	270
-119.5	45.3716236353	270
-119.258766145	45.5	270
-119	45.6209076047	270
> 280 contour -Z280
-119.5	45.2134859264	280
-119	45.4352644682	280
-118.836476773	45	280
-119	44.8135994524	280
-119.261196613	44.5	280
-119.5	44.3177776635	280
-119.895901822	44	280
-120	43.9470339045	280
-120.5	43.9067450315	280
-120.567059159	44	280
-120.5	44.1541787386	280
-120.29203406	44.5	280
-120	44.8391738832	280
-119.800681472	45	280
-119.5	45.2134859264	280
> 290 contour -Z290
-119.5	45.0553481877	290
-119.136400521	45	290
-119.439914916	44.5	290
-119.5	44.4541512206	290
-120	44.1519297957	290
-120.137297511	44.5	290
-120	44.6594599336	290
-119.577954456	45	290
-119.5	45.0553481877	290
