> 10 contour -Z10
-119.5	52.660471946	10
-119	52.7504962385	10
-118.5	52.800316453	10
-118	52.8314324915	10
-117.5	52.8498722911	10
-117	52.8510454297	10
-116.5	52.8235550523	10
-116	52.7573166788	10
-115.5	52.6340820342	10
-115.139821589	52.5	10
-115	52.4574688673	10
-114.5	52.275688231	10
-114	52.0261247717	10
-113.954198554	52	10
-113.5	51.7904519439	10
-113.031555682	51.5	10
-113	51.4840663075	10
-112.5	51.2084724605	10
-112.199186981	51	10
-112	50.8660388887	10
-111.546082318	50.5	10
-111.5	50.4586618841	10
-111.028266966	50	10
-111	49.9717526734	10
-110.528792739	49.5	10
-110.5	49.4644996226	10
-110.119570285	49	10
-110	48.6954192966	10
-109.91928751	48.5	10
-109.919077016	48	10
-110	47.8212776482	10
-110.095185071	47.5	10
-110.439301815	47	10
-110.5	46.9376893975	10
-110.841636509	46.5	10
-111	46.3412388414	10
-111.295517698	46	10
-111.5	45.8013497591	10
-111.792292804	45.5	10
-112	45.2897799462	10
-112.305403784	45	10
-112.5	44.7908782512	10
-112.804508179	44.5	10
-113	44.2642503977	10
-113.225692987	44	10
-113.5	43.6266040504	10
-113.59088406	43.5	10
-113.899047032	43	10
-114	42.8301603049	10
-114.180878341	42.5	10
-114.5	42.0166296959	10
-114.510445684	42	10
-114.879967086	41.5	10
-115	41.3674026132	10
-115.339371428	41	10
-115.5	40.8500895798	10
-115.923712768	40.5	10
-116	40.439618215	10
-116.5	40.0991624594	10
-116.688212335	40	10
-117	39.8176955283	10
-117.5	39.6114924848	10
-117.88777452	39.5	10
-118	39.4591659196	10
-118.5	39.3257718384	10
-119	39.2935436666	10
-119.5	39.3480693102	10
-120	39.4952156963	10
-120.010448763	39.5	10
-120.5	39.6714045703	10
-120.944796205	40	10
-121	40.0488927364	10
-121.343066514	40.5	10
-121.5	40.8783284649	10
-121.555124246	41	10
-121.732828319	41.5	10
-121.822135776	42	10
-122	42.4889228251	10
-122.011887699	42.5	10
-122.314732134	43	10
-122.463523984	43.5	10
-122.5	43.5888871551	10
-122.941427827	44	10
-123	44.0580661595	10
-123.5	44.4159909561	10
-123.607803494	44.5	10
-124	44.9524841867	10
-124.037206247	45	10
-124.250713408	45.5	10
-124.265053451	46	10
-124.17775704	46.5	10
-124	46.8913580775	10
-123.966871649	47	10
-123.771341473	47.5	10
-123.575664341	48	10
-123.5	48.1930295527	10
-123.433798641	48.5	10
-123.326313853	49	10
-123.172335058	49.5	10
-123	49.8752944171	10
-122.950667769	50	10
-122.694032133	50.5	10
-122.5	50.7642872036	10
-122.316848367	51	10
-122	51.3462077677	10
-121.829315722	51.5	10
-121.5	51.7873134315	10
-121.147158086	52	10
-121	52.092158556	10
-120.5	52.3353424072	10
-120	52.4942589998	10
-119.976357311	52.5	10
-119.5	52.660471946	10
> 20 contour -Z20
-119.5	52.148612231	20
-119	52.2441745549	20
-118.5	52.2898000181	20
-118	52.3094563782	20
-117.5	52.310741812	20
-117	52.2898853719	20
-116.5	52.230481267	20
-116	52.1179937646	20
-115.667606503	52	20
-115.5	51.9495521188	20
-115	51.7665499449	20
-114.5	51.5376066603	20
-114.42671863	51.5	20
-114	51.3206688464	20
-113.5	51.0516515449	20
-113.414448716	51	20
-113	50.7631864846	20
-112.628598213	50.5	20
-112.5	50.4051388204	20
-112.025040507	50	20
-112	49.9761971235	20
-111.518885285	49.5	20
-111.5	49.4803647399	20
-111.056189686	49	20
-111	48.9153358042	20
-110.738898218	48.5	20
-110.628418744	48	20
-110.702812791	47.5	20
-110.972948255	47	20
-111	46.9677810296	20
-111.303640202	46.5	20
-111.5	46.2848836929	20
-111.714174718	46	20
-112	45.7092035115	20
-112.185539007	45.5	20
-112.5	45.1934905052	20
-112.708256721	45	20
-113	44.7142642736	20
-113.245815814	44.5	20
-113.5	44.2262646258	20
-113.742045522	44	20
-114	43.6918775141	20
-114.17775923	43.5	20
-114.5	43.0832859874	20
-114.56732443	43	20
-114.924843401	42.5	20
-115	42.395803161	20
-115.279867008	42	20
-115.5	41.7385293245	20
-115.709528863	41.5	20
-116	41.2128627598	20
-116.247052461	41	20
-116.5	40.7992953211	20
-116.973113054	40.5	20
-117	40.4829288702	20
-117.5	40.2119215131	20
-118	40.0264022648	20
-118.096883297	40	20
-118.5	39.8673824519	20
-119	39.8017904162	20
-119.5	39.8349853307	20
-120	39.9718925506	20
-120.057891566	40	20
-120.5	40.2094607055	20
-120.813644111	40.5	20
-121	40.7306834757	20
-121.161987051	41	20
-121.374654055	41.5	20
-121.484255224	42	20
-121.5	42.0464833379	20
-121.708900273	42.5	20
-121.951046377	43	20
-122	43.1739066541	20
-122.143278062	43.5	20
-122.357039273	44	20
-122.5	44.3045436889	20
-122.69677338	44.5	20
-123	44.8742801994	20
-123.124327771	45	20
-123.438208312	45.5	20
-123.5	45.8874343261	20
-123.520133818	46	20
-123.5	46.3243536055	20
-123.492798448	46.5	20
-123.393808603	47	20
-123.255485773	47.5	20
-123.134055048	48	20
-123.020814395	48.5	20
-123	48.5732983947	20
-122.900918543	49	20
-122.718969166	49.5	20
-122.5	49.9055611789	20
-122.447483748	50	20
-122.1020758	50.5	20
-122	50.6199246198	20
-121.628105789	51	20
-121.5	51.1197814867	20
-121	51.4802400172	20
-120.965740174	51.5	20
-120.5	51.7796768844	20
-120	51.9743402302	20
-119.912490696	52	20
-119.5	52.148612231	20
> 30 contour -Z30
-120	51.6088164747	30
-119.5	51.7877759635	30
-119	51.8781882226	30
-118.5	51.9180742502	30
-118	51.9284059405	30
-117.5	51.9180812538	30
-117	51.8818873763	30
-116.5	51.8051356077	30
-116	51.673464343	30
-115.550000012	51.5	30
-115.5	51.4840359688	30
-115	51.3016861081	30
-114.5	51.0781221837	30
-114.346586958	51	30
-114	50.8434768617	30
-113.5	50.5556092635	30
-113.415304191	50.5	30
-113	50.2234699726	30
-112.718981296	50	30
-112.5	49.8031159639	30
-112.184535503	49.5	30
-112	49.3158258796	30
-111.693699718	49	30
-111.5	48.7575842738	30
-111.308631048	48.5	30
-111.120864511	48	30
-111.137363404	47.5	30
-111.326370254	47	30
-111.5	46.7492033541	30
-111.632998496	46.5	30
-112	46.0391110182	30
-112.025370181	46	30
-112.477680398	45.5	30
-112.5	45.4782447759	30
-113	45.0090024471	30
-113.009352893	45	30
-113.5	44.5470163524	30
-113.557098627	44.5	30
-114	44.0734472573	30
-114.089116454	44	30
-114.5	43.5707898736	30
-114.577877969	43.5	30
-115	43.019079417	30
-115.01861012	43	30
-115.417634249	42.5	30
-115.5	42.3949174657	30
-115.830344558	42	30
-116	41.8132002056	30
-116.319111645	41.5	30
-116.5	41.3382843137	30
-116.951395396	41	30
-117	40.9654726237	30
-117.5	40.6549482644	30
-117.846199393	40.5	30
-118	40.4270433038	30
-118.5	40.254291907	30
-119	40.1764800847	30
-119.5	40.2020363808	30
-120	40.3422086239	30
-120.268873215	40.5	30
-120.5	40.6456412971	30
-120.80812338	41	30
-121	41.3074997663	30
-121.09789104	41.5	30
-121.267683119	42	30
-121.446404874	42.5	30
-121.5	42.5976092815	30
-121.745876089	43	30
-121.905279398	43.5	30
-122	43.8762254342	30
-122.054924492	44	30
-122.29865247	44.5	30
-122.5	44.9537339211	30
-122.53884872	45	30
-122.873062223	45.5	30
-123	45.9167451188	30
-123.02590677	46	30
-123.050985217	46.5	30
-123	46.8467546999	30
-122.984190941	47	30
-122.888802916	47.5	30
-122.798473388	48	30
-122.703194335	48.5	30
-122.56321761	49	30
-122.5	49.1482184976	30
-122.35285154	49.5	30
-122.041639574	50	30
-122	50.0562622994	30
-121.635199741	50.5	30
-121.5	50.6373671889	30
-121.066001557	51	30
-121	51.051607389	30
-120.5	51.371026814	30
-120.22183314	51.5	30
-120	51.6088164747	30
> 40 contour -Z40
-119	51.578822881	40
-118.5	51.6207029521	40
-118	51.6236208379	40
-117.5	51.6001970991	40
-117	51.5421903878	40
-116.793481782	51.5	40
-116.5	51.4486978352	40
-116	51.3187796474	40
-115.5	51.1407236755	40
-115.174579322	51	40
-115	50.9334442616	40
-114.5	50.7204956412	40
-114.086055666	50.5	40
-114	50.4558209479	40
-113.5	50.1521226019	40
-113.292225972	50	40
-113	49.7551507056	40
-112.722097009	49.5	40
-112.5	49.2814157009	40
-112.218122095	49	40
-112	48.763931036	40
-111.77785109	48.5	40
-111.531267762	48	40
-111.5	47.6009092852	40
-111.492124304	47.5	40
-111.5	47.4785920866	40
-111.634164155	47	40
-111.898729779	46.5	40
-112	46.3728225231	40
-112.241839141	46	40
-112.5	45.7182213664	40
-112.681311339	45.5	40
-113	45.1961632073	40
-113.203799486	45	40
-113.5	44.7265366614	40
-113.775115564	44.5	40
-114	44.2834166288	40
-114.343880594	44	40
-114.5	43.8369172066	40
-114.870652318	43.5	40
-115	43.3526351154	40
-115.343961447	43	40
-115.5	42.81625925	40
-115.803336486	42.5	40
-116	42.2767022401	40
-116.284635156	42	40
-116.5	41.7876787335	40
-116.833906293	41.5	40
-117	41.3664402366	40
-117.5	41.0268143117	40
-117.547176033	41	40
-118	40.7471146584	40
-118.5	40.5787960291	40
-118.99816518	40.5	40
-119	40.4996444679	40
-119.006044829	40.5	40
-119.5	40.5245963931	40
-120	40.6746560335	40
-120.459604412	41	40
-120.5	41.0335771739	40
-120.832911044	41.5	40
-121	41.8662586361	40
-121.051111028	42	40
-121.262039095	42.5	40
-121.5	42.9333825409	40
-121.540705808	43	40
-121.733870432	43.5	40
-121.8574664	44	40
-122	44.480728602	40
-122.009484679	44.5	40
-122.238560259	45	40
-122.43944478	45.5	40
-122.5	45.6983612478	40
-122.630655184	46	40
-122.699258849	46.5	40
-122.67420952	47	40
-122.591166131	47.5	40
-122.5	47.9891407192	40
-122.498336911	48	40
-122.408751875	48.5	40
-122.263128728	49	40
-122.021659911	49.5	40
-122	49.5339634046	40
-121.677843153	50	40
-121.5	50.2071936131	40
-121.206702933	50.5	40
-121	50.6796794981	40
-120.538751893	51	40
-120.5	51.0255320109	40
-120	51.2929173708	40
-119.5	51.474835813	40
-119.369803548	51.5	40
-119	51.578822881	40
> 50 contour -Z50
-119.5	51.2033769786	50
-119	51.3071869612	50
-118.5	51.3464063704	50
-118	51.3448446691	50
-117.5	51.3165157437	50
-117	51.2576780617	50
-116.5	51.158033967	50
-116	51.0071366276	50
-115.981321367	51	50
-115.5	50.8374469578	50
-115	50.6307808459	50
-114.723296613	50.5	50
-114.5	50.4004624486	50
-114	50.1295353919	50
-113.803465337	50	50
-113.5	49.7729293108	50
-113.185020506	49.5	50
-113	49.3193807006	50
-112.676186889	49	50
-112.5	48.8174163997	50
-112.203076333	48.5	50
-112	48.1948723793	50
-111.887393184	48	50
-111.792894766	47.5	50
-111.904492848	47	50
-112	46.8182986528	50
-112.132260531	46.5	50
-112.458308104	46	50
-112.5	45.9544939324	50
-112.877620712	45.5	50
-113	45.38332396	50
-113.398246072	45	50
-113.5	44.9060569927	50
-113.993132496	44.5	50
-114	44.4933859939	50
-114.5	44.0624818802	50
-114.581912458	44	50
-115	43.6101203561	50
-115.133132964	43.5	50
-115.5	43.1263965368	50
-115.640633404	43	50
-116	42.6294995844	50
-116.14327988	42.5	50
-116.5	42.1504772007	50
-116.678119391	42	50
-117	41.7118302584	50
-117.27561219	41.5	50
-117.5	41.3343173563	50
-118	41.0400609672	50
-118.107279271	41	50
-118.5	40.8425926119	50
-119	40.7599406689	50
-119.5	40.7981942445	50
-120	40.983126631	50
-120.02383654	41	50
-120.5	41.395791091	50
-120.574379496	41.5	50
-120.844316781	42	50
-121	42.3222812414	50
-121.077673323	42.5	50
-121.356488138	43	50
-121.5	43.3437392414	50
-121.562461451	43.5	50
-121.683262497	44	50
-121.813188046	44.5	50
-121.96938327	45	50
-122	45.1013980806	50
-122.164568439	45.5	50
-122.324501187	46	50
-122.396566391	46.5	50
-122.391061008	47	50
-122.332058281	47.5	50
-122.253766358	48	50
-122.147968486	48.5	50
-122	48.9269374907	50
-121.974152148	49	50
-121.713207334	49.5	50
-121.5	49.7896448076	50
-121.323775887	50	50
-121	50.3233242333	50
-120.785010993	50.5	50
-120.5	50.7101771086	50
-120	50.9981538951	50
-119.995633632	51	50
-119.5	51.2033769786	50
> 60 contour -Z60
-119	51.0454616845	60
-118.5	51.0878748223	60
-118	51.0838162005	60
-117.5	51.0485772416	60
-117.137400061	51	60
-117	50.9841988981	60
-116.5	50.8921429515	60
-116	50.7531703413	60
-115.5	50.5619800538	60
-115.358115792	50.5	60
-115	50.3538374305	60
-114.5	50.1150091216	60
-114.299731582	50	60
-114	49.8167842031	60
-113.600781113	49.5	60
-113.5	49.403519094	60
-113.087869704	49	60
-113	48.9089533687	60
-112.603773624	48.5	60
-112.5	48.3685737848	60
-112.234483302	48	60
-112.086958945	47.5	60
-112.15376386	47	60
-112.34596315	46.5	60
-112.5	46.2641670108	60
-112.645430326	46	60
-113	45.5802950561	60
-113.061875641	45.5	60
-113.5	45.0758279264	60
-113.581231654	45	60
-114	44.6413456202	60
-114.180703819	44.5	60
-114.5	44.22385028	60
-114.793463096	44	60
-115	43.807397902	60
-115.371637031	43.5	60
-115.5	43.3692800105	60
-115.910874486	43	60
-116	42.9081132114	60
-116.451541342	42.5	60
-116.5	42.4525190629	60
-117	42.0246929228	60
-117.030750781	42	60
-117.5	41.6163119078	60
-117.673045218	41.5	60
-118	41.2858337164	60
-118.5	41.0895545781	60
-119	41.0171233118	60
-119.5	41.0621477067	60
-120	41.2619720995	60
-120.273326069	41.5	60
-120.5	41.7540299147	60
-120.64054291	42	60
-120.892598659	42.5	60
-121	42.6843110621	60
-121.177456349	43	60
-121.38564232	43.5	60
-121.5	43.9621872827	60
-121.509058611	44	60
-121.620040886	44.5	60
-121.768353969	45	60
-121.919382036	45.5	60
-122	45.8180376589	60
-122.060593292	46	60
-122.146666393	46.5	60
-122.142341927	47	60
-122.089962706	47.5	60
-122.009195838	48	60
-122	48.0399829298	60
-121.894913286	48.5	60
-121.707953945	49	60
-121.5	49.3595361114	60
-121.406877458	49.5	60
-121	49.974082768	60
-120.973320156	50	60
-120.5	50.398748219	60
-120.351992011	50.5	60
-120	50.7184492499	60
-119.5	50.9329591095	60
-119.204593629	51	60
-119	51.0454616845	60
> 70 contour -Z70
-119.5	50.6656508744	70
-119	50.7898097038	70
-118.5	50.8406402171	70
-118	50.8413488567	70
-117.5	50.8099847138	70
-117	50.7541975379	70
-116.5	50.6557698101	70
-116	50.5005558321	70
-115.998584459	50.5	70
-115.5	50.3114905655	70
-115	50.0964637026	70
-114.80718179	50	70
-114.5	49.8468346298	70
-114	49.5129436823	70
-113.983688068	49.5	70
-113.5	49.0369502567	70
-113.462261215	49	70
-113	48.5210256744	70
-112.979628664	48.5	70
-112.575449735	48	70
-112.5	47.8368037939	70
-112.368744418	47.5	70
-112.391530804	47	70
-112.5	46.6898287535	70
-112.557781458	46.5	70
-112.825552106	46	70
-113	45.7935056239	70
-113.226176381	45.5	70
-113.5	45.2348964214	70
-113.751635894	45	70
-114	44.7872884125	70
-114.367284894	44.5	70
-114.5	44.3852186725	70
-115	44.0038904548	70
-115.005559981	44	70
-115.5	43.5898652971	70
-115.617130756	43.5	70
-116	43.1537367404	70
-116.179476172	43	70
-116.5	42.7065989971	70
-116.739173621	42.5	70
-117	42.2723647654	70
-117.339183345	42	70
-117.5	41.8685060591	70
-118	41.5290254951	70
-118.065813839	41.5	70
-118.5	41.311609	70
-119	41.2380689085	70
-119.5	41.2989910543	70
-119.928722829	41.5	70
-120	41.5406769812	70
-120.418496609	42	70
-120.5	42.108823657	70
-120.707007915	42.5	70
-120.998260796	43	70
-121	43.003818661	70
-121.205721468	43.5	70
-121.315168649	44	70
-121.417717308	44.5	70
-121.5	44.7652790993	70
-121.567324691	45	70
-121.718490079	45.5	70
-121.844633579	46	70
-121.914248407	46.5	70
-121.907902658	47	70
-121.857576728	47.5	70
-121.776943356	48	70
-121.651994422	48.5	70
-121.5	48.8704558015	70
-121.439316511	49	70
-121.101757482	49.5	70
-121	49.6185651049	70
-120.607341491	50	70
-120.5	50.0904297605	70
-120	50.4358184934	70
-119.869440675	50.5	70
-119.5	50.6656508744	70
> 80 contour -Z80
-119	50.5354344249	80
-118.5	50.5992226377	80
-118	50.6076603457	80
-117.5	50.5778907835	80
-117	50.524196187	80
-116.882115573	50.5	80
-116.5	50.4220748842	80
-116	50.2642918825	80
-115.5	50.0682525709	80
-115.345109284	50	80
-115	49.8563154936	80
-114.5	49.590319179	80
-114.36555925	49.5	80
-114	49.1984947324	80
-113.793952197	49	80
-113.5	48.6731370986	80
-113.332536384	48.5	80
-113	48.1110379025	80
-112.909741364	48	80
-112.65700689	47.5	80
-112.631677151	47	80
-112.764735132	46.5	80
-113	46.0134812295	80
-113.005968451	46	80
-113.390477121	45.5	80
-113.5	45.3939649314	80
-113.92204012	45	80
-114	44.9332312122	80
-114.5	44.5432289243	80
-114.562464863	44.5	80
-115	44.1680455506	80
-115.240158617	44	80
-115.5	43.7844633013	80
-115.870770514	43.5	80
-116	43.3831260949	80
-116.447271127	43	80
-116.5	42.9517330639	80
-117	42.5206461251	80
-117.023259103	42.5	80
-117.5	42.1119899452	80
-117.652878135	42	80
-118	41.7547285557	80
-118.5	41.5337985158	80
-118.724858761	41.5	80
-119	41.4590145163	80
-119.275386184	41.5	80
-119.5	41.5389206111	80
-120	41.8289610744	80
-120.155836314	42	80
-120.5	42.459528666	80
-120.52141716	42.5	80
-120.800616682	43	80
-121	43.4377712794	80
-121.025800616	43.5	80
-121.120198883	44	80
-121.200326011	44.5	80
-121.345361501	45	80
-121.5	45.4418095239	80
-121.517598124	45.5	80
-121.642963707	46	80
-121.706667542	46.5	80
-121.692571074	47	80
-121.63093242	47.5	80
-121.545172151	48	80
-121.5	48.171205163	80
-121.399479091	48.5	80
-121.161970168	49	80
-121	49.2335065007	80
-120.776026547	49.5	80
-120.5	49.7687650621	80
-120.204012424	50	80
-120	50.1427524984	80
-119.5	50.3921685219	80
-119.134045228	50.5	80
-119	50.5354344249	80
> 90 contour -Z90
-119.5	50.108625412	90
-119	50.2716127634	90
-118.5	50.3579010963	90
-118	50.3783277869	90
-117.5	50.3540101647	90
-117	50.3016668558	90
-116.5	50.1935557425	90
-116	50.0280639585	90
-115.929133676	50	90
-115.5	49.8416185975	90
-115	49.6264938116	90
-114.770341292	49.5	90
-114.5	49.3301348388	90
-114.113481432	49	90
-114	48.8693270385	90
-113.666932315	48.5	90
-113.5	48.2986698151	90
-113.24221921	48	90
-113	47.5930879563	90
-112.950917058	47.5	90
-112.873819605	47	90
-112.971688814	46.5	90
-113	46.44145355	90
-113.195441335	46	90
-113.5	45.5858924091	90
-113.562471896	45.5	90
-114	45.094265908	90
-114.104608625	45	90
-114.5	44.6929654181	90
-114.778830767	44.5	90
-115	44.3322006613	90
-115.474757271	44	90
-115.5	43.9790613241	90
-116	43.6186272502	90
-116.155172378	43.5	90
-116.5	43.2121123672	90
-116.738818854	43	90
-117	42.775852412	90
-117.310764149	42.5	90
-117.5	42.3459846675	90
-117.972305732	42	90
-118	41.9804316163	90
-118.5	41.7567440569	90
-119	41.6915568709	90
-119.5	41.7961619049	90
-119.830414504	42	90
-120	42.1280138791	90
-120.285956264	42.5	90
-120.5	42.814669922	90
-120.60297256	43	90
-120.82947126	43.5	90
-120.925455838	44	90
-120.983381957	44.5	90
-121	44.5696048737	90
-121.112857401	45	90
-121.291165024	45.5	90
-121.433852881	46	90
-121.498999387	46.5	90
-121.474983454	47	90
-121.393873125	47.5	90
-121.286830097	48	90
-121.130921721	48.5	90
-121	48.7697840631	90
-120.860139757	49	90
-120.5	49.4285484552	90
-120.424481928	49.5	90
-120	49.8309270144	90
-119.713783577	50	90
-119.5	50.108625412	90
> 100 contour -Z100
-119	50.0062622726	100
-118.5	50.1166465506	100
-118	50.1527163386	100
-117.5	50.1342781931	100
-117	50.0800159797	100
-116.648832589	50	100
-116.5	49.9611813426	100
-116	49.7974066734	100
-115.5	49.621460937	100
-115.224508226	49.5	100
-115	49.4015632272	100
-114.5	49.0679566637	100
-114.420437023	49	100
-114	48.515870126	100
-113.985687952	48.5	100
-113.570704281	48	100
-113.5	47.8903576732	100
-113.255945444	47.5	100
-113.127727121	47	100
-113.194826901	46.5	100
-113.384914219	46	100
-113.5	45.8435181826	100
-113.749850094	45.5	100
-114	45.268027842	100
-114.297435462	45	100
-114.5	44.8427018821	100
-114.995196674	44.5	100
-115	44.4963557548	100
-115.5	44.1860872805	100
-115.803682134	44	100
-116	43.8604769707	100
-116.471527949	43.5	100
-116.5	43.4762294237	100
-117	43.0439700186	100
-117.042271703	43	100
-117.5	42.6029765904	100
-117.619426966	42.5	100
-118	42.2280400097	100
-118.454649415	42	100
-118.5	41.9796895925	100
-119	41.9267403856	100
-119.300038666	42	100
-119.5	42.0609404445	100
-120	42.4427761883	100
-120.043989561	42.5	100
-120.380088091	43	100
-120.5	43.2111992538	100
-120.630394995	43.5	100
-120.731077254	44	100
-120.771688014	44.5	100
-120.876689285	45	100
-121	45.3270624727	100
-121.062279709	45.5	100
-121.206621528	46	100
-121.271581948	46.5	100
-121.238308251	47	100
-121.142566279	47.5	100
-121.02205571	48	100
-121	48.0699060187	100
-120.825739563	48.5	100
-120.523937531	49	100
-120.5	49.0284844749	100
-120.00164911	49.5	100
-120	49.5012856496	100
-119.5	49.8025415242	100
-119.018423116	50	100
-119	50.0062622726	100
> 110 contour -Z110
-119	49.717803508	110
-118.5	49.85838449	110
-118	49.9132290781	110
-117.5	49.897474438	110
-117	49.8319747746	110
-116.5	49.707464397	110
-116	49.5675004125	110
-115.802129835	49.5	110
-115.5	49.4122219086	110
-115	49.1826203316	110
-114.735189438	49	110
-114.5	48.7633983493	110
-114.268316671	48.5	110
-114	48.1353744268	110
-113.887621298	48	110
-113.566269308	47.5	110
-113.5	47.3290108442	110
-113.394436449	47	110
-113.420529895	46.5	110
-113.5	46.2635960281	110
-113.595346838	46	110
-113.937228322	45.5	110
-114	45.4417897761	110
-114.490262298	45	110
-114.5	44.9924383494	110
-115	44.6979352534	110
-115.329625115	44.5	110
-115.5	44.3946117312	110
-116	44.1404528618	110
-116.247948915	44	110
-116.5	43.8395268172	110
-116.888158947	43.5	110
-117	43.4052676931	110
-117.389614433	43	110
-117.5	42.9042539969	110
-117.968833039	42.5	110
-118	42.4777278844	110
-118.5	42.2609681934	110
-119	42.2074670494	110
-119.5	42.3544882983	110
-119.688636914	42.5	110
-120	42.806098029	110
-120.129750133	43	110
-120.432113409	43.5	110
-120.5	43.8231546134	110
-120.536698684	44	110
-120.559994057	44.5	110
-120.637065083	45	110
-120.800247014	45.5	110
-120.972268164	46	110
-121	46.1591783166	110
-121.044164497	46.5	110
-121.001633065	47	110
-121	47.0078480644	110
-120.862056822	47.5	110
-120.701769873	48	110
-120.5	48.4682876766	110
-120.48247084	48.5	110
-120.098443575	49	110
-120	49.0930299312	110
-119.5	49.4789248407	110
-119.466106087	49.5	110
-119	49.717803508	110
> 120 contour -Z120
-118.5	49.5842015445	120
-118	49.6446718276	120
-117.5	49.6338448375	120
-117	49.5690244585	120
-116.704923421	49.5	120
-116.5	49.4560956061	120
-116	49.3585671782	120
-115.5	49.2164198756	120
-115.065253228	49	120
-115	48.9581800401	120
-114.543981105	48.5	120
-114.5	48.427788794	120
-114.191638559	48	120
-114	47.6745990515	120
-113.888434336	47.5	120
-113.692297906	47	120
-113.684250891	46.5	120
-113.838206694	46	120
-114	45.7497746348	120
-114.195599794	45.5	120
-114.5	45.2392411232	120
-114.829298839	45	120
-115	44.9003644213	120
-115.5	44.659899056	120
-115.928076752	44.5	120
-116	44.4724139869	120
-116.5	44.2548974454	120
-116.869105995	44	120
-117	43.8924883902	120
-117.357149869	43.5	120
-117.5	43.3490229249	120
-117.82028158	43	120
-118	42.8520407528	120
-118.5	42.5630221665	120
-119	42.5097151995	120
-119.5	42.6829426587	120
-119.822342753	43	120
-120	43.1435596049	120
-120.235340521	43.5	120
-120.394545287	44	120
-120.426873058	44.5	120
-120.451305002	45	120
-120.5	45.4098829925	120
-120.525823321	45.5	120
-120.666513801	46	120
-120.735907167	46.5	120
-120.680016711	47	120
-120.543260705	47.5	120
-120.5	47.6316200346	120
-120.329380155	48	120
-120.065108433	48.5	120
-120	48.5840244591	120
-119.62052881	49	120
-119.5	49.0943390131	120
-119	49.4039376676	120
-118.777416557	49.5	120
-118.5	49.5842015445	120
> 130 contour -Z130
-119	49.0140737891	130
-118.5	49.2183333635	130
-118	49.315376699	130
-117.5	49.3056456447	130
-117	49.2528320551	130
-116.5	49.2152594477	130
-116	49.1583509594	130
-115.5	49.0206178334	130
-115.458582655	49	130
-115	48.7061002851	130
-114.794871852	48.5	130
-114.5	48.0158590674	130
-114.488568366	48	130
-114.201547891	47.5	130
-114.011620611	47	130
-114	46.8843201101	130
-113.968632769	46.5	130
-114	46.375816457	130
-114.127113342	46	130
-114.48973472	45.5	130
-114.5	45.4912064355	130
-115	45.1862940788	130
-115.453554519	45	130
-115.5	44.9831887968	130
-116	44.8486047983	130
-116.5	44.6073276401	130
-116.690011799	44.5	130
-117	44.25985156	130
-117.328732699	44	130
-117.5	43.8145191371	130
-117.797753006	43.5	130
-118	43.2815694362	130
-118.39635247	43	130
-118.5	42.9392731488	130
-119	42.8424276412	130
-119.394930184	43	130
-119.5	43.0362630188	130
-120	43.4415865242	130
-120.038567621	43.5	130
-120.264546871	44	130
-120.324825972	44.5	130
-120.337531596	45	130
-120.359209925	45.5	130
-120.380672872	46	130
-120.370958686	46.5	130
-120.246379331	47	130
-120.063352451	47.5	130
-120	47.6598672569	130
-119.811582029	48	130
-119.533752777	48.5	130
-119.5	48.5374474898	130
-119.022824539	49	130
-119	49.0140737891	130
> 140 contour -Z140
-118.5	48.5996362865	140
-118	48.8190202415	140
-117.5	48.8864757419	140
-117	48.9402405322	140
-116.5	48.9812936485	140
-116	48.9648393691	140
-115.5	48.8228526413	140
-115.050303489	48.5	140
-115	48.4288165867	140
-114.733339787	48	140
-114.507805437	47.5	140
-114.5	47.4625548124	140
-114.36163801	47	140
-114.34934023	46.5	140
-114.5	46.0257098377	140
-114.511748344	46	140
-115	45.5717826486	140
-115.137502521	45.5	140
-115.5	45.3563907295	140
-116	45.1340671182	140
-116.239665538	45	140
-116.5	44.8447783887	140
-117	44.5301175117	140
-117.044649333	44.5	140
-117.5	44.0895506442	140
-117.638328671	44	140
-118	43.6271903515	140
-118.227221251	43.5	140
-118.5	43.2863483727	140
-119	43.1556752622	140
-119.5	43.3240658939	140
-119.715961516	43.5	140
-120	43.7185968757	140
-120.134548441	44	140
-120.222778901	44.5	140
-120.223758221	45	140
-120.203795299	45.5	140
-120.118645839	46	140
-120	46.3497601449	140
-119.950846434	46.5	140
-119.573337995	47	140
-119.5	47.1155287772	140
-119.171094626	47.5	140
-119	47.8617028892	140
-118.923403889	48	140
-118.631057531	48.5	140
-118.5	48.5996362865	140
> 150 contour -Z150
-117	48.6969196498	150
-116.5	48.8051505089	150
-116	48.7966873646	150
-115.5	48.6248564199	150
-115.326089412	48.5	150
-115	48.0385578237	150
-114.976022763	48	150
-114.751719669	47.5	150
-114.670021951	47	150
-114.728648782	46.5	150
-115	46.0782008767	150
-115.051993936	46	150
-115.5	45.6729733944	150
-115.74512133	45.5	150
-116	45.3568438143	150
-116.5	45.0404112041	150
-116.550286025	45	150
-117	44.6448069215	150
-117.214676797	44.5	150
-117.5	44.2428120077	150
-117.875071168	44	150
-118	43.8712237477	150
-118.5	43.5577801168	150
-118.847474486	43.5	150
-119	43.4514105357	150
-119.148553863	43.5	150
-119.5	43.5494767725	150
-120	43.9904837925	150
-120.004550024	44	150
-120.120731831	44.5	150
-120.109984823	45	150
-120.048380673	45.5	150
-120	45.6813048422	150
-119.94082275	46	150
-119.698129773	46.5	150
-119.5	46.7325304151	150
-119.248620182	47	150
-119	47.2589872181	150
-118.698991746	47.5	150
-118.5	47.7306625545	150
-118.115979299	48	150
-118	48.1180164665	150
-117.5	48.4548752606	150
-117.388862073	48.5	150
-117	48.6969196498	150
> 160 contour -Z160
-116.5	48.6290073395	160
-116	48.6285353452	160
-115.662903547	48.5	160
-115.5	48.401937902	160
-115.186560541	48	160
-115	47.5097378399	160
-114.995633914	47.5	160
-114.951189522	47	160
-115	46.8037094474	160
-115.063574076	46.5	160
-115.435429268	46	160
-115.5	45.9528659359	160
-116	45.5546550751	160
-116.054220587	45.5	160
-116.5	45.1571054757	160
-116.695495576	45	160
-117	44.7594963163	160
-117.384704277	44.5	160
-117.5	44.3960733786	160
-118	44.0410624743	160
-118.10104847	44	160
-118.5	43.7121487558	160
-119	43.6070833206	160
-119.5	43.676764816	160
-119.862316012	44	160
-120	44.4202597514	160
-120.018684754	44.5	160
-120	44.9230603874	160
-119.997983664	45	160
-119.951746732	45.5	160
-119.832677215	46	160
-119.5	46.4671951234	160
-119.478820592	46.5	160
-119	46.9891714454	160
-118.988124341	47	160
-118.5	47.4538972378	160
-118.43241787	47.5	160
-118	47.8908394277	160
-117.81139788	48	160
-117.5	48.2597837448	160
-117	48.4745509624	160
-116.896706909	48.5	160
-116.5	48.6290073395	160
> 170 contour -Z170
-117.5	48.064692229	170
-117	48.3411001861	170
-116.5	48.4646779895	170
-116	48.4591269791	170
-115.5	48.1364747733	170
-115.393574163	48	170
-115.184341908	47.5	170
-115.153452069	47	170
-115.300260469	46.5	170
-115.5	46.2481647134	170
-115.65154162	46	170
-116	45.7075789869	170
-116.205928773	45.5	170
-116.5	45.2737997621	170
-116.840705112	45	170
-117	44.8741857111	170
-117.5	44.5212474763	170
-117.534984499	44.5	170
-118	44.1280038655	170
-118.314997882	44	170
-118.5	43.8665173948	170
-119	43.7352194488	170
-119.5	43.8040528446	170
-119.719638184	44	170
-119.93525809	44.5	170
-119.937431931	45	170
-119.881682426	45.5	170
-119.724531695	46	170
-119.5	46.3153209984	170
-119.380767912	46.5	170
-119	46.8889991045	170
-118.878265619	47	170
-118.5	47.351741761	170
-118.282667994	47.5	170
-118	47.7554885149	170
-117.57754536	48	170
-117.5	48.064692229	170
> 180 contour -Z180
-117	48.20764938	180
-116.5	48.3326821625	180
-116	48.2856423557	180
-115.61393255	48	180
-115.5	47.7919237912	180
-115.372043669	47.5	180
-115.339139268	47	180
-115.5	46.5763402283	180
-115.52092275	46.5	180
-115.833770722	46	180
-116	45.8605028987	180
-116.357636988	45.5	180
-116.5	45.390494056	180
-116.985914657	45	180
-117	44.9888751144	180
-117.5	44.5872540772	180
-117.643665999	44.5	180
-118	44.2149452567	180
-118.5	44.0091460645	180
-118.556295127	44	180
-119	43.8633555919	180
-119.5	43.9313408732	180
-119.57696037	44	180
-119.856004983	44.5	180
-119.876880169	45	180
-119.81161809	45.5	180
-119.616386153	46	180
-119.5	46.1634468436	180
-119.282715231	46.5	180
-119	46.7888267934	180
-118.768406898	47	180
-118.5	47.2495862991	180
-118.132918105	47.5	180
-118	47.6201375797	180
-117.5	47.9375723302	180
-117.349757135	48	180
-117	48.20764938	180
> 190 contour -Z190
-117	48.0741986036	190
-116.5	48.2006863654	190
-116	48.1121577397	190
-115.848410249	48	190
-115.550531805	47.5	190
-115.516767055	47	190
-115.654956639	46.5	190
-116	46.0164908469	190
-116.008687109	46	190
-116.5	45.506126523	190
-116.505031586	45.5	190
-117	45.0648455322	190
-117.073341876	45	190
-117.5	44.6532606781	190
-117.752347469	44.5	190
-118	44.301886633	190
-118.5	44.0767447054	190
-118.972372407	44	190
-119	43.9914917415	190
-119.062998191	44	190
-119.5	44.0582654774	190
-119.776751846	44.5	190
-119.816328406	45	190
-119.741553769	45.5	190
-119.508240619	46	190
-119.5	46.0115727093	190
-119.184662536	46.5	190
-119	46.6886544675	190
-118.658548176	47	190
-118.5	47.1474308372	190
-118	47.4921898246	190
-117.985200495	47.5	190
-117.5	47.844173789	190
-117.124977447	48	190
-117	48.0741986036	190
> 200 contour -Z200
-116.5	48.0686905384	200
-116.202254504	48	200
-116	47.9190963507	200
-115.709287196	47.5	200
-115.642174602	47	200
-115.788990512	46.5	200
-116	46.2043124735	200
-116.107628435	46	200
-116.5	45.6055834889	200
-116.586713582	45.5	200
-117	45.1366567612	200
-117.154562116	45	200
-117.5	44.7192672789	200
-117.861028954	44.5	200
-118	44.3888280243	200
-118.5	44.1443433166	200
-119	44.0663284957	200
-119.5	44.1847645044	200
-119.697498739	44.5	200
-119.755776644	45	200
-119.671489432	45.5	200
-119.5	45.8629945219	200
-119.44464615	46	200
-119.086609863	46.5	200
-119	46.5884821415	200
-118.548689459	47	200
-118.5	47.0452753715	200
-118	47.422703892	200
-117.85353145	47.5	200
-117.5	47.750775218	200
-117	47.9566532969	200
-116.769804865	48	200
-116.5	48.0686905384	200
> 210 contour -Z210
-117.5	47.657376647	210
-117	47.8590256274	210
-116.5	47.9348581433	210
-116	47.6902319938	210
-115.868042588	47.5	210
-115.767582148	47	210
-115.923024394	46.5	210
-116	46.3921341076	210
-116.206569761	46	210
-116.5	45.7050404847	210
-116.668395579	45.5	210
-117	45.2084679604	210
-117.235782355	45	210
-117.5	44.7852738947	210
-117.969710443	44.5	210
-118	44.4757694136	210
-118.5	44.2119419277	210
-119	44.1373744607	210
-119.5	44.3112635016	210
-119.618245631	44.5	210
-119.695224896	45	210
-119.601425104	45.5	210
-119.5	45.7146881968	210
-119.384726435	46	210
-119	46.4910743833	210
-118.992234975	46.5	210
-118.5	46.9650014341	210
-118.450639248	47	210
-118	47.3532179594	210
-117.721862406	47.5	210
-117.5	47.657376647	210
> 220 contour -Z220
-117.5	47.563978076	220
-117	47.7613979876	220
-116.5	47.7990329266	220
-116.035605878	47.5	220
-116	47.417424798	220
-115.892989688	47	220
-116	46.6664191186	220
-116.036408901	46.5	220
-116.305511072	46	220
-116.5	45.8044974506	220
-116.75007759	45.5	220
-117	45.2802792042	220
-117.317002609	45	220
-117.5	44.8512804955	220
-118	44.5376689434	220
-118.090556383	44.5	220
-118.5	44.2795405686	220
-119	44.2084203959	220
-119.5	44.43776251	220
-119.538992517	44.5	220
-119.634673148	45	220
-119.531360779	45.5	220
-119.5	45.5663818792	220
-119.32480672	46	220
-119	46.414591372	220
-118.925696939	46.5	220
-118.5	46.9021447003	220
-118.361988336	47	220
-118	47.283731997	220
-117.590193376	47.5	220
-117.5	47.563978076	220
> 230 contour -Z230
-117	47.663770318	230
-116.5	47.66320768	230
-116.246540636	47.5	230
-116.01686278	47	230
-116.121935993	46.5	230
-116.404452391	46	230
-116.5	45.903954424	230
-116.831759587	45.5	230
-117	45.3520904183	230
-117.398222864	45	230
-117.5	44.9172870889	230
-118	44.5898926258	230
-118.216102481	44.5	230
-118.5	44.3471391946	230
-119	44.2794663608	230
-119.429680735	44.5	230
-119.5	44.6466428638	230
-119.574121386	45	230
-119.5	45.3445256948	230
-119.471549809	45.5	230
-119.264887035	46	230
-119	46.3381083906	230
-118.859158903	46.5	230
-118.5	46.8392879963	230
-118.273337424	47	230
-118	47.2142460644	230
-117.5	47.4766508043	230
-117.420953691	47.5	230
-117	47.663770318	230
> 240 contour -Z240
-117	47.5661426783	240
-116.5	47.5273824539	240
-116.457475413	47.5	240
-116.131810606	47	240
-116.207463086	46.5	240
-116.5	46.004964292	240
-116.502321661	46	240
-116.913441584	45.5	240
-117	45.4239016473	240
-117.479443109	45	240
-117.5	44.9832936898	240
-118	44.6421163082	240
-118.341648608	44.5	240
-118.5	44.4147378132	240
-119	44.3505123109	240
-119.291257054	44.5	240
-119.5	44.9353098124	240
-119.513569632	45	240
-119.5	45.0630733892	240
-119.420046985	45.5	240
-119.204967335	46	240
-119	46.2616253793	240
-118.792620897	46.5	240
-118.5	46.7764312625	240
-118.184686512	47	240
-118	47.1447601169	240
-117.5	47.40252617	240
-117.170012504	47.5	240
-117	47.5661426783	240
> 250 contour -Z250
-118	47.0752741694	250
-117.5	47.3284015656	250
-117	47.468416363	250
-116.5	47.3669999242	250
-116.246758401	47	250
-116.292990163	46.5	250
-116.5	46.1496945918	250
-116.570008129	46	250
-116.995123584	45.5	250
-117	45.4957128689	250
-117.5	45.0424306989	250
-117.556585014	45	250
-118	44.6943400204	250
-118.467194717	44.5	250
-118.5	44.4823364355	250
-119	44.4215582684	250
-119.152833387	44.5	250
-119.44728151	45	250
-119.368544132	45.5	250
-119.145047635	46	250
-119	46.1851423979	250
-118.726082876	46.5	250
-118.5	46.7135745436	250
-118.0960356	47	250
-118	47.0752741694	250
> 260 contour -Z260
-118	47.0057882369	260
-117.5	47.2542769611	260
-117	47.3704827428	260
-116.5	47.2004165649	260
-116.361706227	47	260
-116.378517248	46.5	260
-116.5	46.2944249213	260
-116.637694597	46	260
-117	45.5747099817	260
-117.058806956	45.5	260
-117.5	45.099239856	260
-117.632344902	45	260
-118	44.7465637028	260
-118.5	44.5423304141	260
-118.938242301	44.5	260
-119	44.4926042217	260
-119.014409699	44.5	260
-119.379336536	45	260
-119.317041278	45.5	260
-119.085127927	46	260
-119	46.1086594015	260
-118.659544855	46.5	260
-118.5	46.6507178247	260
-118.00738469	47	260
-118	47.0057882369	260
> 270 contour -Z270
-117.5	47.1801523566	270
-117	47.2725491226	270
-116.5	47.0338331833	270
-116.476654032	47	270
-116.464044329	46.5	270
-116.5	46.4391552322	270
-116.705381066	46	270
-117	45.6541633308	270
-117.121347606	45.5	270
-117.5	45.1560489833	270
-117.708104789	45	270
-118	44.7987873852	270
-118.5	44.5996343791	270
-119	44.5817592442	270
-119.311391592	45	270
-119.265538424	45.5	270
-119.025208224	46	270
-119	46.0321764015	270
-118.593006827	46.5	270
-118.5	46.5878611058	270
-118	46.9429139495	270
-117.863060594	47	270
-117.5	47.1801523566	270
> 280 contour -Z280
-117.5	47.1060277224	280
-117	47.1746155024	280
-116.654443979	47	280
-116.54850933	46.5	280
-116.773067534	46	280
-117	45.7336166799	280
-117.183888257	45.5	280
-117.5	45.2128581405	280
-117.783864677	45	280
-118	44.8510110825	280
-118.5	44.6569383442	280
-119	44.6730184257	280
-119.243446648	45	280
-119.2140356	45.5	280
-119	45.9388291836	280
-118.965233505	46	280
-118.526468804	46.5	280
-118.5	46.5250043832	280
-118	46.8806404471	280
-117.713677436	47	280
-117.5	47.1060277224	280
> 290 contour -Z290
-117.5	47.0319031179	290
-117	47.0766818896	290
-116.848250076	47	290
-116.632203937	46.5	290
-116.840754002	46	290
-117	45.8130700439	290
-117.246428877	45.5	290
-117.5	45.2696672678	290
-117.859624565	45	290
-118	44.9032347649	290
-118.5	44.7142423093	290
-119	44.764277637	290
-119.175501704	45	290
-119.162532747	45.5	290
-119	45.8332348466	290
-118.905218869	46	290
-118.5	46.4590573907	290
-118.447310358	46.5	290
-118	46.8183669448	290
-117.564294294	47	290
-117.5	47.0319031179	290
> 300 contour -Z300
-118	46.7560934573	300
-117.5	46.9558510184	300
-117	46.9699569046	300
-116.715898544	46.5	300
-116.908440463	46	300
-117	45.8925233856	300
-117.308969527	45.5	300
-117.5	45.32647641	300
-117.935384452	45	300
-118	44.9554584585	300
-118.5	44.7715462595	300
-119	44.8555368185	300
-119.10755676	45	300
-119.111029908	45.5	300
-119	45.7276404649	300
-118.845204204	46	300
-118.5	46.3910690248	300
-118.35981518	46.5	300
-118	46.7560934573	300
> 310 contour -Z310
-118	46.6938199699	310
-117.5	46.8783424497	310
-117	46.831510365	310
-116.79959318	46.5	310
-116.976126928	46	310
-117	45.9719767384	310
-117.371510163	45.5	310
-117.5	45.3832855448	310
-118	45.0091575086	310
-118.023470044	45	310
-118.5	44.8288502246	310
-119	44.9467960149	310
-119.039611813	45	310
-119.059527058	45.5	310
-119	45.622046113	310
-118.785189569	46	310
-118.5	46.3230806589	310
-118.272319973	46.5	310
-118	46.6938199699	310
> 320 contour -Z320
-118	46.6315464675	320
-117.5	46.8008338809	320
-117	46.6930638105	320
-116.883287795	46.5	320
-117	46.1585119069	320
-117.047275037	46	320
-117.434050813	45.5	320
-117.5	45.440094687	320
-118	45.0714108348	320
-118.183020681	45	320
-118.5	44.8861541897	320
-118.913258523	45	320
-119	45.3640008271	320
-119.008024215	45.5	320
-119	45.5164517481	320
-118.725174904	46	320
-118.5	46.255092293	320
-118.18482478	46.5	320
-118	46.6315464675	320
> 330 contour -Z330
-118	46.569272995	330
-117.5	46.723325327	330
-117	46.5546172634	330
-116.966982413	46.5	330
-117	46.4033938795	330
-117.120309323	46	330
-117.496591451	45.5	330
-117.5	45.4969038256	330
-118	45.1336641312	330
-118.342571318	45	330
-118.5	44.9434581548	330
-118.705246016	45	330
-118.934692919	45.5	330
-118.665160254	46	330
-118.5	46.1871039122	330
-118.097329594	46.5	330
-118	46.569272995	330
> 340 contour -Z340
-118	46.5069994926	340
-117.5	46.6458167732	340
-117.121742755	46.5	340
-117.19334361	46	340
-117.5	45.5918976963	340
-117.581087708	45.5	340
-118	45.1959174275	340
-118.5	45.0014354885	340
-118.857333034	45.5	340
-118.605145603	46	340
-118.5	46.1191155463	340
-118.009834398	46.5	340
-118	46.5069994926	340
> 350 contour -Z350
-117.5	46.5683082044	350
-117.322804511	46.5	350
-117.266377881	46	350
-117.5	45.6890926659	350
-117.666849524	45.5	350
-118	45.2581707537	350
-118.5	45.1093708873	350
-118.779973179	45.5	350
-118.545130953	46	350
-118.5	46.0511271767	350
-118	46.4238294065	350
-117.749109358	46.5	350
-117.5	46.5683082044	350
> 360 contour -Z360
-118	46.3380131423	360
-117.5	46.4743902683	360
-117.339412168	46	360
-117.5	45.7862876505	360
-117.752611354	45.5	360
-118	45.3204240501	360
-118.5	45.2173062861	360
-118.702613309	45.5	360
-118.5	45.9567505717	360
-118.470382988	46	360
-118	46.3380131423	360
> 370 contour -Z370
-118	46.2521968633	370
-117.5	46.2586407065	370
-117.412446454	46	370
-117.5	45.8834826127	370
-117.838373184	45.5	370
-118	45.3826773614	370
-118.5	45.3252416849	370
-118.625253439	45.5	370
-118.5	45.7823584378	370
-118.350960076	46	370
-118	46.2521968633	370
> 380 contour -Z380
-118	46.1663805842	380
-117.5	46.0428911559	380
-117.485480736	46	380
-117.5	45.9806775767	380
-117.924135014	45.5	380
-118	45.4449306726	380
-118.5	45.4331770912	380
-118.547893569	45.5	380
-118.5	45.6079663262	380
-118.231537148	46	380
-118	46.1663805842	380
> 390 contour -Z390
-118	46.0805643201	390
-117.730229765	46	390
-118	45.5547330976	390
-118.112114236	46	390
-118	46.0805643201	390
