> 10 contour -Z10
-115	53.058311373	10
-114.5	53.1034932882	10
-114	53.1295626611	10
-113.5	53.1300509125	10
-113	53.0913043022	10
-112.5	53.0009909065	10
-112.496387203	53	10
-112	52.873059839	10
-111.5	52.6646930277	10
-111.210038483	52.5	10
-111	52.3785714805	10
-110.5	52.0164108723	10
-110.477777686	52	10
-110	51.7967368066	10
-109.5	51.6126417816	10
-109.187780887	51.5	10
-109	51.4280054569	10
-108.5	51.2022353262	10
-108.144287854	51	10
-108	50.8657695651	10
-107.653820932	50.5	10
-107.588900656	50	10
-107.833899051	49.5	10
-108	49.3136560619	10
-108.226433635	49	10
-108.5	48.7656461	10
-108.752963841	48.5	10
-109	48.3264686167	10
-109.427497834	48	10
-109.5	47.9533029944	10
-110	47.6136782169	10
-110.156026125	47.5	10
-110.5	47.2723469436	10
-110.917396903	47	10
-111	46.9422444887	10
-111.5	46.5952942371	10
-111.632726192	46.5	10
-112	46.2142193317	10
-112.294333622	46	10
-112.5	45.8245984316	10
-112.926184081	45.5	10
-113	45.4306231961	10
-113.5	45.0011888742	10
-113.501354545	45	10
-114	44.5126562417	10
-114.013664961	44.5	10
-114.499042164	44	10
-114.5	43.99893995	10
-114.960134733	43.5	10
-115	43.4536265284	10
-115.394072436	43	10
-115.5	42.868456915	10
-115.793868244	42.5	10
-116	42.2376141846	10
-116.186874181	42	10
-116.5	41.664294064	10
-116.660474122	41.5	10
-117	41.2008435428	10
-117.269034162	41	10
-117.5	40.8117324561	10
-118	40.508874476	10
-118.019480526	40.5	10
-118.5	40.2230235338	10
-119	40.0558575392	10
-119.257077053	40	10
-119.5	39.9210188463	10
-120	39.820065856	10
-120.5	39.7921465039	10
-121	39.8509664088	10
-121.450491935	40	10
-121.5	40.0142201185	10
-122	40.2946884781	10
-122.218478248	40.5	10
-122.5	40.7455557883	10
-122.688863486	41	10
-123	41.1835114658	10
-123.260661483	41.5	10
-123.5	41.9702770691	10
-123.522311868	42	10
-123.860779524	42.5	10
-123.935418993	43	10
-123.967092454	43.5	10
-123.999513835	44	10
-124	44.0057506859	10
-124.159451663	44.5	10
-124.267302185	45	10
-124.320678949	45.5	10
-124.340403885	46	10
-124.311668366	46.5	10
-124.211682335	47	10
-124.047919609	47.5	10
-124	47.6211021394	10
-123.879106909	48	10
-123.634109899	48.5	10
-123.5	48.7044626027	10
-123.31155628	49	10
-123	49.3703831136	10
-122.884283483	49.5	10
-122.5	49.8811124861	10
-122.362252116	50	10
-122	50.3022156656	10
-121.722774372	50.5	10
-121.5	50.6614161581	10
-121	50.9571069479	10
-120.918296337	51	10
-120.5	51.2427490652	10
-120	51.471960783	10
-119.934426278	51.5	10
-119.5	51.7217307836	10
-119	51.9297479689	10
-118.809369951	52	10
-118.5	52.1435532272	10
-118	52.3435803056	10
-117.527868873	52.5	10
-117.5	52.5120192356	10
-117	52.7036373019	10
-116.5	52.8398862183	10
-116	52.9328834414	10
-115.5	52.9969483018	10
-115.467105687	53	10
-115	53.058311373	10
> 20 contour -Z20
-115	52.006690532	20
-114.5	52.0277827755	20
-114	52.0173314195	20
-113.847290248	52	20
-113.5	51.9659145474	20
-113	51.8613220155	20
-112.5	51.6736186892	20
-112.168196946	51.5	20
-112	51.4313926101	20
-111.5	51.2314945459	20
-111	51.0276044477	20
-110.93444097	51	20
-110.5	50.7973822355	20
-110.018317461	50.5	20
-110	50.4813278317	20
-109.587921828	50	20
-109.507906079	49.5	20
-109.664352834	49	20
-109.981720168	48.5	20
-110	48.4831711743	20
-110.428263441	48	20
-110.5	47.9450244009	20
-111	47.5126302242	20
-111.012172639	47.5	20
-111.5	47.1122879386	20
-111.63159588	47	20
-112	46.7128016055	20
-112.262478039	46.5	20
-112.5	46.3087770343	20
-112.876649089	46	20
-113	45.8952606693	20
-113.474697283	45.5	20
-113.5	45.4767452758	20
-114	45.0254421532	20
-114.027921826	45	20
-114.5	44.5499031246	20
-114.553946674	44.5	20
-115	44.0468119085	20
-115.046208411	44	20
-115.5	43.5297936499	20
-115.528292507	43.5	20
-116	43.0218176544	20
-116.021970034	43	20
-116.5	42.5141230524	20
-116.515205801	42.5	20
-117	42.0026136935	20
-117.002979487	42	20
-117.5	41.5303536952	20
-117.539760321	41.5	20
-118	41.1427996755	20
-118.271375149	41	20
-118.5	40.860708341	20
-119	40.6572483778	20
-119.5	40.537776798	20
-119.788645223	40.5	20
-120	40.4577242695	20
-120.5	40.4490383416	20
-120.725650191	40.5	20
-121	40.5403328538	20
-121.5	40.7037674487	20
-121.948512316	41	20
-122	41.0064197779	20
-122.5	41.1145453453	20
-122.935698748	41.5	20
-123	41.5179298818	20
-123.457878828	42	20
-123.5	42.3043862581	20
-123.638062358	42.5	20
-123.775802076	43	20
-123.793070465	43.5	20
-123.729418755	44	20
-123.640175357	44.5	20
-123.590064913	45	20
-123.620790459	45.5	20
-123.635908365	46	20
-123.574929707	46.5	20
-123.5	46.7430610955	20
-123.430784047	47	20
-123.235471085	47.5	20
-123	47.940071851	20
-122.968466789	48	20
-122.645046189	48.5	20
-122.5	48.6758057922	20
-122.215848446	49	20
-122	49.2116911858	20
-121.675508693	49.5	20
-121.5	49.6493286192	20
-121.007833814	50	20
-121	50.0056912107	20
-120.5	50.3492926061	20
-120.220084444	50.5	20
-120	50.6309506893	20
-119.5	50.8841700852	20
-119.224434137	51	20
-119	51.1125085428	20
-118.5	51.323757261	20
-118	51.4918623567	20
-117.971268773	51.5	20
-117.5	51.6701239049	20
-117	51.7956743538	20
-116.5	51.8792050779	20
-116	51.9373499453	20
-115.5	51.9764597714	20
-115.086605847	52	20
-115	52.006690532	20
> 30 contour -Z30
-117.5	51.0999152362	30
-117	51.2026197612	30
-116.5	51.2771205604	30
-116	51.3291170597	30
-115.5	51.3630259633	30
-115	51.3804883063	30
-114.5	51.3731784523	30
-114	51.3231934607	30
-113.5	51.2158447206	30
-113	51.0343669392	30
-112.920774519	51	30
-112.5	50.8663460612	30
-112	50.6909774691	30
-111.564820141	50.5	30
-111.5	50.4651144743	30
-111	50.1105894223	30
-110.875757538	50	30
-110.598549932	49.5	30
-110.593356103	49	30
-110.777500644	48.5	30
-111	48.183234632	30
-111.103602082	48	30
-111.5	47.589217633	30
-111.570760787	47.5	30
-112	47.125659436	30
-112.129106402	47	30
-112.5	46.6871492565	30
-112.70540601	46.5	30
-113	46.2470622659	30
-113.271387607	46	30
-113.5	45.7993327975	30
-113.830771342	45.5	30
-114	45.3446657509	30
-114.378258176	45	30
-114.5	44.8839268163	30
-114.915035725	44.5	30
-115	44.413676694	30
-115.408343643	44	30
-115.5	43.9050282016	30
-115.884620897	43.5	30
-116	43.3830371648	30
-116.385712259	43	30
-116.5	42.8838361949	30
-116.913263246	42.5	30
-117	42.4110103399	30
-117.468528837	42	30
-117.5	41.9702621624	30
-118	41.5590773225	30
-118.103040546	41.5	30
-118.5	41.2426153123	30
-119	41.0481744111	30
-119.201974392	41	30
-119.5	40.9056131318	30
-120	40.8249473274	30
-120.5	40.8177507967	30
-121	40.915173538	30
-121.197780132	41	30
-121.5	41.026679635	30
-122	41.0919030309	30
-122.5	41.2604072541	30
-122.770823717	41.5	30
-123	41.5639039278	30
-123.414211839	42	30
-123.486286402	42.5	30
-123.5	42.6715252995	30
-123.616185151	43	30
-123.619048446	43.5	30
-123.5	43.9097879231	30
-123.490337878	44	30
-123.40361011	44.5	30
-123.276861906	45	30
-123.201975778	45.5	30
-123.183580458	46	30
-123.094584636	46.5	30
-123	46.7570962608	30
-122.920932144	47	30
-122.678843647	47.5	30
-122.5	47.7896166444	30
-122.376030296	48	30
-122	48.4798317254	30
-121.984139323	48.5	30
-121.50159618	49	30
-121.5	49.0014673618	30
-121	49.4288045466	30
-120.901837081	49.5	30
-120.5	49.7949729562	30
-120.144617617	50	30
-120	50.0914713889	30
-119.5	50.3606272638	30
-119.176574379	50.5	30
-119	50.5886349902	30
-118.5	50.7984468639	30
-118	50.9589764774	30
-117.827490449	51	30
-117.5	51.0999152362	30
> 40 contour -Z40
-118	50.5462649167	40
-117.5	50.6700690985	40
-117	50.7587188184	40
-116.5	50.8239556849	40
-116	50.8684724271	40
-115.5	50.8920290768	40
-115	50.8915034831	40
-114.5	50.8567963541	40
-114	50.7783104777	40
-113.5	50.6558289975	40
-113.015433013	50.5	40
-113	50.495813787	40
-112.5	50.3268574178	40
-112	50.0775914714	40
-111.877775587	50	40
-111.5	49.5906451643	40
-111.431601144	49.5	40
-111.286402807	49	40
-111.384763569	48.5	40
-111.5	48.2935620397	40
-111.633090824	48	40
-112	47.5368432701	40
-112.023931712	47.5	40
-112.5	47.0356405973	40
-112.531099349	47	40
-113	46.5668110847	40
-113.06514439	46.5	40
-113.5	46.0971581936	40
-113.596913934	46	40
-114	45.627035141	40
-114.130882561	45.5	40
-114.5	45.1553275883	40
-114.663222939	45	40
-115	44.6811226606	40
-115.195086479	44.5	40
-115.5	44.1922918856	40
-115.6973629	44	40
-116	43.6856162846	40
-116.181793779	43.5	40
-116.5	43.1834278703	40
-116.686237246	43	40
-117	42.7018322349	40
-117.225350052	42.5	40
-117.5	42.2472422421	40
-117.824923366	42	40
-118	41.8525562435	40
-118.5	41.5519146919	40
-118.631209761	41.5	40
-119	41.3251980543	40
-119.5	41.1926704943	40
-120	41.1111800671	40
-120.5	41.0739775896	40
-121	41.0790134668	40
-121.5	41.1038329899	40
-122	41.1773862541	40
-122.5	41.4062691629	40
-122.605948672	41.5	40
-123	41.6098779738	40
-123.370544881	42	40
-123.450207472	42.5	40
-123.491222382	43	40
-123.488528579	43.5	40
-123.426180214	44	40
-123.259894788	44.5	40
-123.01182081	45	40
-123	45.04399281	40
-122.885885626	45.5	40
-122.841331363	46	40
-122.735622674	46.5	40
-122.512101447	47	40
-122.5	47.0218418967	40
-122.257121474	47.5	40
-122	47.8767575026	40
-121.917530328	48	40
-121.5	48.4978527725	40
-121.49807632	48.5	40
-121	48.9796597958	40
-120.975323439	49	40
-120.5	49.3719135523	40
-120.294246495	49.5	40
-120	49.6920963526	40
-119.5	49.9526922107	40
-119.391426384	50	40
-119	50.1962063015	40
-118.5	50.3912195861	40
-118.128643423	50.5	40
-118	50.5462649167	40
> 50 contour -Z50
-118.5	50.0550625324	50
-118	50.2101964355	50
-117.5	50.3128056526	50
-117	50.3902121186	50
-116.5	50.4470277429	50
-116	50.4820432067	50
-115.5	50.4938694835	50
-115	50.4777481258	50
-114.5	50.4320135117	50
-114	50.3568552732	50
-113.5	50.2418524772	50
-113	50.06864582	50
-112.842327371	50	50
-112.5	49.8051491678	50
-112.13675037	49.5	50
-112	49.2597523928	50
-111.874435455	49	50
-111.879670158	48.5	50
-112	48.2228319049	50
-112.077569693	48	50
-112.401404202	47.5	50
-112.5	47.4038291648	50
-112.852374181	47	50
-113	46.86361745	50
-113.354546487	46.5	50
-113.5	46.3652546704	50
-113.864336491	46	50
-114	45.8744741529	50
-114.385815524	45.5	50
-114.5	45.3933774605	50
-114.913373001	45	50
-115	44.9179772362	50
-115.450201549	44.5	50
-115.5	44.4497451335	50
-115.961605564	44	50
-116	43.9601153135	50
-116.450639892	43.5	50
-116.5	43.450893376	50
-116.957799245	43	50
-117	42.9598967507	50
-117.5	42.510068804	50
-117.512169719	42.5	50
-118	42.104819715	50
-118.173343599	42	50
-118.5	41.7831606716	50
-119	41.5781018436	50
-119.33255212	41.5	50
-119.5	41.4518452808	50
-120	41.3327425122	50
-120.5	41.2290019393	50
-121	41.1811376512	50
-121.5	41.1809863448	50
-122	41.2628695071	50
-122.442932844	41.5	50
-122.5	41.5099784136	50
-123	41.6558520496	50
-123.326877892	42	50
-123.414128512	42.5	50
-123.458963692	43	50
-123.452215135	43.5	50
-123.362022519	44	50
-123.116179466	44.5	50
-123	44.7291642874	50
-122.871052176	45	50
-122.639045209	45.5	50
-122.556366138	46	50
-122.5	46.2022495866	50
-122.427637815	46.5	50
-122.213120103	47	50
-122	47.3482945263	50
-121.909640312	47.5	50
-121.550018381	48	50
-121.5	48.0596406683	50
-121.10548839	48.5	50
-121	48.6015879214	50
-120.516649805	49	50
-120.5	49.0130275255	50
-120	49.3531141281	50
-119.726572081	49.5	50
-119.5	49.630651772	50
-119	49.8652689755	50
-118.629139125	50	50
-118.5	50.0550625324	50
> 60 contour -Z60
-117	50.0726307929	60
-116.5	50.1328389347	60
-116	50.1686619222	60
-115.5	50.1762275994	60
-115	50.1519515663	60
-114.5	50.1015005112	60
-114	50.0156282056	60
-113.942346405	50	60
-113.5	49.8776121736	60
-113	49.6383574009	60
-112.792758524	49.5	60
-112.5	49.1494589597	60
-112.400412038	49	60
-112.310371965	48.5	60
-112.459686648	48	60
-112.5	47.9375221953	60
-112.731904089	47.5	60
-113	47.1937831342	60
-113.138838947	47	60
-113.5	46.6306609213	60
-113.611745149	46.5	60
-114	46.1109234691	60
-114.102029353	46	60
-114.5	45.6115849316	60
-114.609024465	45.5	60
-115	45.1241076589	60
-115.127496481	45	60
-115.5	44.6482300162	60
-115.662186116	44.5	60
-116	44.1688463092	60
-116.183585346	44	60
-116.5	43.6782922149	60
-116.686019003	43.5	60
-117	43.1900027096	60
-117.199029088	43	60
-117.5	42.7252151072	60
-117.772207156	42.5	60
-118	42.3154701591	60
-118.5	42.0120112896	60
-118.529509336	42	60
-119	41.7897599787	60
-119.5	41.6630813479	60
-120	41.531596452	60
-120.123389006	41.5	60
-120.5	41.3840262592	60
-121	41.2832618505	60
-121.5	41.2581396848	60
-122	41.3483527452	60
-122.283259869	41.5	60
-122.5	41.5378977954	60
-123	41.7018260956	60
-123.283210903	42	60
-123.378049582	42.5	60
-123.426705003	43	60
-123.415901691	43.5	60
-123.297864854	44	60
-123	44.4801832736	60
-122.986476183	44.5	60
-122.736084834	45	60
-122.5	45.4001097679	60
-122.417522848	45.5	60
-122.316782415	46	60
-122.179141194	46.5	60
-122	46.8604499698	60
-121.933395386	47	60
-121.621870518	47.5	60
-121.5	47.6644788086	60
-121.23485361	48	60
-121	48.2556632161	60
-120.739991471	48.5	60
-120.5	48.7059559226	60
-120.077583946	49	60
-120	49.0531021357	60
-119.5	49.3441057205	60
-119.158291087	49.5	60
-119	49.5788508579	60
-118.5	49.7737431228	60
-118	49.9038669169	60
-117.5	49.9926122725	60
-117.445808947	50	60
-117	50.0726307929	60
> 70 contour -Z70
-118.5	49.5031656623	70
-118	49.6338302195	70
-117.5	49.7268669009	70
-117	49.8009856343	70
-116.5	49.85724172	70
-116	49.8893309832	70
-115.5	49.8951631188	70
-115	49.8742814362	70
-114.5	49.8268961608	70
-114	49.723580569	70
-113.5	49.5293258112	70
-113.444830142	49.5	70
-113	49.1346070617	70
-112.881659925	49	70
-112.702935815	48.5	70
-112.787824154	48	70
-113	47.5905873179	70
-113.037937492	47.5	70
-113.395710289	47	70
-113.5	46.8933487907	70
-113.836403698	46.5	70
-114	46.3360574692	70
-114.30911158	46	70
-114.5	45.813694939	70
-114.806496799	45.5	70
-115	45.3139618188	70
-115.322534725	45	70
-115.5	44.8324124366	70
-115.863709643	44.5	70
-116	44.3663966805	70
-116.398380399	44	70
-116.5	43.8966804594	70
-116.913871706	43.5	70
-117	43.4149644747	70
-117.434678033	43	70
-117.5	42.9403613806	70
-118	42.5246168077	70
-118.03745991	42.5	70
-118.5	42.2048083842	70
-119	42.0013013482	70
-119.00486362	42	70
-119.5	41.8633778095	70
-120	41.6605089605	70
-120.5	41.51784271	70
-120.591653258	41.5	70
-121	41.3853860348	70
-121.5	41.3352930248	70
-122	41.4338359907	70
-122.123586863	41.5	70
-122.5	41.5658171773	70
-123	41.7478001416	70
-123.239543945	42	70
-123.341970652	42.5	70
-123.394446313	43	70
-123.379588217	43.5	70
-123.233707175	44	70
-123	44.3767556846	70
-122.915892601	44.5	70
-122.601117492	45	70
-122.5	45.1713710129	70
-122.228658319	45.5	70
-122.08838851	46	70
-122	46.290497005	70
-121.938635051	46.5	70
-121.69475472	47	70
-121.5	47.2930131257	70
-121.352971166	47.5	70
-121	47.9274771512	70
-120.931320965	48	70
-120.5	48.4097021818	70
-120.385377735	48.5	70
-120	48.7851960361	70
-119.637380928	49	70
-119.5	49.0817899555	70
-119	49.3234591782	70
-118.507943834	49.5	70
-118.5	49.5031656623	70
> 80 contour -Z80
-117	49.5429611206	80
-116.5	49.6099129245	80
-116	49.6496837288	80
-115.5	49.6596806347	80
-115	49.6386768818	80
-114.5	49.577071026	80
-114.212595403	49.5	80
-114	49.4324533045	80
-113.5	49.1426564455	80
-113.336127356	49	80
-113.069834799	48.5	80
-113.093607366	48	80
-113.297961459	47.5	80
-113.5	47.2166303098	80
-113.626825571	47	80
-114	46.5672906041	80
-114.049026012	46.5	80
-114.5	46.0151644051	80
-114.512796551	46	80
-115	45.5033528507	80
-115.003176808	45.5	80
-115.5	45.0139322877	80
-115.514457196	45	80
-116	44.5483177602	80
-116.054847658	44.5	80
-116.5	44.0835261643	80
-116.598141074	44	80
-117	43.6118906438	80
-117.129761755	43.5	80
-117.5	43.1447046399	80
-117.67068097	43	80
-118	42.7231398225	80
-118.33955656	42.5	80
-118.5	42.3976055086	80
-119	42.1955288649	80
-119.5	42.0520192683	80
-119.581454366	42	80
-120	41.7894214541	80
-120.5	41.5886752605	80
-120.955501389	41.5	80
-121	41.4875102164	80
-121.5	41.4124463797	80
-121.916960537	41.5	80
-122	41.5047279894	80
-122.5	41.593736589	80
-123	41.7937741876	80
-123.195876971	42	80
-123.305891693	42.5	80
-123.362187624	43	80
-123.343274772	43.5	80
-123.169549495	44	80
-123	44.2733280957	80
-122.845309019	44.5	80
-122.5	44.9756173193	80
-122.481693685	45	80
-122.039793797	45.5	80
-122	45.6278986484	80
-121.864500463	46	80
-121.718767822	46.5	80
-121.5	46.9220036566	80
-121.457544625	47	80
-121.097934127	47.5	80
-121	47.6186062917	80
-120.638820693	48	80
-120.5	48.1318626851	80
-120.032693863	48.5	80
-120	48.5241948608	80
-119.5	48.8345910907	80
-119.161318839	49	80
-119	49.0798538253	80
-118.5	49.2614069879	80
-118	49.3811050653	80
-117.5	49.4677625895	80
-117.266144782	49.5	80
-117	49.5429611206	80
> 90 contour -Z90
-118.5	49.0199894309	90
-118	49.145389393	90
-117.5	49.2474108636	90
-117	49.3323881924	90
-116.5	49.3971530199	90
-116	49.4338642359	90
-115.5	49.442730546	90
-115	49.4193871021	90
-114.5	49.3370717466	90
-114	49.1364551634	90
-113.789574608	49	90
-113.5	48.6457053721	90
-113.410992034	48.5	90
-113.368438348	48	90
-113.5	47.6588999331	90
-113.548683643	47.5	90
-113.840336561	47	90
-114	46.814864397	90
-114.229401201	46.5	90
-114.5	46.2090831399	90
-114.676435888	46	90
-115	45.6701640785	90
-115.16122961	45.5	90
-115.5	45.1685634851	90
-115.674914151	45	90
-116	44.6975848377	90
-116.22428748	44.5	90
-116.5	44.2420499921	90
-116.78440249	44	90
-117	43.7917791307	90
-117.338381931	43.5	90
-117.5	43.3449048698	90
-117.906819686	43	90
-118	42.9216628373	90
-118.5	42.5930173099	90
-118.726193935	42.5	90
-119	42.3897564039	90
-119.5	42.2156532407	90
-119.837680668	42	90
-120	41.9183339477	90
-120.5	41.6595078111	90
-121	41.5308552086	90
-121.433432117	41.5	90
-121.5	41.4895997318	90
-121.549529668	41.5	90
-122	41.5256482363	90
-122.5	41.6216559708	90
-123	41.8397482485	90
-123.152209997	42	90
-123.269812763	42.5	90
-123.329928964	43	90
-123.306961298	43.5	90
-123.105391823	44	90
-123	44.1699005216	90
-122.774725407	44.5	90
-122.5	44.8783977926	90
-122.408702046	45	90
-122	45.438225925	90
-121.886408806	45.5	90
-121.6434571	46	90
-121.5	46.4961771369	90
-121.498857707	46.5	90
-121.226683021	47	90
-121	47.3072469532	90
-120.838124663	47.5	90
-120.5	47.8550300896	90
-120.335658491	48	90
-120	48.270930171	90
-119.650877282	48.5	90
-119.5	48.5942411497	90
-119	48.8414248526	90
-118.554834608	49	90
-118.5	49.0199894309	90
> 100 contour -Z100
-117.5	49.0270591378	100
-117	49.1312942356	100
-116.5	49.2120432705	100
-116	49.2576900125	100
-115.5	49.2648199499	100
-115	49.2234392911	100
-114.5	49.1014560983	100
-114.277949661	49	100
-114	48.7969256043	100
-113.741978824	48.5	100
-113.630377114	48	100
-113.766995668	47.5	100
-114	47.0955666304	100
-114.045887977	47	100
-114.40977636	46.5	100
-114.5	46.4030018672	100
-114.84007524	46	100
-115	45.8369753361	100
-115.319282442	45.5	100
-115.5	45.3231946975	100
-115.835371122	45	100
-116	44.84685193	100
-116.393727295	44.5	100
-116.5	44.400573805	100
-116.970663887	44	100
-117	43.9716676194	100
-117.5	43.5329106748	100
-117.546559185	43.5	100
-118	43.1081225872	100
-118.182679564	43	100
-118.5	42.7913906425	100
-119	42.5829464495	100
-119.184770495	42.5	100
-119.5	42.379287228	100
-120	42.0239326656	100
-120.043908	42	100
-120.5	41.7303403914	100
-121	41.5660097599	100
-121.5	41.5188858211	100
-122	41.5465684831	100
-122.5	41.6495753527	100
-123	41.8857222944	100
-123.108543016	42	100
-123.233733818	42.5	100
-123.297670275	43	100
-123.270647854	43.5	100
-123.041234151	44	100
-123	44.0664729327	100
-122.704141825	44.5	100
-122.5	44.7811782658	100
-122.335710406	45	100
-122	45.3599615097	100
-121.742494896	45.5	100
-121.5	45.9138015211	100
-121.416765422	46	100
-121.270411611	46.5	100
-121	46.9924696386	100
-120.995278835	47	100
-120.575340219	47.5	100
-120.5	47.5791070461	100
-120.022865273	48	100
-120	48.0184559375	100
-119.5	48.3476211131	100
-119.211950287	48.5	100
-119	48.605520159	100
-118.5	48.7908514738	100
-118	48.9231601954	100
-117.62134362	49	100
-117.5	49.0270591378	100
> 110 contour -Z110
-116.5	49.0269334912	110
-116	49.0815157965	110
-115.5	49.0869093612	110
-115	49.0274914764	110
-114.901155427	49	110
-114.5	48.8468531668	110
-114.07056284	48.5	110
-114	48.3464045823	110
-113.88047719	48	110
-113.985307678	47.5	110
-114	47.4744980466	110
-114.227838457	47	110
-114.5	46.6252255142	110
-114.575814575	46.5	110
-115	46.0040260553	110
-115.002992094	46	110
-115.477335256	45.5	110
-115.5	45.4778259136	110
-115.995828085	45	110
-116	44.9961190238	110
-116.5	44.5441559553	110
-116.553143233	44.5	110
-117	44.1059162617	110
-117.138564557	44	110
-117.5	43.6789856553	110
-117.75321345	43.5	110
-118	43.2867195308	110
-118.484429727	43	110
-118.5	42.9897639593	110
-119	42.774774611	110
-119.5	42.5236195624	110
-119.520014644	42.5	110
-120	42.0892332494	110
-120.163711488	42	110
-120.5	41.8011729419	110
-121	41.601164341	110
-121.5	41.5407140553	110
-122	41.5674887002	110
-122.5	41.6774947345	110
-123	41.9316963404	110
-123.064876042	42	110
-123.197654873	42.5	110
-123.265411586	43	110
-123.234334394	43.5	110
-123	43.9737680852	110
-122.990396053	44	110
-122.633558244	44.5	110
-122.5	44.6839587539	110
-122.262718767	45	110
-122	45.2816970944	110
-121.598581001	45.5	110
-121.5	45.6682219654	110
-121.179630011	46	110
-121.041965503	46.5	110
-121	46.5764269531	110
-120.734441012	47	110
-120.5	47.2787667513	110
-120.276043892	47.5	110
-120	47.7433974147	110
-119.647217706	48	110
-119.5	48.0969568491	110
-119	48.367228806	110
-118.666324437	48.5	110
-118.5	48.5628220439	110
-118	48.7226388156	110
-117.5	48.8497585058	110
-117	48.9483328462	110
-116.647685856	49	110
-116.5	49.0269334912	110
> 120 contour -Z120
-118	48.5221174359	120
-117.5	48.6784846038	120
-117	48.7994790375	120
-116.5	48.8813260496	120
-116	48.923828274	120
-115.5	48.9178102314	120
-115	48.8266384304	120
-114.5	48.5778914243	120
-114.403563023	48.5	120
-114.127465814	48	120
-114.179103673	47.5	120
-114.409788944	47	120
-114.5	46.8757767156	120
-114.727504373	46.5	120
-115	46.1813876331	120
-115.134803474	46	120
-115.5	45.6180801094	120
-115.608570576	45.5	120
-116	45.119882822	120
-116.12740019	45	120
-116.5	44.6626001	120
-116.695694923	44.5	120
-117	44.2316328287	120
-117.30303283	44	120
-117.5	43.8250606358	120
-117.959867712	43.5	120
-118	43.4653164521	120
-118.5	43.1371908486	120
-118.922449999	43	120
-119	42.9666027687	120
-119.5	42.6136674881	120
-119.596319079	42.5	120
-120	42.1545338035	120
-120.283514991	42	120
-120.5	41.8720055073	120
-121	41.636318922	120
-121.5	41.5625423193	120
-122	41.588408947	120
-122.5	41.7054141462	120
-123	41.9776703939	120
-123.021209061	42	120
-123.161575928	42.5	120
-123.233152896	43	120
-123.198020935	43.5	120
-123	43.9003509581	120
-122.963516772	44	120
-122.562974654	44.5	120
-122.5	44.5867392272	120
-122.189727128	45	120
-122	45.2034326643	120
-121.5	45.4863255024	120
-121.463017732	45.5	120
-121	45.9710364342	120
-120.953492314	46	120
-120.78512764	46.5	120
-120.5	46.9572779238	120
-120.469144404	47	120
-120	47.4636034667	120
-119.956961662	47.5	120
-119.5	47.8382740319	120
-119.231500119	48	120
-119	48.1270059049	120
-118.5	48.3591891229	120
-118.066063538	48.5	120
-118	48.5221174359	120
> 130 contour -Z130
-117.5	48.5072107315	130
-117	48.650625214	130
-116.5	48.7424448878	130
-116	48.7820607126	130
-115.5	48.7571263313	130
-115	48.6249848455	130
-114.767027482	48.5	130
-114.5	48.2126912177	130
-114.371606395	48	130
-114.37113069	47.5	130
-114.5	47.2144984603	130
-114.579085201	47	130
-114.879194178	46.5	130
-115	46.358749181	130
-115.266614854	46	130
-115.5	45.7559274882	130
-115.735316515	45.5	130
-116	45.2429658175	130
-116.258201256	45	130
-116.5	44.7810442299	130
-116.838246599	44.5	130
-117	44.3573493958	130
-117.467501104	44	130
-117.5	43.9711356144	130
-118	43.5891391039	130
-118.174121648	43.5	130
-118.5	43.2818458527	130
-119	43.083820492	130
-119.100323141	43	130
-119.5	42.703715384	130
-119.672623485	42.5	130
-120	42.2198343873	130
-120.403318487	42	130
-120.5	41.9428380728	130
-121	41.6714735031	130
-121.5	41.5843705535	130
-122	41.6093291938	130
-122.5	41.733333528	130
-122.974452615	42	130
-123	42.0644050241	130
-123.125496984	42.5	130
-123.200894207	43	130
-123.161707476	43.5	130
-123	43.826933831	130
-122.936637521	44	130
-122.5	44.4967038035	130
-122.495936811	44.5	130
-122.116735496	45	130
-122	45.125168249	130
-121.5	45.4429144263	130
-121.345613778	45.5	130
-121	45.8515992463	130
-120.761708349	46	130
-120.521900516	46.5	130
-120.5	46.5351232961	130
-120.164247677	47	130
-120	47.162307784	130
-119.600684166	47.5	130
-119.5	47.5745332539	130
-119	47.908282429	130
-118.821396202	48	130
-118.5	48.1648332626	130
-118	48.366371274	130
-117.522590946	48.5	130
-117.5	48.5072107315	130
> 140 contour -Z140
-117	48.5017714202	140
-116.5	48.6035637036	140
-116	48.6402931362	140
-115.5	48.5964424536	140
-115.193900526	48.5	140
-115	48.399210006	140
-114.619722128	48	140
-114.560075253	47.5	140
-114.735938072	47	140
-115	46.5539450943	140
-115.026933283	46.5	140
-115.398426235	46	140
-115.5	45.8937748894	140
-115.862062454	45.5	140
-116	45.3660488278	140
-116.389002323	45	140
-116.5	44.899488382	140
-116.980798285	44.5	140
-117	44.4830659758	140
-117.5	44.0758727789	140
-117.614090711	44	140
-118	43.6997610331	140
-118.390207112	43.5	140
-118.5	43.4265008792	140
-119	43.1853103638	140
-119.221794397	43	140
-119.5	42.7937632799	140
-119.748927891	42.5	140
-120	42.2851349562	140
-120.5	42.0060851574	140
-120.511302114	42	140
-121	41.7066280544	140
-121.5	41.6061987877	140
-122	41.6302494109	140
-122.5	41.7612529099	140
-122.924778461	42	140
-123	42.1896335781	140
-123.089418039	42.5	140
-123.168635517	43	140
-123.125394017	43.5	140
-123	43.7535167038	140
-122.90975824	44	140
-122.5	44.4661268592	140
-122.458245069	44.5	140
-122.04374386	45	140
-122	45.0469038337	140
-121.5	45.3995033801	140
-121.228209838	45.5	140
-121	45.7321620584	140
-120.569924362	46	140
-120.5	46.1422661692	140
-120.314202338	46.5	140
-120	46.8853455782	140
-119.89574185	47	140
-119.5	47.3546832204	140
-119.302412719	47.5	140
-119	47.713676855	140
-118.5	47.979634285	140
-118.452268809	48	140
-118	48.2161760479	140
-117.5	48.381374687	140
-117.006135457	48.5	140
-117	48.5017714202	140
> 150 contour -Z150
-118	48.0659808517	150
-117.5	48.2575356662	150
-117	48.3878434002	150
-116.5	48.4700746238	150
-116	48.49856323	150
-115.5	48.4260915816	150
-115	48.13411282	150
-114.872247353	48	150
-114.74273029	47.5	150
-114.892790958	47	150
-115	46.8189018667	150
-115.159218937	46.5	150
-115.5	46.0408840775	150
-115.525945008	46	150
-115.98880839	45.5	150
-116	45.489131825	150
-116.5	45.014734298	150
-116.515792966	45	150
-117	44.5785607696	150
-117.099443763	44.5	150
-117.5	44.1704300344	150
-117.756277516	44	150
-118	43.8103829175	150
-118.5	43.5391802788	150
-118.594866246	43.5	150
-119	43.2868002206	150
-119.343265638	43	150
-119.5	42.8838111907	150
-119.825232312	42.5	150
-120	42.3504355252	150
-120.5	42.037614584	150
-120.569862455	42	150
-121	41.7417826355	150
-121.5	41.6280270517	150
-122	41.6511696577	150
-122.5	41.7891723067	150
-122.875104338	42	150
-123	42.314862147	150
-123.053339098	42.5	150
-123.136376828	43	150
-123.089080565	43.5	150
-123	43.6800995916	150
-122.882878989	44	150
-122.5	44.4355499446	150
-122.420553297	44.5	150
-122	44.9826662838	150
-121.976712942	45	150
-121.5	45.356092304	150
-121.110805891	45.5	150
-121	45.612724863	150
-120.5	45.9510914385	150
-120.432855666	46	150
-120.111543417	46.5	150
-120	46.6367996335	150
-119.66973272	47	150
-119.5	47.1521227807	150
-119.026991192	47.5	150
-119	47.5190712642	150
-118.5	47.8455608785	150
-118.138040617	48	150
-118	48.0659808517	150
> 160 contour -Z160
-117.5	48.1336966455	160
-117	48.27433604	160
-116.5	48.3523970842	160
-116	48.3604187965	160
-115.5	48.2412281781	160
-115.137326211	48	160
-115	47.7262910604	160
-114.925385304	47.5	160
-115	47.218275398	160
-115.044939429	47	160
-115.291504577	46.5	160
-115.5	46.2191053927	160
-115.639044166	46	160
-116	45.6110962629	160
-116.09306863	45.5	160
-116.5	45.1120540798	160
-116.620105177	45	160
-117	44.6693510115	160
-117.214367777	44.5	160
-117.5	44.2649873197	160
-117.898464315	44	160
-118	43.9210048243	160
-118.5	43.6188310981	160
-118.787722766	43.5	160
-119	43.3882900774	160
-119.464736897	43	160
-119.5	42.9738590941	160
-119.901536733	42.5	160
-120	42.4157360941	160
-120.5	42.0691440105	160
-120.628422827	42	160
-121	41.7769372165	160
-121.5	41.6498552859	160
-122	41.6720899045	160
-122.5	41.8170917034	160
-122.825430185	42	160
-123	42.440090701	160
-123.017260155	42.5	160
-123.104118139	43	160
-123.052767105	43.5	160
-123	43.6066824645	160
-122.855999738	44	160
-122.5	44.4049730301	160
-122.382861555	44.5	160
-122	44.9394076765	160
-121.918597072	45	160
-121.5	45.3126812279	160
-121	45.4980328977	160
-120.994284689	45.5	160
-120.5	45.8741186559	160
-120.327183187	46	160
-120	46.4366010427	160
-119.947285712	46.5	160
-119.5	46.9693643451	160
-119.463702559	47	160
-119	47.3895419538	160
-118.818101108	47.5	160
-118.5	47.7114874423	160
-118	47.9411919415	160
-117.829086304	48	160
-117.5	48.1336966455	160
> 170 contour -Z170
-117.5	48.0098576546	170
-117	48.1608286649	170
-116.5	48.2347195745	170
-116	48.222274363	170
-115.5	48.0563647784	170
-115.415258542	48	170
-115.111234277	47.5	170
-115.186928451	47	170
-115.423790224	46.5	170
-115.5	46.397326678	170
-115.752143309	46	170
-116	45.7329523861	170
-116.195151091	45.5	170
-116.5	45.2093738616	170
-116.724417418	45	170
-117	44.7601412386	170
-117.329291806	44.5	170
-117.5	44.3595445901	170
-118	44.0200083554	170
-118.035110712	44	170
-118.5	43.6984818876	170
-118.980579276	43.5	170
-119	43.4897799334	170
-119.5	43.0325383246	170
-119.524493515	43	170
-119.977841144	42.5	170
-120	42.4810366686	170
-120.5	42.1006734371	170
-120.686983198	42	170
-121	41.8120917827	170
-121.5	41.6716835499	170
-122	41.6930101216	170
-122.5	41.8450110853	170
-122.775756061	42	170
-122.99600473	42.5	170
-123	42.5948640108	170
-123.071859457	43	170
-123.016453648	43.5	170
-123	43.5332653411	170
-122.829120457	44	170
-122.5	44.3743960857	170
-122.345169783	44.5	170
-122	44.8961490989	170
-121.860481173	45	170
-121.5	45.2692701817	170
-121	45.4630306363	170
-120.892588407	45.5	170
-120.5	45.7971458435	170
-120.221510708	46	170
-120	46.295589149	170
-119.830038697	46.5	170
-119.5	46.846329838	170
-119.317929953	47	170
-119	47.2670829892	170
-118.616439477	47.5	170
-118.5	47.5774140209	170
-118	47.8363085687	170
-117.524264015	48	170
-117.5	48.0098576546	170
> 180 contour -Z180
-117	48.0473212898	180
-116.5	48.1170420498	180
-116	48.0841299146	180
-115.766505778	48	180
-115.5	47.8027972877	180
-115.299289063	47.5	180
-115.328917488	47	180
-115.5	46.6301264763	180
-115.549670726	46.5	180
-115.865242451	46	180
-116	45.8548085093	180
-116.297233537	45.5	180
-116.5	45.3066936433	180
-116.828729674	45	180
-117	44.8509314656	180
-117.444215834	44.5	180
-117.5	44.4541018642	180
-118	44.089992255	180
-118.157918602	44	180
-118.5	43.7781327069	180
-119	43.5518244803	180
-119.044540942	43.5	180
-119.5	43.0783863366	180
-119.559006035	43	180
-120	42.5263060033	180
-120.028671145	42.5	180
-120.5	42.1322028637	180
-120.74554354	42	180
-121	41.8472463638	180
-121.5	41.6935117841	180
-122	41.7139303684	180
-122.5	41.872930482	180
-122.726081908	42	180
-122.988345116	42.5	180
-123	42.7767350674	180
-123.039600767	43	180
-123	43.3459003866	180
-122.993772686	43.5	180
-122.802241206	44	180
-122.5	44.3438191712	180
-122.30747804	44.5	180
-122	44.8528905213	180
-121.802365303	45	180
-121.5	45.2258591056	180
-121	45.4280284047	180
-120.790892124	45.5	180
-120.5	45.7201730311	180
-120.11583823	46	180
-120	46.1545772851	180
-119.712791651	46.5	180
-119.5	46.7232953459	180
-119.172157377	47	180
-119	47.1446240097	180
-118.5	47.4619553685	180
-118.419630319	47.5	180
-118	47.7314251959	180
-117.5	47.9132206142	180
-117.155873999	48	180
-117	48.0473212898	180
> 190 contour -Z190
-118	47.6265418231	190
-117.5	47.8189361095	190
-117	47.9415134192	190
-116.5	47.9993308485	190
-116	47.9300335646	190
-115.5	47.5190933906	190
-115.487343836	47.5	190
-115.470906505	47	190
-115.5	46.9371010363	190
-115.666846305	46.5	190
-115.978341591	46	190
-116	45.9766646344	190
-116.399316005	45.5	190
-116.5	45.4040134326	190
-116.933041908	45	190
-117	44.9417216964	190
-117.5	44.5361173153	190
-117.547885776	44.5	190
-118	44.1599761844	190
-118.280726522	44	190
-118.5	43.8577835113	190
-119	43.6094520688	190
-119.094069421	43.5	190
-119.5	43.1242343187	190
-119.593518555	43	190
-120	42.5633776486	190
-120.069075823	42.5	190
-120.5	42.1637322903	190
-120.804103911	42	190
-121	41.8824009374	190
-121.5	41.7153400183	190
-122	41.7348506153	190
-122.5	41.9008498713	190
-122.676407769	42	190
-122.980685472	42.5	190
-123	42.9586061276	190
-123.00734208	43	190
-123	43.0641307831	190
-122.982386142	43.5	190
-122.775361925	44	190
-122.5	44.3132422566	190
-122.269786268	44.5	190
-122	44.8096319437	190
-121.744249418	45	190
-121.5	45.1824480295	190
-121	45.3930261731	190
-120.689195827	45.5	190
-120.5	45.6432002336	190
-120.010165752	46	190
-120	46.0135654211	190
-119.595544629	46.5	190
-119.5	46.6002608389	190
-119.026384803	47	190
-119	47.0221650433	190
-118.5	47.3719301522	190
-118.22945118	47.5	190
-118	47.6265418231	190
> 200 contour -Z200
-118	47.5216584504	200
-117.5	47.7246516198	200
-117	47.8412105143	200
-116.5	47.8754151165	200
-116	47.7510914803	200
-115.699644655	47.5	200
-115.611847311	47	200
-115.784021884	46.5	200
-116	46.152449429	200
-116.082422674	46	200
-116.5	45.5016666651	200
-116.501231074	45.5	200
-117	45.0303042531	200
-117.030004144	45	200
-117.5	44.606302619	200
-117.640940189	44.5	200
-118	44.229960084	200
-118.403534435	44	200
-118.5	43.9374343231	200
-119	43.6670796573	200
-119.143597901	43.5	200
-119.5	43.1700823307	200
-119.628031045	43	200
-120	42.600449264	200
-120.10948053	42.5	200
-120.5	42.1952617466	200
-120.862664267	42	200
-121	41.917555511	200
-121.5	41.7371682823	200
-122	41.7557708472	200
-122.5	41.9287692606	200
-122.626733631	42	200
-122.973025829	42.5	200
-122.994248092	43	200
-122.970999569	43.5	200
-122.748482674	44	200
-122.5	44.2826653123	200
-122.232094511	44.5	200
-122	44.7663733661	200
-121.686133549	45	200
-121.5	45.1390369684	200
-121	45.3580239415	200
-120.587499529	45.5	200
-120.5	45.5662274286	200
-120	45.9493544996	200
-119.933380544	46	200
-119.5	46.4847393334	200
-119.482840478	46.5	200
-119	46.9320602417	200
-118.896339566	47	200
-118.5	47.2819049358	200
-118.03927204	47.5	200
-118	47.5216584504	200
> 210 contour -Z210
-117.5	47.63036713	210
-117	47.7409075946	210
-116.5	47.7514994144	210
-116	47.5721494108	210
-115.913694963	47.5	210
-115.752518013	47	210
-115.901197463	46.5	210
-116	46.3410076052	210
-116.184367776	46	210
-116.5	45.6233271062	210
-116.591094464	45.5	210
-117	45.114929527	210
-117.113791347	45	210
-117.5	44.6764879227	210
-117.733994633	44.5	210
-118	44.2999439985	210
-118.5	44.0123456419	210
-118.521486133	44	210
-119	43.7247072458	210
-119.19312641	43.5	210
-119.5	43.2159303129	210
-119.662543565	43	210
-120	42.6375209093	210
-120.149885207	42.5	210
-120.5	42.2267911732	210
-120.921224631	42	210
-121	41.9527100809	210
-121.5	41.7589965314	210
-122	41.7766910791	210
-122.5	41.95668865	210
-122.577059492	42	210
-122.965366215	42.5	210
-122.986801267	43	210
-122.959612995	43.5	210
-122.721603408	44	210
-122.5	44.2520883977	210
-122.194402754	44.5	210
-122	44.7231147736	210
-121.628017664	45	210
-121.5	45.0956258997	210
-121	45.3230216801	210
-120.5	45.4956581593	210
-120.490249515	45.5	210
-120	45.8933182657	210
-119.859670132	46	210
-119.5	46.4022936821	210
-119.390136302	46.5	210
-119	46.8491057456	210
-118.769770116	47	210
-118.5	47.1918797046	210
-118	47.4369577765	210
-117.817686796	47.5	210
-117.5	47.63036713	210
> 220 contour -Z220
-117.5	47.5360826254	220
-117	47.6406046897	220
-116.5	47.6275836825	220
-116.183472693	47.5	220
-116	47.2799572349	220
-115.893188708	47	220
-116	46.5855798423	220
-116.017649651	46.5	220
-116.286312893	46	220
-116.5	45.7449875474	220
-116.680957884	45.5	220
-117	45.1995548308	220
-117.197578549	45	220
-117.5	44.7466732264	220
-117.827049062	44.5	220
-118	44.369927913	220
-118.5	44.0699009001	220
-118.621654421	44	220
-119	43.7823348492	220
-119.24265489	43.5	220
-119.5	43.2617783099	220
-119.697056055	43	220
-120	42.6745925546	220
-120.190289915	42.5	220
-120.5	42.2583205849	220
-120.979784988	42	220
-121	41.9878646554	220
-121.5	41.7808247656	220
-122	41.797611326	220
-122.5	41.9846080383	220
-122.527385356	42	220
-122.957706571	42.5	220
-122.979354441	43	220
-122.948226422	43.5	220
-122.694724143	44	220
-122.5	44.2215114683	220
-122.156710997	44.5	220
-122	44.679856196	220
-121.569901779	45	220
-121.5	45.0522148311	220
-121	45.2880194485	220
-120.5	45.464556098	220
-120.420403451	45.5	220
-120	45.8372820318	220
-119.785959691	46	220
-119.5	46.3198480308	220
-119.297432095	46.5	220
-119	46.7661512196	220
-118.643200636	47	220
-118.5	47.1018544883	220
-118	47.357509464	220
-117.587928429	47.5	220
-117.5	47.5360826254	220
> 230 contour -Z230
-117	47.54030177	230
-116.5	47.5036679704	230
-116.49089999	47.5	230
-116.039335191	47	230
-116.130211592	46.5	230
-116.388257988	46	230
-116.5	45.8666480035	230
-116.770821288	45.5	230
-117	45.2841801047	230
-117.281365737	45	230
-117.5	44.8168585151	230
-117.920103483	44.5	230
-118	44.4399118237	230
-118.5	44.1274561882	230
-118.721822709	44	230
-119	43.8399624377	230
-119.292183369	43.5	230
-119.5	43.3076263219	230
-119.731568575	43	230
-120	42.71166417	230
-120.230694622	42.5	230
-120.5	42.2898500264	230
-121	42.0090358555	230
-121.033767581	42	230
-121.5	41.8026530147	230
-122	41.8185315579	230
-122.475408316	42	230
-122.5	42.0037894249	230
-122.950046957	42.5	230
-122.971907645	43	230
-122.936839879	43.5	230
-122.667844877	44	230
-122.5	44.1909345537	230
-122.119019248	44.5	230
-122	44.6365976036	230
-121.5117859	45	230
-121.5	45.0088037644	230
-121	45.2530172169	230
-120.5	45.4334540069	230
-120.350557387	45.5	230
-120	45.7812458277	230
-119.712249279	46	230
-119.5	46.2374023646	230
-119.204727918	46.5	230
-119	46.6831967235	230
-118.516631169	47	230
-118.5	47.0118292719	230
-118	47.2780611217	230
-117.5	47.4458442032	230
-117.197134808	47.5	230
-117	47.54030177	230
> 240 contour -Z240
-118	47.1986128092	240
-117.5	47.3581141531	240
-117	47.4308647811	240
-116.5	47.3260495663	240
-116.202755272	47	240
-116.242773533	46.5	240
-116.490203091	46	240
-116.5	45.9883084493	240
-116.860684708	45.5	240
-117	45.3688053787	240
-117.36515294	45	240
-117.5	44.8870438188	240
-118	44.5090042055	240
-118.012593091	44.5	240
-118.5	44.1850114763	240
-118.821990982	44	240
-119	43.8975900263	240
-119.341711849	43.5	240
-119.5	43.353474319	240
-119.76608108	43	240
-120	42.7487358153	240
-120.271099299	42.5	240
-120.5	42.3213794529	240
-121	42.0228352249	240
-121.085336834	42	240
-121.5	41.8244812638	240
-122	41.8394517899	240
-122.420601785	42	240
-122.5	42.0122347176	240
-122.942387313	42.5	240
-122.96446082	43	240
-122.925453305	43.5	240
-122.640965611	44	240
-122.5	44.1603576243	240
-122.081327491	44.5	240
-122	44.593339026	240
-121.5	44.9778068662	240
-121.443266243	45	240
-121	45.2180149853	240
-120.5	45.4023519456	240
-120.280711323	45.5	240
-120	45.7252095938	240
-119.638538852	46	240
-119.5	46.1549567133	240
-119.112023734	46.5	240
-119	46.6002422199	240
-118.5	46.9379774928	240
-118.371070117	47	240
-118	47.1986128092	240
> 250 contour -Z250
-118	47.1191644967	250
-117.5	47.2703841031	250
-117	47.315292567	250
-116.5	47.1467930675	250
-116.366175368	47	250
-116.355335489	46.5	250
-116.5	46.2064548135	250
-116.586631924	46	250
-116.950548112	45.5	250
-117	45.4534306563	250
-117.448940132	45	250
-117.5	44.9572291188	250
-118	44.5726830363	250
-118.10165298	44.5	250
-118.5	44.2425667644	250
-118.922159269	44	250
-119	43.9552176185	250
-119.391240329	43.5	250
-119.5	43.3993223086	250
-119.800593585	43	250
-120	42.7858074456	250
-120.311503991	42.5	250
-120.5	42.3529088795	250
-121	42.036634624	250
-121.136906058	42	250
-121.5	41.8463095129	250
-122	41.8603720367	250
-122.365795255	42	250
-122.5	42.0206800401	250
-122.934727699	42.5	250
-122.957013994	43	250
-122.914066732	43.5	250
-122.614086352	44	250
-122.5	44.1297806948	250
-122.043635733	44.5	250
-122	44.5500804447	250
-121.5	44.9499679804	250
-121.372099996	45	250
-121	45.1830127388	250
-120.5	45.3712498546	250
-120.210865274	45.5	250
-120	45.6691733748	250
-119.564828418	46	250
-119.5	46.072511062	250
-119.019319549	46.5	250
-119	46.5172877163	250
-118.5	46.8665724099	250
-118.222636104	47	250
-118	47.1191644967	250
> 260 contour -Z260
-118	47.0397161543	260
-117.5	47.1826540381	260
-117	47.1997203827	260
-116.54742834	47	260
-116.5	46.8058109879	260
-116.467897445	46.5	260
-116.5	46.4348592833	260
-116.682474256	46	260
-117	45.5597575307	260
-117.038838178	45.5	260
-117.5	45.0340820253	260
-117.532010674	45	260
-118	44.636361897	260
-118.190712839	44.5	260
-118.5	44.3001220375	260
-119	44.0115042925	260
-119.008356154	44	260
-119.440768812	43.5	260
-119.5	43.4451703094	260
-119.83510609	43	260
-120	42.8228790909	260
-120.351908684	42.5	260
-120.5	42.3844383135	260
-121	42.0504339933	260
-121.188475311	42	260
-121.5	41.868137762	260
-122	41.8812922686	260
-122.310988724	42	260
-122.5	42.0291253626	260
-122.927068055	42.5	260
-122.949567199	43	260
-122.902680188	43.5	260
-122.587207086	44	260
-122.5	44.0992037728	260
-122.005943974	44.5	260
-122	44.5068218606	260
-121.5	44.9221291244	260
-121.300933719	45	260
-121	45.1480105072	260
-120.5	45.3401477933	260
-120.14101921	45.5	260
-120	45.6131371483	260
-119.5	45.9929942787	260
-119.490714163	46	260
-119	46.4447160363	260
-118.919639409	46.5	260
-118.5	46.7951672971	260
-118.074202068	47	260
-118	47.0397161543	260
> 270 contour -Z270
-117.5	47.0949239731	270
-117	47.0841481835	270
-116.809317991	47	270
-116.590177506	46.5	270
-116.778316602	46	270
-117	45.692640841	270
-117.125202924	45.5	270
-117.5	45.1213374734	270
-117.613963068	45	270
-118	44.7000407279	270
-118.279772744	44.5	270
-118.5	44.3576773256	270
-119	44.0631161332	270
-119.045844436	44	270
-119.490297296	43.5	270
-119.5	43.4910183093	270
-119.869618595	43	270
-120	42.8599507213	270
-120.392313376	42.5	270
-120.5	42.4159677401	270
-121	42.0642333925	270
-121.240044564	42	270
-121.5	41.8899660036	270
-122	41.902212508	270
-122.256182224	42	270
-122.5	42.0375706851	270
-122.919408441	42.5	270
-122.942120373	43	270
-122.891293615	43.5	270
-122.56032782	44	270
-122.5	44.0686268508	270
-122	44.4870478809	270
-121.971933812	44.5	270
-121.5	44.8942902386	270
-121.229767472	45	270
-121	45.1130082607	270
-120.5	45.309045732	270
-120.071173154	45.5	270
-120	45.5571009256	270
-119.5	45.9348547161	270
-119.41365236	46	270
-119	46.3748778105	270
-118.818122774	46.5	270
-118.5	46.7237621993	270
-118	46.9591567814	270
-117.841950506	47	270
-117.5	47.0949239731	270
> 280 contour -Z280
-117.5	47.007193923	280
-117.384147078	47	280
-117	46.9460602105	280
-116.716335028	46.5	280
-116.874158949	46	280
-117	45.8255241513	280
-117.21156764	45.5	280
-117.5	45.2085929513	280
-117.69591549	45	280
-118	44.7637195736	280
-118.368832633	44.5	280
-118.5	44.4152325988	280
-119	44.1147279441	280
-119.083332717	44	280
-119.5	43.5337326527	280
-119.521256804	43.5	280
-119.904131107	43	280
-120	42.8970223591	280
-120.432718076	42.5	280
-120.5	42.4474971704	280
-121	42.0780327618	280
-121.291613832	42	280
-121.5	41.9117942452	280
-122	41.9231327474	280
-122.201375678	42	280
-122.5	42.0460160077	280
-122.911748797	42.5	280
-122.934673548	43	280
-122.879907042	43.5	280
-122.533448558	44	280
-122.5	44.0380499251	280
-122	44.4716707766	280
-121.938612908	44.5	280
-121.5	44.8664513826	280
-121.15860121	45	280
-121	45.0780060291	280
-120.5	45.2779436409	280
-120.001327092	45.5	280
-120	45.5010647019	280
-119.5	45.8767151833	280
-119.336590558	46	280
-119	46.3050395548	280
-118.716606125	46.5	280
-118.5	46.6523571014	280
-118	46.877486825	280
-117.525915131	47	280
-117.5	47.007193923	280
> 290 contour -Z290
-118.5	46.5809519887	290
-118	46.7958168685	290
-117.5	46.8947054744	290
-117	46.7476788461	290
-116.842492536	46.5	290
-116.970001299	46	290
-117	45.9584074616	290
-117.297932386	45.5	290
-117.5	45.2958483845	290
-117.777867898	45	290
-118	44.8273984194	290
-118.457892515	44.5	290
-118.5	44.4727878813	290
-119	44.1663397849	290
-119.120820999	44	290
-119.5	43.5756835341	290
-119.547692418	43.5	290
-119.938643612	43	290
-120	42.9340939894	290
-120.473122766	42.5	290
-120.5	42.4790265989	290
-121	42.0918321609	290
-121.343183085	42	290
-121.5	41.9336224943	290
-122	41.9440529831	290
-122.146569163	42	290
-122.5	42.0544613302	290
-122.904089183	42.5	290
-122.927226752	43	290
-122.868520498	43.5	290
-122.506569293	44	290
-122.5	44.0074730013	290
-122	44.4562937021	290
-121.905292004	44.5	290
-121.5	44.8386124969	290
-121.087434947	45	290
-121	45.0430037864	290
-120.5	45.2468415797	290
-120	45.4651653469	290
-119.924077123	45.5	290
-119.5	45.8185756505	290
-119.259528786	46	290
-119	46.2352012992	290
-118.615089476	46.5	290
-118.5	46.5809519887	290
> 300 contour -Z300
-118.5	46.5095469058	300
-118	46.7141468823	300
-117.5	46.7800054848	300
-117	46.5492974818	300
-116.968650043	46.5	300
-117	46.3671838343	300
-117.072555572	46	300
-117.384297132	45.5	300
-117.5	45.3831038401	300
-117.859820306	45	300
-118	44.8910772651	300
-118.5	44.5366850197	300
-118.543992013	44.5	300
-119	44.2179516256	300
-119.158309281	44	300
-119.5	43.6176344156	300
-119.574128002	43.5	300
-119.973156121	43	300
-120	42.9711656254	300
-120.5	42.5067760944	300
-120.505789667	42.5	300
-121	42.1056315303	300
-121.394752331	42	300
-121.5	41.9554507397	300
-122	41.9649732225	300
-122.091762632	42	300
-122.5	42.0629066527	300
-122.896429539	42.5	300
-122.919779927	43	300
-122.857133925	43.5	300
-122.5	43.9882378876	300
-122.487162411	44	300
-122	44.4409165978	300
-121.87197113	44.5	300
-121.5	44.8107736409	300
-121.016268684	45	300
-121	45.0080015492	300
-120.5	45.2157395035	300
-120	45.4296559989	300
-119.846683741	45.5	300
-119.5	45.7604361176	300
-119.182466984	46	300
-119	46.1653630584	300
-118.513572833	46.5	300
-118.5	46.5095469058	300
> 310 contour -Z310
-118	46.6324769258	310
-117.5	46.6653054953	310
-117.171364397	46.5	310
-117.17816785	46	310
-117.470661871	45.5	310
-117.5	45.4703592956	310
-117.941772722	45	310
-118	44.9547561109	310
-118.5	44.6062695682	310
-118.627436578	44.5	310
-119	44.2695634514	310
-119.195797592	44	310
-119.5	43.6595853269	310
-119.600563586	43.5	310
-120	43.0072462261	310
-120.004709244	43	310
-120.5	42.5270154178	310
-120.523082644	42.5	310
-121	42.1194309294	310
-121.446321584	42	310
-121.5	41.9772789851	310
-122	41.98589346	310
-122.036956105	42	310
-122.5	42.0713519454	310
-122.888769895	42.5	310
-122.912333101	43	310
-122.845747352	43.5	310
-122.5	43.97267133	310
-122.470172495	44	310
-122	44.4255394936	310
-121.838650227	44.5	310
-121.5	44.7829347551	310
-121	44.9802581966	310
-120.94250071	45	310
-120.5	45.1846374273	310
-120	45.3941466212	310
-119.769290358	45.5	310
-119.5	45.7022965848	310
-119.105405189	46	310
-119	46.0955248177	310
-118.5	46.4271123111	310
-118.325932443	46.5	310
-118	46.6324769258	310
> 320 contour -Z320
-118	46.5508069694	320
-117.5	46.5506054945	320
-117.399393737	46.5	320
-117.283780098	46	320
-117.5	45.6219345331	320
-117.564616174	45.5	320
-118	45.0305469036	320
-118.029255331	45	320
-118.5	44.6758541465	320
-118.710881144	44.5	320
-119	44.3211752772	320
-119.233285874	44	320
-119.5	43.7015362084	320
-119.62699917	43.5	320
-120	43.039857775	320
-120.025903046	43	320
-120.5	42.5472547412	320
-120.54037559	42.5	320
-121	42.1332302988	320
-121.497890835	42	320
-121.5	41.9991072322	320
-121.555782631	42	320
-122	42.001863271	320
-122.5	42.0797972679	320
-122.881110281	42.5	320
-122.904886305	43	320
-122.834360778	43.5	320
-122.5	43.9571047425	320
-122.453182548	44	320
-122	44.4101624191	320
-121.805329323	44.5	320
-121.5	44.7550958991	320
-121	44.9546659887	320
-120.867961705	45	320
-120.5	45.1535353512	320
-120	45.3586372733	320
-119.69189699	45.5	320
-119.5	45.644157052	320
-119.028343398	46	320
-119	46.0256865695	320
-118.5	46.3429754674	320
-118.125000149	46.5	320
-118	46.5508069694	320
> 330 contour -Z330
-118.5	46.2588386238	330
-118	46.4511113763	330
-117.5	46.3260378838	330
-117.389392361	46	330
-117.5	45.8066000044	330
-117.66247502	45.5	330
-118	45.1360633075	330
-118.130310327	45	330
-118.5	44.7454387248	330
-118.794325724	44.5	330
-119	44.3727871031	330
-119.270774141	44	330
-119.5	43.7434870899	330
-119.653434753	43.5	330
-120	43.0724692941	330
-120.047096848	43	330
-120.5	42.5674940348	330
-120.557668567	42.5	330
-121	42.1470296979	330
-121.5	42.0067014694	330
-122	42.0075841248	330
-122.5	42.0882425904	330
-122.873450637	42.5	330
-122.89743948	43	330
-122.822974235	43.5	330
-122.5	43.9415381551	330
-122.436192632	44	330
-122	44.3947853148	330
-121.772008449	44.5	330
-121.5	44.7272570282	330
-121	44.9290737808	330
-120.793422699	45	330
-120.5	45.1224332824	330
-120	45.3231279254	330
-119.614503607	45.5	330
-119.5	45.5860175192	330
-119	45.9456060231	330
-118.914765805	46	330
-118.5	46.2588386238	330
> 340 contour -Z340
-118.5	46.1747017801	340
-118	46.321741879	340
-117.5	46.0147248553	340
-117.495004625	46	340
-117.5	45.991265472	340
-117.760333896	45.5	340
-118	45.2415797412	340
-118.231365353	45	340
-118.5	44.8150232881	340
-118.877770305	44.5	340
-119	44.4243989363	340
-119.308262438	44	340
-119.5	43.7854379863	340
-119.679870337	43.5	340
-120	43.105080843	340
-120.068290651	43	340
-120.5	42.5877333581	340
-120.574961513	42.5	340
-121	42.1608290672	340
-121.5	42.0136887133	340
-122	42.0133050084	340
-122.5	42.0966879129	340
-122.865791023	42.5	340
-122.889992684	43	340
-122.811587662	43.5	340
-122.5	43.9259715974	340
-122.419202715	44	340
-122	44.3794082403	340
-121.738687545	44.5	340
-121.5	44.6994181573	340
-121	44.9034815729	340
-120.718883693	45	340
-120.5	45.0913312063	340
-120	45.2876185775	340
-119.537110228	45.5	340
-119.5	45.5278779846	340
-119	45.8595667183	340
-118.779944032	46	340
-118.5	46.1747017801	340
> 350 contour -Z350
-118.5	46.0905649662	350
-118	46.1923723817	350
-117.695249557	46	350
-117.858192757	45.5	350
-118	45.347096175	350
-118.332420379	45	350
-118.5	44.8846078515	350
-118.961214878	44.5	350
-119	44.4760107677	350
-119.345750719	44	350
-119.5	43.8273888826	350
-119.706305921	43.5	350
-120	43.1376923919	350
-120.089484453	43	350
-120.5	42.6079726517	350
-120.59225449	42.5	350
-121	42.1746284664	350
-121.5	42.0206759572	350
-122	42.0190258622	350
-122.5	42.1051332355	350
-122.858131379	42.5	350
-122.882545859	43	350
-122.800201088	43.5	350
-122.5	43.91040501	350
-122.402212769	44	350
-122	44.364031136	350
-121.705366656	44.5	350
-121.5	44.6715792865	350
-121	44.877889365	350
-120.644344702	45	350
-120.5	45.0602291338	350
-120	45.2521092296	350
-119.5	45.468680501	350
-119.429654688	45.5	350
-119	45.7735274136	350
-118.64512226	46	350
-118.5	46.0905649662	350
> 360 contour -Z360
-118.5	46.0064281225	360
-118	46.0630028844	360
-117.90019276	46	360
-117.956051614	45.5	360
-118	45.4526126012	360
-118.433475398	45	360
-118.5	44.9541924223	360
-119	44.5585441887	360
-119.026750863	44.5	360
-119.383239001	44	360
-119.5	43.869339779	360
-119.732741505	43.5	360
-120	43.170303911	360
-120.110678256	43	360
-120.5	42.6282119751	360
-120.609547436	42.5	360
-121	42.1884278357	360
-121.5	42.0276632011	360
-122	42.0247467458	360
-122.5	42.113578558	360
-122.850471765	42.5	360
-122.875099033	43	360
-122.788814545	43.5	360
-122.5	43.8948384523	360
-122.385222852	44	360
-122	44.3486540616	360
-121.672045752	44.5	360
-121.5	44.6437404156	360
-121	44.852297157	360
-120.569805697	45	360
-120.5	45.0291270614	360
-120	45.2165998816	360
-119.5	45.40850842	360
-119.294504821	45.5	360
-119	45.6874881238	360
-118.510300485	46	360
-118.5	46.0064281225	360
> 370 contour -Z370
-119	45.6014488041	370
-118.5	45.8331950009	370
-118.114972055	45.5	370
-118.5	45.0781348348	370
-118.550586164	45	370
-119	44.6679318547	370
-119.076733857	44.5	370
-119.42072729	44	370
-119.5	43.9112906605	370
-119.759177104	43.5	370
-120	43.2029154599	370
-120.131872088	43	370
-120.5	42.6484512985	370
-120.626840413	42.5	370
-121	42.2022272348	370
-121.5	42.0346504152	370
-122	42.0304675996	370
-122.5	42.1220238805	370
-122.842812121	42.5	370
-122.867652237	43	370
-122.777427971	43.5	370
-122.5	43.8792718649	370
-122.368232936	44	370
-122	44.3332769573	370
-121.638724864	44.5	370
-121.5	44.6159015521	370
-121	44.8267049491	370
-120.5	44.9982837141	370
-120.493850738	45	370
-120	45.1810905337	370
-119.5	45.348336339	370
-119.159354985	45.5	370
-119	45.6014488041	370
> 380 contour -Z380
-119	45.5154094994	380
-118.5	45.6525917649	380
-118.323670536	45.5	380
-118.5	45.3068003654	380
-118.698629081	45	380
-119	44.7773195505	380
-119.126716882	44.5	380
-119.458215572	44	380
-119.5	43.9532415532	380
-119.785612687	43.5	380
-120	43.235526979	380
-120.15306589	43	380
-120.5	42.6686905921	380
-120.644133359	42.5	380
-121	42.2160266042	380
-121.5	42.0416376591	380
-122	42.0361884832	380
-122.5	42.1304691732	380
-122.835152507	42.5	380
-122.860205412	43	380
-122.766041398	43.5	380
-122.5	43.8637052774	380
-122.351242989	44	380
-122	44.317899853	380
-121.605403967	44.5	380
-121.5	44.5880626813	380
-121	44.8011127412	380
-120.5	44.9712558091	380
-120.397013426	45	380
-120	45.1455811858	380
-119.5	45.2881642282	380
-119.024205137	45.5	380
-119	45.5154094994	380
> 390 contour -Z390
-120	45.1100718379	390
-119.5	45.2279921472	390
-119	45.2789235413	390
-118.846672013	45	390
-119	44.8867072314	390
-119.176699877	44.5	390
-119.495703857	44	390
-119.5	43.9951924444	390
-119.812048286	43.5	390
-120	43.2681385279	390
-120.174259692	43	390
-120.5	42.6889299154	390
-120.661426336	42.5	390
-121	42.2298260033	390
-121.5	42.048624903	390
-122	42.0419093668	390
-122.5	42.1389144957	390
-122.827492863	42.5	390
-122.852758586	43	390
-122.754654855	43.5	390
-122.5	43.8481387198	390
-122.334253073	44	390
-122	44.3025227785	390
-121.572083071	44.5	390
-121.5	44.5602238141	390
-121	44.7755205631	390
-120.5	44.9442279041	390
-120.300176144	45	390
-120	45.1100718379	390
> 400 contour -Z400
-120	45.07456249	400
-119.5	45.1678200513	400
-119	45.0096141994	400
-118.994714947	45	400
-119	44.9960949183	400
-119.226682872	44.5	400
-119.5	44.0696770549	400
-119.528565735	44	400
-119.83848387	43.5	400
-120	43.3007500619	400
-120.195453495	43	400
-120.5	42.709169209	400
-120.678719282	42.5	400
-121	42.2436253726	400
-121.5	42.0556121469	400
-122	42.0476302207	400
-122.5	42.1473598182	400
-122.819833249	42.5	400
-122.845311791	43	400
-122.743268281	43.5	400
-122.5	43.8325721323	400
-122.317263126	44	400
-122	44.2871456742	400
-121.538762182	44.5	400
-121.5	44.5323849432	400
-121	44.7499283403	400
-120.5	44.9171999991	400
-120.203338832	45	400
-120	45.07456249	400
> 410 contour -Z410
-120	45.0390531421	410
-119.5	45.1076479629	410
-119.175117105	45	410
-119.276665896	44.5	410
-119.5	44.1483725905	410
-119.560828775	44	410
-119.864919454	43.5	410
-120	43.3333615959	410
-120.216647297	43	410
-120.5	42.7294085324	410
-120.696012229	42.5	410
-121	42.2574247718	410
-121.5	42.0625993907	410
-122	42.0533511043	410
-122.5	42.1558051407	410
-122.812173605	42.5	410
-122.837864965	43	410
-122.731881708	43.5	410
-122.5	43.8170055747	410
-122.30027321	44	410
-122	44.2717685997	410
-121.505441287	44.5	410
-121.5	44.5045460751	410
-121	44.7243361324	410
-120.5	44.8901720941	410
-120.106501527	45	410
-120	45.0390531421	410
> 420 contour -Z420
-120	45.0035437942	420
-119.5	45.047475867	420
-119.356717229	45	420
-119.326648906	44.5	420
-119.5	44.2270680964	420
-119.593091846	44	420
-119.891355045	43.5	420
-120	43.3659731299	420
-120.2378411	43	420
-120.5	42.7496478558	420
-120.713305205	42.5	420
-121	42.271224156	420
-121.5	42.0695866346	420
-122	42.0590719581	420
-122.5	42.1642504632	420
-122.804513961	42.5	420
-122.83041814	43	420
-122.720495149	43.5	420
-122.5	43.8014389873	420
-122.283283293	44	420
-122	44.2563914955	420
-121.5	44.489051193	420
-121.451368749	44.5	420
-121	44.6987439245	420
-120.5	44.8631441891	420
-120.009664225	45	420
-120	45.0035437942	420
> 430 contour -Z430
-121	44.6731517315	430
-120.5	44.8361162841	430
-120	44.9618374407	430
-119.5	44.9606228471	430
-119.376631908	44.5	430
-119.5	44.305763647	430
-119.625354886	44	430
-119.917790629	43.5	430
-120	43.3985846713	430
-120.259034917	43	430
-120.5	42.7698871493	430
-120.730598152	42.5	430
-121	42.2850235403	430
-121.5	42.0765738785	430
-122	42.0647928417	430
-122.5	42.1726957858	430
-122.796854347	42.5	430
-122.822971344	43	430
-122.709108591	43.5	430
-122.5	43.7858723998	430
-122.266293347	44	430
-122	44.2410144061	430
-121.5	44.4759655297	430
-121.393246114	44.5	430
-121	44.6731517315	430
> 440 contour -Z440
-121	44.6475595236	440
-120.5	44.8090884089	440
-120	44.9194440842	440
-119.5	44.7739998996	440
-119.426614918	44.5	440
-119.5	44.3844591677	440
-119.657617956	44	440
-119.94422622	43.5	440
-120	43.4311962053	440
-120.280228734	43	440
-120.5	42.7901264727	440
-120.747891128	42.5	440
-121	42.2988229245	440
-121.5	42.0835611224	440
-122	42.0705136955	440
-122.5	42.1811411083	440
-122.789194703	42.5	440
-122.815524518	43	440
-122.697722018	43.5	440
-122.5	43.7703058422	440
-122.24930343	44	440
-122	44.2256373167	440
-121.5	44.4628798366	440
-121.335123479	44.5	440
-121	44.6475595236	440
> 450 contour -Z450
-121	44.6219673157	450
-120.5	44.782060504	450
-120	44.8770506978	450
-119.5	44.587376982	450
-119.476597922	44.5	450
-119.5	44.4631546997	450
-119.689880997	44	450
-119.970661806	43.5	450
-120	43.463807743	450
-120.301422536	43	450
-120.5	42.8103657812	450
-120.76518409	42.5	450
-121	42.3126223087	450
-121.5	42.0905483663	450
-122	42.0762345791	450
-122.5	42.189586401	450
-122.781535089	42.5	450
-122.808077693	43	450
-122.686335459	43.5	450
-122.5	43.7547392547	450
-122.232313499	44	450
-122	44.2102602273	450
-121.5	44.4497941434	450
-121.277000844	44.5	450
-121	44.6219673157	450
> 460 contour -Z460
-121	44.5963751078	460
-120.5	44.755032599	460
-120	44.8346573412	460
-119.531557441	44.5	460
-119.722144067	44	460
-119.997097394	43.5	460
-120	43.4964192796	460
-120.322616339	43	460
-120.5	42.8306050897	460
-120.782477051	42.5	460
-121	42.326421693	460
-121.5	42.0975356102	460
-122	42.0819554329	460
-122.5	42.1980317235	460
-122.773875445	42.5	460
-122.800630897	43	460
-122.674948886	43.5	460
-122.5	43.7391726822	460
-122.215323582	44	460
-122	44.1948831379	460
-121.5	44.4367084801	460
-121.218878195	44.5	460
-121	44.5963751078	460
> 470 contour -Z470
-121	44.5707828999	470
-120.5	44.728004694	470
-120	44.7922639847	470
-119.590898305	44.5	470
-119.754407123	44	470
-120	43.5523499548	470
-120.018636078	43.5	470
-120.343810156	43	470
-120.5	42.8508443981	470
-120.799770012	42.5	470
-121	42.3402210772	470
-121.5	42.1045228541	470
-122	42.0876763165	470
-122.5	42.206477046	470
-122.766215831	42.5	470
-122.793184072	43	470
-122.663562328	43.5	470
-122.5	43.7236061096	470
-122.198333651	44	470
-122	44.1795060486	470
-121.5	44.423622787	470
-121.160755545	44.5	470
-121	44.5707828999	470
> 480 contour -Z480
-121	44.5451906919	480
-120.5	44.700976789	480
-120	44.7498706281	480
-119.65023914	44.5	480
-119.786670178	44	480
-120	43.6111568809	480
-120.039570779	43.5	480
-120.365003958	43	480
-120.5	42.8710837066	480
-120.817062974	42.5	480
-121	42.3540204614	480
-121.5	42.1115100682	480
-122	42.0933972001	480
-122.5	42.2149223685	480
-122.758556187	42.5	480
-122.785737246	43	480
-122.652175769	43.5	480
-122.5	43.7080395371	480
-122.181343719	44	480
-122	44.1641289592	480
-121.5	44.4105370939	480
-121.102632903	44.5	480
-121	44.5451906919	480
> 490 contour -Z490
-121	44.519598484	490
-120.5	44.673948884	490
-120	44.7074772567	490
-119.709580004	44.5	490
-119.818933234	44	490
-120	43.6699637771	490
-120.06050548	43.5	490
-120.386197768	43	490
-120.5	42.8913230225	490
-120.834355935	42.5	490
-121	42.3678198457	490
-121.5	42.1184973121	490
-122	42.0991180539	490
-122.5	42.223367691	490
-122.750896573	42.5	490
-122.778290451	43	490
-122.640789196	43.5	490
-122.5	43.6924729496	490
-122.164353803	44	490
-122	44.1487518698	490
-121.5	44.3974514306	490
-121.04451026	44.5	490
-121	44.519598484	490
> 500 contour -Z500
-120.5	44.646920979	500
-120	44.6650839001	500
-119.768920869	44.5	500
-119.851196304	44	500
-120	43.7287707031	500
-120.081440151	43.5	500
-120.407391571	43	500
-120.5	42.9115623385	500
-120.851648897	42.5	500
-121	42.3816192374	500
-121.5	42.125484556	500
-122	42.1048389375	500
-122.5	42.2318130136	500
-122.743236929	42.5	500
-122.770843625	43	500
-122.629402637	43.5	500
-122.5	43.6769063771	500
-122.147363871	44	500
-122	44.1333747804	500
-121.5	44.3843657374	500
-121	44.4961979091	500
-120.979347736	44.5	500
-120.5	44.646920979	500
> 510 contour -Z510
-120.5	44.6198931038	510
-120	44.6226905435	510
-119.828261733	44.5	510
-119.883459352	44	510
-120	43.7875776142	510
-120.102374852	43.5	510
-120.42858538	43	510
-120.5	42.9318016469	510
-120.868941858	42.5	510
-121	42.3954186216	510
-121.5	42.1324717999	510
-122	42.1105597913	510
-122.5	42.2402583361	510
-122.7355773	42.5	510
-122.7633968	43	510
-122.618016072	43.5	510
-122.5	43.6613398045	510
-122.13037394	44	510
-122	44.1179976836	510
-121.5	44.3712800443	510
-121	44.4799636304	510
-120.891165882	44.5	510
-120.5	44.6198931038	510
> 520 contour -Z520
-120.5	44.5928651989	520
-120	44.5802971795	520
-119.887602597	44.5	520
-119.915722415	44	520
-120	43.8463845253	520
-120.123309553	43.5	520
-120.449779186	43	520
-120.5	42.9520409591	520
-120.88623482	42.5	520
-121	42.4092180058	520
-121.5	42.1394590437	520
-122	42.1162806749	520
-122.5	42.2487036288	520
-122.727917671	42.5	520
-122.755950004	43	520
-122.606629506	43.5	520
-122.5	43.645773232	520
-122.113384016	44	520
-122	44.1026205942	520
-121.5	44.358194381	520
-121	44.463729322	520
-120.802984059	44.5	520
-120.5	44.5928651989	520
> 530 contour -Z530
-120.5	44.5658372939	530
-120	44.5379038155	530
-119.946943462	44.5	530
-119.94798547	44	530
-120	43.9051914364	530
-120.144244254	43.5	530
-120.470972996	43	530
-120.5	42.9722802714	530
-120.903527781	42.5	530
-121	42.4230173901	530
-121.5	42.1464462876	530
-122	42.1220015287	530
-122.5	42.2571489513	530
-122.720258042	42.5	530
-122.748503178	43	530
-122.59524294	43.5	530
-122.5	43.6302066594	530
-122.096394092	44	530
-122	44.0872434974	530
-121.5	44.3451086879	530
-121	44.4474950433	530
-120.714802206	44.5	530
-120.5	44.5658372939	530
> 540 contour -Z540
-120.5	44.5388093889	540
-120.0343436	44.5	540
-120	44.4262625873	540
-119.980248526	44	540
-120	43.963998355	540
-120.165178925	43.5	540
-120.492166803	43	540
-120.5	42.9925195831	540
-120.920820743	42.5	540
-121	42.4368167743	540
-121.5	42.1534335315	540
-122	42.1277224123	540
-122.5	42.2655942738	540
-122.712598413	42.5	540
-122.741056368	43	540
-122.583856374	43.5	540
-122.5	43.6146400794	540
-122.07940416	44	540
-122	44.071866408	540
-121.5	44.3320229948	540
-121	44.4312607348	540
-120.626620382	44.5	540
-120.5	44.5388093889	540
> 550 contour -Z550
-120.5	44.5117814839	550
-120.35863924	44.5	550
-120.012572914	44	550
-120.186113626	43.5	550
-120.5	43.0201741457	550
-120.507201642	43	550
-120.938113701	42.5	550
-121	42.4506161585	550
-121.5	42.1604207754	550
-122	42.1334432662	550
-122.5	42.2740395963	550
-122.704938784	42.5	550
-122.733609557	43	550
-122.572469808	43.5	550
-122.5	43.5990734994	550
-122.062414236	44	550
-122	44.0564893186	550
-121.5	44.3189373314	550
-121	44.4150264561	550
-120.53843854	44.5	550
-120.5	44.5117814839	550
> 560 contour -Z560
-122	44.0411122143	560
-121.5	44.3058516383	560
-121	44.3987921476	560
-120.5	44.4806792736	560
-120.044994146	44	560
-120.207048327	43.5	560
-120.5	43.0521762073	560
-120.518625498	43	560
-120.955406662	42.5	560
-121	42.4644155428	560
-121.5	42.1674080193	560
-122	42.1391641498	560
-122.5	42.2824849188	560
-122.697279155	42.5	560
-122.726162732	43	560
-122.561083246	43.5	560
-122.5	43.5835069269	560
-122.045424309	44	560
-122	44.0411122143	560
> 570 contour -Z570
-122	44.0257351398	570
-121.5	44.2927659452	570
-121	44.382557869	570
-120.5	44.4464287162	570
-120.077415377	44	570
-120.227983028	43.5	570
-120.5	43.0841782391	570
-120.530049384	43	570
-120.972699624	42.5	570
-121	42.4782149289	570
-121.5	42.1743952632	570
-122	42.1448850036	570
-122.5	42.2909302264	570
-122.689619511	42.5	570
-122.718715921	43	570
-122.549696684	43.5	570
-122.5	43.5679403469	570
-122.028434381	44	570
-122	44.0257351398	570
> 580 contour -Z580
-122	44.0103580356	580
-121.5	44.2796802819	580
-121	44.3663235605	580
-120.5	44.412178129	580
-120.109836578	44	580
-120.248917699	43.5	580
-120.5	43.1161803007	580
-120.54147324	43	580
-120.989992585	42.5	580
-121	42.4920143131	580
-121.5	42.1813824773	580
-122	42.1506058872	580
-122.5	42.299375549	580
-122.681959882	42.5	580
-122.71126911	43	580
-122.538310118	43.5	580
-122.5	43.5523737743	580
-122.011444454	44	580
-122	44.0103580356	580
> 590 contour -Z590
-121.5	44.2665945888	590
-121	44.3500892818	590
-120.5	44.3779275715	590
-120.14225781	44	590
-120.2698524	43.5	590
-120.5	43.1481823325	590
-120.552897125	43	590
-121	42.5053249896	590
-121.004678935	42.5	590
-121.5	42.1883697212	590
-122	42.1563267708	590
-122.5	42.3078208715	590
-122.674300253	42.5	590
-122.703822285	43	590
-122.526923554	43.5	590
-122.5	43.5368071981	590
-122	43.9969076812	590
-121.992115766	44	590
-121.5	44.2665945888	590
> 600 contour -Z600
-121.5	44.2535089105	600
-121	44.3338550031	600
-120.5	44.3436770141	600
-120.174679041	44	600
-120.290787101	43.5	600
-120.5	43.1801843941	600
-120.564320982	43	600
-121	42.5179643631	600
-121.0157848	42.5	600
-121.5	42.1953569651	600
-122	42.1620476246	600
-122.5	42.3162661791	600
-122.666640624	42.5	600
-122.696375474	43	600
-122.515536989	43.5	600
-122.5	43.5212406237	600
-122	43.9874335825	600
-121.967960477	44	600
-121.5	44.2535089105	600
> 610 contour -Z610
-121.5	44.2404232323	610
-121	44.3176206946	610
-120.5	44.3094264269	610
-120.207100242	44	610
-120.311721787	43.5	610
-120.5	43.2121864557	610
-120.575744867	43	610
-121	42.5306037366	610
-121.026890665	42.5	610
-121.5	42.202344209	610
-122	42.1677685082	610
-122.5	42.3247115016	610
-122.658980995	42.5	610
-122.688928664	43	610
-122.504150425	43.5	610
-122.5	43.5056740474	610
-122	43.9779594839	610
-121.943805188	44	610
-121.5	44.2404232323	610
> 620 contour -Z620
-121.5	44.2273375392	620
-121	44.301386416	620
-120.5	44.2751758695	620
-120.239521474	44	620
-120.332656488	43.5	620
-120.5	43.2441884875	620
-120.587168723	43	620
-121	42.54324314	620
-121.03799656	42.5	620
-121.5	42.2093314528	620
-122	42.173489362	620
-122.5	42.3331568241	620
-122.651321366	42.5	620
-122.681481853	43	620
-122.5	43.4872930348	620
-122.493655741	43.5	620
-122	43.9684853852	620
-121.919649869	44	620
-121.5	44.2273375392	620
> 630 contour -Z630
-121.5	44.2142518759	630
-121	44.2851521075	630
-120.5	44.2409252971	630
-120.271942705	44	630
-120.353591174	43.5	630
-120.5	43.2761905491	630
-120.598592609	43	630
-121	42.5558825135	630
-121.049102426	42.5	630
-121.5	42.2163186967	630
-122	42.1792102456	630
-122.5	42.3416021466	630
-122.643661737	42.5	630
-122.674035028	43	630
-122.5	43.4672977626	630
-122.483672649	43.5	630
-122	43.9590112865	630
-121.89549458	44	630
-121.5	44.2142518759	630
> 640 contour -Z640
-121.5	44.2011661828	640
-121	44.2689178288	640
-120.5	44.2066747248	640
-120.304363921	44	640
-120.374525875	43.5	640
-120.5	43.3081925958	640
-120.610016465	43	640
-121	42.5685218871	640
-121.060208321	42.5	640
-121.5	42.2233059406	640
-122	42.1849310994	640
-122.5	42.3500474542	640
-122.636002108	42.5	640
-122.666588217	43	640
-122.5	43.4473024607	640
-122.473689526	43.5	640
-122	43.9495372176	640
-121.871339291	44	640
-121.5	44.2011661828	640
> 650 contour -Z650
-121.5	44.1880804896	650
-121	44.2526835203	650
-120.5	44.1724241525	650
-120.336785153	44	650
-120.395460568	43.5	650
-120.5	43.3401946425	650
-120.621440351	43	650
-121	42.5811612606	650
-121.071314186	42.5	650
-121.5	42.2302931845	650
-122	42.190651983	650
-122.5	42.3584927768	650
-122.628342479	42.5	650
-122.659141406	43	650
-122.5	43.4273071885	650
-122.463706434	43.5	650
-122	43.9400631189	650
-121.847184002	44	650
-121.5	44.1880804896	650
> 660 contour -Z660
-121.5	44.1749948263	660
-121	44.2364492416	660
-120.5	44.1381735802	660
-120.369206369	44	660
-120.416395262	43.5	660
-120.5	43.3721966892	660
-120.632864207	43	660
-121	42.5938006639	660
-121.082420081	42.5	660
-121.5	42.2372804284	660
-122	42.1963728368	660
-122.5	42.3669380993	660
-122.620682843	42.5	660
-122.651694581	43	660
-122.5	43.4073118865	660
-122.453723311	43.5	660
-122	43.9305890203	660
-121.823028713	44	660
-121.5	44.1749948263	660
> 670 contour -Z670
-121.5	44.1619091332	670
-121	44.2202149481	670
-120.5	44.1039230078	670
-120.401627593	44	670
-120.437329955	43.5	670
-120.5	43.4041987434	670
-120.644288093	43	670
-121	42.6064400375	670
-121.093525946	42.5	670
-121.5	42.2442676723	670
-122	42.2020937204	670
-122.5	42.3753834143	670
-122.613023214	42.5	670
-122.64424777	43	670
-122.5	43.3873166144	670
-122.443740219	43.5	670
-122	43.9211149216	670
-121.798873425	44	670
-121.5	44.1619091332	670
> 680 contour -Z680
-121.5	44.1488234401	680
-121	44.2039806545	680
-120.5	44.069672443	680
-120.434048817	44	680
-120.458264649	43.5	680
-120.5	43.4362007976	680
-120.655711949	43	680
-121	42.619079411	680
-121.104631811	42.5	680
-121.5	42.2512549013	680
-122	42.2078145742	680
-122.5	42.3838287294	680
-122.605363585	42.5	680
-122.63680096	43	680
-122.5	43.3673213422	680
-122.433757097	43.5	680
-122	43.9116408229	680
-121.774718106	44	680
-121.5	44.1488234401	680
> 690 contour -Z690
-121.5	44.1357377768	690
-121	44.1877463609	690
-120.5	44.0354218706	690
-120.466470037	44	690
-120.479199342	43.5	690
-120.5	43.4682028443	690
-120.667135835	43	690
-121	42.6317187846	690
-121.115737706	42.5	690
-121.5	42.2582421452	690
-122	42.2135354578	690
-122.5	42.3922740519	690
-122.597703956	42.5	690
-122.629354134	43	690
-122.5	43.3473260403	690
-122.423773974	43.5	690
-122	43.9021667242	690
-121.750562817	44	690
-121.5	44.1357377768	690
> 700 contour -Z700
-121.5	44.1226520836	700
-121	44.1715120673	700
-120.5	44.0011713009	700
-120.498891259	44	700
-120.5	43.5788484812	700
-120.500098944	43.5	700
-120.678559691	43	700
-121	42.6443581879	700
-121.126843572	42.5	700
-121.5	42.2652293891	700
-122	42.2192563415	700
-122.5	42.400719367	700
-122.59004432	42.5	700
-122.621907324	43	700
-122.5	43.3273307681	700
-122.413790882	43.5	700
-122	43.8926926553	700
-121.726407528	44	700
-121.5	44.1226520836	700
> 710 contour -Z710
-121.5	44.1095663905	710
-121	44.1552777737	710
-120.545856923	44	710
-120.515553087	43.5	710
-120.689983577	43	710
-121	42.6569975615	710
-121.137949467	42.5	710
-121.5	42.2722166181	710
-122	42.2249771953	710
-122.5	42.409164682	710
-122.582384691	42.5	710
-122.614460513	43	710
-122.5	43.3073354661	710
-122.403807759	43.5	710
-122	43.8832185566	710
-121.702252239	44	710
-121.5	44.1095663905	710
> 720 contour -Z720
-121.5	44.0964807272	720
-121	44.1390434802	720
-120.593337566	44	720
-120.5310072	43.5	720
-120.701407433	43	720
-121	42.669636935	720
-121.149055332	42.5	720
-121.5	42.279203862	720
-122	42.2306980789	720
-122.5	42.4176100045	720
-122.574725062	42.5	720
-122.607013695	43	720
-122.5	43.287340194	720
-122.393824667	43.5	720
-122	43.873744458	720
-121.678096935	44	720
-121.5	44.0964807272	720
> 730 contour -Z730
-121.5	44.0833950341	730
-121	44.122809194	730
-120.640818238	44	730
-120.546461344	43.5	730
-120.712831318	43	730
-121	42.6822763085	730
-121.160161227	42.5	730
-121.5	42.2861911058	730
-122	42.2364189327	730
-122.5	42.4260553196	730
-122.567065433	42.5	730
-122.599566884	43	730
-122.5	43.2673449218	730
-122.383841544	43.5	730
-122	43.8642703593	730
-121.653941646	44	730
-121.5	44.0833950341	730
> 740 contour -Z740
-121.5	44.070309341	740
-121	44.1065749004	740
-120.688298911	44	740
-120.561915487	43.5	740
-120.724255174	43	740
-121	42.6949157119	740
-121.171267092	42.5	740
-121.5	42.2931783497	740
-122	42.2421398163	740
-122.5	42.4345006421	740
-122.5594058	42.5	740
-122.592120066	43	740
-122.5	43.2473496199	740
-122.373858452	43.5	740
-122	43.8547962606	740
-121.629786357	44	740
-121.5	44.070309341	740
> 750 contour -Z750
-121.5	44.0572236776	750
-121	44.0903406069	750
-120.735779554	44	750
-120.57736963	43.5	750
-120.73567906	43	750
-121	42.7075550854	750
-121.182372957	42.5	750
-121.5	42.3001655936	750
-122	42.2478606701	750
-122.5	42.4429459572	750
-122.551746171	42.5	750
-122.584673248	43	750
-122.5	43.2273543328	750
-122.363875329	43.5	750
-122	43.8453221619	750
-121.605631053	44	750
-121.5	44.0572236776	750
> 760 contour -Z760
-121.5	44.0441379845	760
-121	44.0741063133	760
-120.783260226	44	760
-120.592823744	43.5	760
-120.747102916	43	760
-121	42.720194459	760
-121.193478853	42.5	760
-121.5	42.3071528226	760
-122	42.2535815537	760
-122.5	42.451391276	760
-122.544086538	42.5	760
-122.577226438	43	760
-122.5	43.2073590606	760
-122.353892207	43.5	760
-122	43.8358480632	760
-121.581475765	44	760
-121.5	44.0441379845	760
> 770 contour -Z770
-121.5	44.0310522914	770
-121	44.0578720234	770
-120.830740884	44	770
-120.608277887	43.5	770
-120.758526802	43	770
-121	42.7328338325	770
-121.204584718	42.5	770
-121.5	42.3141400665	770
-122	42.2593024224	770
-122.5	42.4598365948	770
-122.536426909	42.5	770
-122.56977962	43	770
-122.5	43.1873637736	770
-122.343909115	43.5	770
-122	43.8263739944	770
-121.557320468	44	770
-121.5	44.0310522914	770
> 780 contour -Z780
-121.5	44.0179666281	780
-121	44.0416377299	780
-120.878221549	44	780
-120.62373203	43.5	780
-120.769950673	43	780
-121	42.7454732358	780
-121.215690613	42.5	780
-121.5	42.3211273104	780
-122	42.2650232911	780
-122.5	42.4682819135	780
-122.528767278	42.5	780
-122.562332805	43	780
-122.5	43.1673684865	780
-122.333925992	43.5	780
-122	43.8168998957	780
-121.533165172	44	780
-121.5	44.0179666281	780
> 790 contour -Z790
-121.5	44.004880935	790
-121	44.0254034363	790
-120.925702214	44	790
-120.639186144	43.5	790
-120.781374544	43	790
-121	42.7581126094	790
-121.226796478	42.5	790
-121.5	42.3281145543	790
-122	42.2707441598	790
-122.5	42.4767272305	790
-122.521107649	42.5	790
-122.554885991	43	790
-122.5	43.1473731995	790
-122.3239429	43.5	790
-122	43.807425797	790
-121.509009877	44	790
-121.5	44.004880935	790
> 800 contour -Z800
-121	44.0091691315	800
-120.973182874	44	800
-120.654640287	43.5	800
-120.792798415	43	800
-121	42.7707519978	800
-121.237902373	42.5	800
-121.5	42.3351017982	800
-122	42.2764650285	800
-122.5	42.4851725493	800
-122.513448019	42.5	800
-122.547439177	43	800
-122.5	43.1273779124	800
-122.313959777	43.5	800
-122	43.7979516983	800
-121.5	43.9933230877	800
-121.23695235	44	800
-121	44.0091691315	800
> 810 contour -Z810
-122	43.7884776145	810
-121.5	43.9826741517	810
-121	43.9900104105	810
-120.67009443	43.5	810
-120.804222286	43	810
-121	42.7833913714	810
-121.249008238	42.5	810
-121.5	42.3420890421	810
-122	42.2821858972	810
-122.5	42.4936178671	810
-122.505788388	42.5	810
-122.539992362	43	810
-122.5	43.1073826328	810
-122.303976685	43.5	810
-122	43.7884776145	810
> 820 contour -Z820
-122	43.7790035158	820
-121.5	43.9720251858	820
-121	43.9670563042	820
-120.685548544	43.5	820
-120.815646157	43	820
-121	42.7960307598	820
-121.260114118	42.5	820
-121.5	42.3490762711	820
-122	42.2879067659	820
-122.496726781	42.5	820
-122.5	42.5264697075	820
-122.532545544	43	820
-122.5	43.0873873532	820
-122.293993562	43.5	820
-122	43.7790035158	820
> 830 contour -Z830
-122	43.7695294172	830
-121.5	43.9613762498	830
-121	43.9441021979	830
-120.701002687	43.5	830
-120.827070028	43	830
-121	42.8086701334	830
-121.271219999	42.5	830
-121.5	42.3560635149	830
-122	42.2936276346	830
-122.483328372	42.5	830
-122.5	42.6348191798	830
-122.52509873	43	830
-122.5	43.0673920661	830
-122.28401044	43.5	830
-122	43.7695294172	830
> 840 contour -Z840
-122	43.7600553185	840
-121.5	43.9507273138	840
-121	43.9211480916	840
-120.716456831	43.5	840
-120.838493899	43	840
-121	42.8213095218	840
-121.282325879	42.5	840
-121.5	42.3630507588	840
-122	42.2993485034	840
-122.469929993	42.5	840
-122.5	42.7431686521	840
-122.517651916	43	840
-122.5	43.0473967828	840
-122.274027348	43.5	840
-122	43.7600553185	840
> 850 contour -Z850
-122	43.7505812347	850
-121.5	43.9400783479	850
-121	43.8981939852	850
-120.731910944	43.5	850
-120.849917769	43	850
-121	42.8339488953	850
-121.293431759	42.5	850
-121.5	42.3700380027	850
-122	42.305069387	850
-122.456531584	42.5	850
-122.5	42.8515181094	850
-122.5102051	43	850
-122.5	43.0274014957	850
-122.264044225	43.5	850
-122	43.7505812347	850
> 860 contour -Z860
-122	43.741107136	860
-121.5	43.9294294119	860
-121	43.8752398789	860
-120.747365087	43.5	860
-120.86134164	43	860
-121	42.8465882838	860
-121.304537624	42.5	860
-121.5	42.3770252392	860
-122	42.3107902557	860
-122.443133205	42.5	860
-122.5	42.959867578	860
-122.502758285	43	860
-122.5	43.0074062124	860
-122.254061133	43.5	860
-122	43.741107136	860
> 870 contour -Z870
-122	43.7316330373	870
-121.5	43.9187804759	870
-121	43.8522857726	870
-120.762819231	43.5	870
-120.872765511	43	870
-121	42.8592276573	870
-121.315643504	42.5	870
-121.5	42.3840124831	870
-122	42.3165111244	870
-122.429734796	42.5	870
-122.494417995	43	870
-122.24407801	43.5	870
-122	43.7316330373	870
> 880 contour -Z880
-122	43.7221589386	880
-121.5	43.90813151	880
-121	43.829331696	880
-120.778273359	43.5	880
-120.88418939	43	880
-121	42.8718670458	880
-121.326749384	42.5	880
-121.5	42.3909997195	880
-122	42.3222319931	880
-122.416336387	42.5	880
-122.485552073	43	880
-122.234094903	43.5	880
-122	43.7221589386	880
> 890 contour -Z890
-122	43.71268484	890
-121.5	43.897482574	890
-121	43.8063775897	890
-120.793727487	43.5	890
-120.895613261	43	890
-121	42.8845064193	890
-121.337855265	42.5	890
-121.5	42.3979869634	890
-122	42.3279528618	890
-122.402938008	42.5	890
-122.47668615	43	890
-122.224111795	43.5	890
-122	43.71268484	890
> 900 contour -Z900
-122	43.7032107711	900
-121.5	43.886833638	900
-121	43.7834234834	900
-120.809181631	43.5	900
-120.907037131	43	900
-121	42.8971458003	900
-121.348961145	42.5	900
-121.5	42.4049742073	900
-122	42.3336737305	900
-122.389539599	42.5	900
-122.467820227	43	900
-122.214128688	43.5	900
-122	43.7032107711	900
> 910 contour -Z910
-122	43.6937366724	910
-121.5	43.8761846721	910
-121	43.760469377	910
-120.824635759	43.5	910
-120.918461002	43	910
-121	42.9097851813	910
-121.360067025	42.5	910
-121.5	42.4119614437	910
-122	42.3393945992	910
-122.376141191	42.5	910
-122.458954304	43	910
-122.204145581	43.5	910
-122	43.6937366724	910
> 920 contour -Z920
-122	43.6842625737	920
-121.5	43.8655357361	920
-121	43.7375152707	920
-120.840089902	43.5	920
-120.929884873	43	920
-121	42.9224245623	920
-121.371172905	42.5	920
-121.5	42.4189486876	920
-122	42.3451154679	920
-122.362742811	42.5	920
-122.450088382	43	920
-122.194162458	43.5	920
-122	43.6842625737	920
> 930 contour -Z930
-122	43.674788475	930
-121.5	43.8548868001	930
-121	43.7145611793	930
-120.855544031	43.5	930
-120.941308744	43	930
-121	42.9350639433	930
-121.382278778	42.5	930
-121.5	42.4259359241	930
-122	42.3508363366	930
-122.349344403	42.5	930
-122.441222459	43	930
-122.184179351	43.5	930
-122	43.674788475	930
> 940 contour -Z940
-122	43.6653143764	940
-121.5	43.8442378342	940
-121	43.6916070729	940
-120.870998159	43.5	940
-120.952732615	43	940
-121	42.947703328	940
-121.393384658	42.5	940
-121.5	42.4329231679	940
-122	42.3565572053	940
-122.335946023	42.5	940
-122.432356536	43	940
-122.174196243	43.5	940
-122	43.6653143764	940
> 950 contour -Z950
-122	43.6558402777	950
-121.5	43.8335888982	950
-121	43.6686529666	950
-120.886452295	43.5	950
-120.964156486	43	950
-121	42.960342709	950
-121.40449053	42.5	950
-121.5	42.4399104081	950
-122	42.3622780889	950
-122.322547615	42.5	950
-122.423490614	43	950
-122.164213136	43.5	950
-122	43.6558402777	950
> 960 contour -Z960
-122	43.6463662088	960
-121.5	43.8229399621	960
-121	43.6456988603	960
-120.901906431	43.5	960
-120.975580359	43	960
-121	42.9729820881	960
-121.415596411	42.5	960
-121.5	42.446897652	960
-122	42.3679989576	960
-122.309149206	42.5	960
-122.414624691	43	960
-122.154230028	43.5	960
-122	43.6463662088	960
> 970 contour -Z970
-122	43.6368921101	970
-121.5	43.8122909963	970
-121	43.6227447614	970
-120.917360567	43.5	970
-120.987004231	43	970
-121	42.98562147	970
-121.426702291	42.5	970
-121.5	42.4538848922	970
-122	42.3737198263	970
-122.295750827	42.5	970
-122.405758768	43	970
-122.144246921	43.5	970
-122	43.6368921101	970
> 980 contour -Z980
-122	43.6274180114	980
-121.5	43.8016420603	980
-121	43.5997906625	980
-120.932814702	43.5	980
-120.998428102	43	980
-121	42.9982608508	980
-121.437808167	42.5	980
-121.5	42.4608721323	980
-122	42.379440695	980
-122.282352418	42.5	980
-122.396892846	43	980
-122.134263813	43.5	980
-122	43.6274180114	980
> 990 contour -Z990
-122	43.6179439127	990
-121.5	43.7909931242	990
-121	43.5768365562	990
-120.948268835	43.5	990
-121	43.1024278998	990
-121.009767473	43	990
-121.448914044	42.5	990
-121.5	42.4678593725	990
-122	42.3851615638	990
-122.268954009	42.5	990
-122.388026923	43	990
-122.124280699	43.5	990
-122	43.6179439127	990
> 1000 contour -Z1000
-122	43.6084698141	1000
-121.5	43.7803441584	1000
-121	43.5538824573	1000
-120.963722967	43.5	1000
-121	43.2211983204	1000
-121.021093369	43	1000
-121.460019924	42.5	1000
-121.5	42.4748466145	1000
-122	42.3908824325	1000
-122.25555563	42.5	1000
-122.379161	43	1000
-122.114297584	43.5	1000
-122	43.6084698141	1000
> 1010 contour -Z1010
-122	43.5989957154	1010
-121.5	43.7696952224	1010
-121	43.5309283547	1010
-120.979177101	43.5	1010
-121	43.3399687409	1010
-121.032419294	43	1010
-121.471125802	42.5	1010
-121.5	42.4818338566	1010
-122	42.3966033012	1010
-122.242157221	42.5	1010
-122.370295078	43	1010
-122.104314476	43.5	1010
-122	43.5989957154	1010
> 1020 contour -Z1020
-122	43.5895216167	1020
-121.5	43.7590462863	1020
-121	43.507974253	1020
-120.994631235	43.5	1020
-121	43.4587391652	1020
-121.04374519	43	1020
-121.48223168	42.5	1020
-121.5	42.4888210967	1020
-122	42.4023241699	1020
-122.228758827	42.5	1020
-122.361429155	43	1020
-122.094331369	43.5	1020
-122	43.5895216167	1020
> 1030 contour -Z1030
-122	43.5800475478	1030
-121.5	43.7483973354	1030
-121.013607979	43.5	1030
-121.055071086	43	1030
-121.493337558	42.5	1030
-121.5	42.4958083378	1030
-122	42.408045046	1030
-122.215360433	42.5	1030
-122.352563232	43	1030
-122.084348261	43.5	1030
-122	43.5800475478	1030
> 1040 contour -Z1040
-122	43.5705734491	1040
-121.5	43.7377483845	1040
-121.034459889	43.5	1040
-121.066396981	43	1040
-121.5	42.5051713288	1040
-121.512928307	42.5	1040
-122	42.4137659147	1040
-122.201962039	42.5	1040
-122.34369728	43	1040
-122.074365146	43.5	1040
-122	43.5705734491	1040
> 1050 contour -Z1050
-122	43.5610993505	1050
-121.5	43.7270994335	1050
-121.055311829	43.5	1050
-121.077722877	43	1050
-121.5	42.518096447	1050
-121.545241237	42.5	1050
-122	42.4194867834	1050
-122.18856363	42.5	1050
-122.334831357	43	1050
-122.064382039	43.5	1050
-122	43.5610993505	1050
> 1060 contour -Z1060
-122	43.5516252518	1060
-121.5	43.7164504826	1060
-121.076163739	43.5	1060
-121.089048773	43	1060
-121.5	42.531021595	1060
-121.577554137	42.5	1060
-122	42.4252076522	1060
-122.175165236	42.5	1060
-122.325965434	43	1060
-122.054398928	43.5	1060
-122	43.5516252518	1060
> 1070 contour -Z1070
-122	43.5421511531	1070
-121.5	43.7058015466	1070
-121.097015679	43.5	1070
-121.100374669	43	1070
-121.5	42.543946743	1070
-121.609867036	42.5	1070
-122	42.4309285209	1070
-122.161766842	42.5	1070
-122.317099512	43	1070
-122.04441582	43.5	1070
-122	43.5421511531	1070
> 1080 contour -Z1080
-122	43.5326770544	1080
-121.5	43.6951525956	1080
-121.117867589	43.5	1080
-121.111700565	43	1080
-121.5	42.556871891	1080
-121.642179936	42.5	1080
-122	42.436649397	1080
-122.148368448	42.5	1080
-122.308233589	43	1080
-122.034432709	43.5	1080
-122	43.5326770544	1080
> 1090 contour -Z1090
-122	43.5232029855	1090
-121.5	43.6845036447	1090
-121.138719529	43.5	1090
-121.12302646	43	1090
-121.5	42.5697970092	1090
-121.674492836	42.5	1090
-122	42.4423702657	1090
-122.134970054	42.5	1090
-122.299367666	43	1090
-122.0244496	43.5	1090
-122	43.5232029855	1090
> 1100 contour -Z1100
-122	43.5137288868	1100
-121.5	43.6738547087	1100
-121.159571439	43.5	1100
-121.134352356	43	1100
-121.5	42.5827221572	1100
-121.706805736	42.5	1100
-122	42.4480911344	1100
-122.121571653	42.5	1100
-122.290501744	43	1100
-122.014466491	43.5	1100
-122	43.5137288868	1100
> 1110 contour -Z1110
-122	43.5042547882	1110
-121.5	43.6632057577	1110
-121.180423379	43.5	1110
-121.145678282	43	1110
-121.5	42.5956473053	1110
-121.739118665	42.5	1110
-122	42.4538120031	1110
-122.108173251	42.5	1110
-122.281635821	43	1110
-122.004483381	43.5	1110
-122	43.5042547882	1110
> 1120 contour -Z1120
-121.5	43.6525568068	1120
-121.201275289	43.5	1120
-121.157004178	43	1120
-121.5	42.6085724235	1120
-121.771431565	42.5	1120
-122	42.4595328756	1120
-122.094774857	42.5	1120
-122.272769898	43	1120
-122	43.4912044108	1120
-121.981484622	43.5	1120
-121.5	43.6525568068	1120
> 1130 contour -Z1130
-121.5	43.6419078708	1130
-121.222127229	43.5	1130
-121.168330073	43	1130
-121.5	42.6214975715	1130
-121.803744465	42.5	1130
-122	42.4652537443	1130
-122.081376456	42.5	1130
-122.263903975	43	1130
-122	43.475238651	1130
-121.94787547	43.5	1130
-121.5	43.6419078708	1130
> 1140 contour -Z1140
-121.5	43.6312589347	1140
-121.242979139	43.5	1140
-121.179655969	43	1140
-121.5	42.6344227195	1140
-121.836057365	42.5	1140
-122	42.4709746148	1140
-122.067978062	42.5	1140
-122.255038053	43	1140
-122	43.4592728615	1140
-121.914266318	43.5	1140
-121.5	43.6312589347	1140
> 1150 contour -Z1150
-121.5	43.6206099689	1150
-121.263831079	43.5	1150
-121.190981865	43	1150
-121.5	42.6473478675	1150
-121.86837028	42.5	1150
-122	42.4766954854	1150
-122.05457966	42.5	1150
-122.24617213	43	1150
-122	43.4433071017	1150
-121.880657196	43.5	1150
-121.5	43.6206099689	1150
> 1160 contour -Z1160
-121.5	43.6099610329	1160
-121.284683004	43.5	1160
-121.202307761	43	1160
-121.5	42.6602729857	1160
-121.900683179	42.5	1160
-122	42.482416356	1160
-122.041181263	42.5	1160
-122.237306207	43	1160
-122	43.427341342	1160
-121.847048044	43.5	1160
-121.5	43.6099610329	1160
> 1170 contour -Z1170
-121.5	43.5993120968	1170
-121.305534929	43.5	1170
-121.213633657	43	1170
-121.5	42.6731981337	1170
-121.932996087	42.5	1170
-122	42.4881372256	1170
-122.027782867	42.5	1170
-122.228440285	43	1170
-122	43.4113755822	1170
-121.813438892	43.5	1170
-121.5	43.5993120968	1170
> 1180 contour -Z1180
-121.5	43.588663131	1180
-121.326386854	43.5	1180
-121.224959552	43	1180
-121.5	42.6861232817	1180
-121.965308987	42.5	1180
-122	42.4938580957	1180
-122.014384469	42.5	1180
-122.219574362	43	1180
-122	43.3954097927	1180
-121.779829741	43.5	1180
-121.5	43.588663131	1180
> 1190 contour -Z1190
-121.5	43.578014195	1190
-121.347238779	43.5	1190
-121.236285448	43	1190
-121.5	42.6990483999	1190
-121.997621893	42.5	1190
-122	42.4995789657	1190
-122.000986071	42.5	1190
-122.210708439	43	1190
-122	43.3794440329	1190
-121.746220618	43.5	1190
-121.5	43.578014195	1190
> 1200 contour -Z1200
-121.5	43.5673652291	1200
-121.368090704	43.5	1200
-121.247611344	43	1200
-121.5	42.7119735479	1200
-122	42.5195505619	1200
-122.201842517	43	1200
-122	43.3634782732	1200
-121.712611467	43.5	1200
-121.5	43.5673652291	1200
> 1210 contour -Z1210
-121.5	43.5567162931	1210
-121.388942622	43.5	1210
-121.258937255	43	1210
-121.5	42.7248986959	1210
-122	42.5406543016	1210
-122.192976594	43	1210
-122	43.3475125134	1210
-121.67900233	43.5	1210
-121.5	43.5567162931	1210
> 1220 contour -Z1220
-121.5	43.5460673571	1220
-121.409794554	43.5	1220
-121.27026315	43	1220
-121.5	42.737823844	1220
-122	42.5617580116	1220
-122.184110671	43	1220
-122	43.3315467238	1220
-121.645393178	43.5	1220
-121.5	43.5460673571	1220
> 1230 contour -Z1230
-121.5	43.5354183912	1230
-121.430646479	43.5	1230
-121.281589061	43	1230
-121.5	42.7507489771	1230
-122	42.5828617215	1230
-122.175244749	43	1230
-122	43.3155809641	1230
-121.611784041	43.5	1230
-121.5	43.5354183912	1230
> 1240 contour -Z1240
-121.5	43.5247694552	1240
-121.4514984	43.5	1240
-121.292914957	43	1240
-121.5	42.7636741102	1240
-122	42.6039654613	1240
-122.166378826	43	1240
-122	43.2996152043	1240
-121.578174897	43.5	1240
-121.5	43.5247694552	1240
> 1250 contour -Z1250
-121.5	43.5141205192	1250
-121.472350327	43.5	1250
-121.304240853	43	1250
-121.5	42.7765992433	1250
-122	42.6250691712	1250
-122.157512903	43	1250
-122	43.2836494446	1250
-121.544565756	43.5	1250
-121.5	43.5141205192	1250
> 1260 contour -Z1260
-121.5	43.5034715533	1260
-121.493202252	43.5	1260
-121.315566748	43	1260
-121.5	42.7895243913	1260
-122	42.6461728811	1260
-122.148646966	43	1260
-122	43.267683655	1260
-121.510956613	43.5	1260
-121.5	43.5034715533	1260
> 1270 contour -Z1270
-122	43.2517178953	1270
-121.5	43.4788823724	1270
-121.326892644	43	1270
-121.5	42.8024495244	1270
-122	42.6672766209	1270
-122.139781043	43	1270
-122	43.2517178953	1270
> 1280 contour -Z1280
-122	43.2357521355	1280
-121.5	43.4475505054	1280
-121.338218555	43	1280
-121.5	42.8153746724	1280
-122	42.6883803308	1280
-122.13091512	43	1280
-122	43.2357521355	1280
> 1290 contour -Z1290
-122	43.2197863758	1290
-121.5	43.4162186682	1290
-121.349544451	43	1290
-121.5	42.8282998055	1290
-122	42.7094840407	1290
-122.122049205	43	1290
-122	43.2197863758	1290
> 1300 contour -Z1300
-122	43.2038205862	1300
-121.5	43.384886831	1300
-121.360870346	43	1300
-121.5	42.8412249535	1300
-122	42.7305877805	1300
-122.113183275	43	1300
-122	43.2038205862	1300
> 1310 contour -Z1310
-122	43.1878548265	1310
-121.5	43.3535549641	1310
-121.372196242	43	1310
-121.5	42.8541500866	1310
-122	42.7516914904	1310
-122.104317352	43	1310
-122	43.1878548265	1310
> 1320 contour -Z1320
-122	43.1718890667	1320
-121.5	43.3222231269	1320
-121.383522145	43	1320
-121.5	42.8670752198	1320
-122	42.7727952152	1320
-122.095451429	43	1320
-122	43.1718890667	1320
> 1330 contour -Z1330
-122	43.1559233069	1330
-121.5	43.2908912897	1330
-121.394848041	43	1330
-121.5	42.8800003678	1330
-122	42.7938989401	1330
-122.086585507	43	1330
-122	43.1559233069	1330
> 1340 contour -Z1340
-122	43.1399575174	1340
-121.5	43.2595594227	1340
-121.406173944	43	1340
-121.5	42.8929255083	1340
-122	42.81500265	1340
-122.077719584	43	1340
-122	43.1399575174	1340
> 1350 contour -Z1350
-122	43.1239917576	1350
-121.5	43.2282275856	1350
-121.41749984	43	1350
-121.5	42.9058506489	1350
-122	42.8361063749	1350
-122.068853661	43	1350
-122	43.1239917576	1350
> 1360 contour -Z1360
-122	43.1080259979	1360
-121.5	43.1968957335	1360
-121.428825743	43	1360
-121.5	42.918775782	1360
-122	42.8572100997	1360
-122.059987735	43	1360
-122	43.1080259979	1360
> 1370 contour -Z1370
-122	43.0920602381	1370
-121.5	43.1655638814	1370
-121.440151639	43	1370
-121.5	42.9317009225	1370
-122	42.8783138171	1370
-122.051121812	43	1370
-122	43.0920602381	1370
> 1380 contour -Z1380
-122	43.0760944486	1380
-121.5	43.1342320293	1380
-121.451477539	43	1380
-121.5	42.9446260631	1380
-122	42.8994175345	1380
-122.04225589	43	1380
-122	43.0760944486	1380
> 1390 contour -Z1390
-122	43.0601286888	1390
-121.5	43.1029001847	1390
-121.462803438	43	1390
-121.5	42.9575512037	1390
-122	42.9205212593	1390
-122.033389963	43	1390
-122	43.0601286888	1390
> 1400 contour -Z1400
-122	43.0441629291	1400
-121.5	43.0715683401	1400
-121.474129336	43	1400
-121.5	42.9704763424	1400
-122	42.9416249767	1400
-122.024524041	43	1400
-122	43.0441629291	1400
> 1410 contour -Z1410
-122	43.0281971693	1410
-121.5	43.040236488	1410
-121.485455235	43	1410
-121.5	42.9834014829	1410
-122	42.9627286978	1410
-122.015658118	43	1410
-122	43.0281971693	1410
> 1420 contour -Z1420
-122	43.0122313797	1420
-121.5	43.0089046396	1420
-121.496781133	43	1420
-121.5	42.9963266223	1420
-122	42.9838324171	1420
-122.006792194	43	1420
-122	43.0122313797	1420
