> 10 contour -Z10
-115	51.5380238593	10
-114.5	51.6488529742	10
-114	51.7226731926	10
-113.5	51.7543503046	10
-113	51.7115782946	10
-112.5	51.5781744719	10
-112.336106822	51.5	10
-112	51.3564320803	10
-111.5	51.1234736517	10
-111.212025046	51	10
-111	50.9226775169	10
-110.5	50.7066224813	10
-110.112903357	50.5	10
-110	50.3976376951	10
-109.638548046	50	10
-109.653905123	49.5	10
-109.988364411	49	10
-110	48.9896388855	10
-110.461238172	48.5	10
-110.5	48.4730515815	10
-111	48.0570962131	10
-111.056360662	48	10
-111.5	47.6804870665	10
-111.725788891	47.5	10
-112	47.3076335937	10
-112.434892021	47	10
-112.5	46.9531330355	10
-113	46.5837756991	10
-113.107434571	46.5	10
-113.5	46.1869026721	10
-113.73510927	46	10
-114	45.7778923213	10
-114.342268631	45.5	10
-114.5	45.3573979586	10
-114.91958674	45	10
-115	44.9231760055	10
-115.457753055	44.5	10
-115.5	44.4569943622	10
-115.938217472	44	10
-116	43.9349967688	10
-116.387238264	43.5	10
-116.5	43.3840221241	10
-116.842905432	43	10
-117	42.8418367654	10
-117.321244121	42.5	10
-117.5	42.3223362267	10
-117.84100315	42	10
-118	41.8492647409	10
-118.488013749	41.5	10
-118.5	41.4903020645	10
-119	41.1477454901	10
-119.378021002	41	10
-119.5	40.9360354021	10
-120	40.7402820289	10
-120.5	40.6342290938	10
-121	40.5991501212	10
-121.5	40.6125266552	10
-122	40.6795014739	10
-122.5	40.8633314967	10
-122.695590168	41	10
-123	41.0719585419	10
-123.434272707	41.5	10
-123.5	41.5978331268	10
-123.830467224	42	10
-123.975157887	42.5	10
-124	42.8508246392	10
-124.077086926	43	10
-124.195567161	43.5	10
-124.238450214	44	10
-124.223586619	44.5	10
-124.186501384	45	10
-124.108111955	45.5	10
-124	45.850327462	10
-123.953917086	46	10
-123.723079488	46.5	10
-123.5	46.8494482338	10
-123.38493976	47	10
-123	47.4331225455	10
-122.932757914	47.5	10
-122.5	47.8940835595	10
-122.371032715	48	10
-122	48.2961398959	10
-121.705061078	48.5	10
-121.5	48.6531942636	10
-121	48.97546947	10
-120.957834542	49	10
-120.5	49.3142193556	10
-120.142857239	49.5	10
-120	49.5906713679	10
-119.5	49.8737201393	10
-119.230517223	50	10
-119	50.1320401132	10
-118.5	50.3669913709	10
-118.160611987	50.5	10
-118	50.5751342624	10
-117.5	50.7786259949	10
-117	50.9513943493	10
-116.843589604	51	10
-116.5	51.1252922565	10
-116	51.2807330787	10
-115.5	51.4147354066	10
-115.136871636	51.5	10
-115	51.5380238593	10
> 20 contour -Z20
-116.5	49.6052160561	20
-116	49.7181122303	20
-115.5	49.8032625616	20
-115	49.857005924	20
-114.5	49.8773778379	20
-114	49.8555816412	20
-113.5	49.756811589	20
-113	49.5412059911	20
-112.929271065	49.5	20
-112.5	49.0135321161	20
-112.491164573	49	20
-112.478312714	48.5	20
-112.5	48.466613885	20
-112.738191038	48	20
-113	47.6944879889	20
-113.135708094	47.5	20
-113.5	47.1514739394	20
-113.627016097	47	20
-114	46.6631571352	20
-114.154799491	46.5	20
-114.5	46.1838195026	20
-114.680102497	46	20
-115	45.7059479356	20
-115.206101179	45.5	20
-115.5	45.2232924998	20
-115.724182427	45	20
-116	44.7312086225	20
-116.229374468	44.5	20
-116.5	44.2227768898	20
-116.711623281	44	20
-117	43.6921718419	20
-117.178415269	43.5	20
-117.5	43.1555660069	20
-117.650254428	43	20
-118	42.639662236	20
-118.151906759	42.5	20
-118.5	42.1856047213	20
-118.741512775	42	20
-119	41.8176278919	20
-119.5	41.5491556227	20
-119.594960928	41.5	20
-120	41.2870087028	20
-120.5	41.105868876	20
-121	41.0300653577	20
-121.5	41.0170049965	20
-122	41.0288146138	20
-122.5	41.0784465969	20
-123	41.3785565272	20
-123.123211399	41.5	20
-123.495998502	42	20
-123.5	42.0242256522	20
-123.842454463	42.5	20
-123.904023021	43	20
-123.904156476	43.5	20
-123.822623581	44	20
-123.558054823	44.5	20
-123.5	44.6218524799	20
-123.346546829	45	20
-123.134837821	45.5	20
-123	45.7440644354	20
-122.876188725	46	20
-122.512752288	46.5	20
-122.5	46.51444906	20
-122.065083757	47	20
-122	47.0636263937	20
-121.5	47.488997519	20
-121.483953983	47.5	20
-121	47.8593175411	20
-120.750261068	48	20
-120.5	48.1622925699	20
-120	48.4167433083	20
-119.795557141	48.5	20
-119.5	48.6459107697	20
-119	48.8425216675	20
-118.502198851	49	20
-118.5	49.0008693133	20
-118	49.1825302243	20
-117.5	49.3396005034	20
-117	49.4698008001	20
-116.858778447	49.5	20
-116.5	49.6052160561	20
> 30 contour -Z30
-115.5	49.002733022	30
-115.426356219	49	30
-115	48.9807558358	30
-114.5	48.8444335759	30
-114.046705037	48.5	30
-114	48.349794358	30
-113.924845241	48	30
-114	47.8329237401	30
-114.113048524	47.5	30
-114.437947921	47	30
-114.5	46.9345449209	30
-114.82751511	46.5	30
-115	46.3243209571	30
-115.271328196	46	30
-115.5	45.7714698315	30
-115.742642343	45.5	30
-116	45.243447125	30
-116.22441715	45	30
-116.5	44.722771883	30
-116.708526313	44.5	30
-117	44.1975646615	30
-117.184597522	44	30
-117.5	43.667753756	30
-117.662854195	43.5	30
-118	43.1545977592	30
-118.17473191	43	30
-118.5	42.6941308081	30
-118.750083283	42.5	30
-119	42.2959202379	30
-119.413112305	42	30
-119.5	41.9455720559	30
-120	41.6011378467	30
-120.191831589	41.5	30
-120.5	41.3302149177	30
-121	41.1328529716	30
-121.5	41.0792714953	30
-122	41.0884598494	30
-122.5	41.1708236337	30
-122.927543014	41.5	30
-123	41.5190009773	30
-123.465545595	42	30
-123.5	42.2085914314	30
-123.70975104	42.5	30
-123.79974556	43	30
-123.782835513	43.5	30
-123.593128905	44	30
-123.5	44.1563896686	30
-123.335867584	44.5	30
-123	44.9418103397	30
-122.936596304	45	30
-122.617371529	45.5	30
-122.5	45.6941617578	30
-122.296267271	46	30
-122	46.3624824286	30
-121.866666675	46.5	30
-121.5	46.8396151364	30
-121.278024435	47	30
-121	47.2033986747	30
-120.5	47.479265064	30
-120.452063024	47.5	30
-120	47.7246953547	30
-119.5	47.9229317904	30
-119.275572598	48	30
-119	48.1147342995	30
-118.5	48.304029882	30
-118	48.4570718706	30
-117.841357797	48.5	30
-117.5	48.6202416047	30
-117	48.7628785968	30
-116.5	48.8729583025	30
-116	48.9546609819	30
-115.523086336	49	30
-115.5	49.002733022	30
> 40 contour -Z40
-117.5	48.1502135396	40
-117	48.2728248537	40
-116.5	48.3525835872	40
-116	48.3739486635	40
-115.5	48.2803581059	40
-115.05819568	48	40
-115	47.8419600427	40
-114.922005273	47.5	40
-115	47.312025696	40
-115.096947223	47	40
-115.380087122	46.5	40
-115.5	46.3558564037	40
-115.733705223	46	40
-116	45.7052461207	40
-116.154580444	45.5	40
-116.5	45.1307744086	40
-116.608355016	45	40
-117	44.587911427	40
-117.077510953	44.5	40
-117.5	44.0558709502	40
-117.552520961	44	40
-118	43.5429449379	40
-118.046336234	43.5	40
-118.5	43.0833812356	40
-118.61182183	43	40
-119	42.6765348017	40
-119.207096577	42.5	40
-119.5	42.2629701793	40
-119.750697464	42	40
-120	41.8158222586	40
-120.5	41.5191453695	40
-120.543195605	41.5	40
-121	41.2356405556	40
-121.5	41.1415379941	40
-122	41.1481050849	40
-122.5	41.2632006705	40
-122.807561249	41.5	40
-123	41.5504647195	40
-123.435092717	42	40
-123.5	42.3929572254	40
-123.577047609	42.5	40
-123.695468098	43	40
-123.66151458	43.5	40
-123.5	43.8457023799	40
-123.469458342	44	40
-123.151780114	44.5	40
-123	44.6996561289	40
-122.67274408	45	40
-122.5	45.2327242941	40
-122.168357477	45.5	40
-122	45.7346324176	40
-121.766041607	46	40
-121.5	46.2733296454	40
-121.230682731	46.5	40
-121	46.674699381	40
-120.5	46.9643033445	40
-120.425103366	47	40
-120	47.2201908082	40
-119.5	47.4317829311	40
-119.317296803	47.5	40
-119	47.6452994645	40
-118.5	47.8399955928	40
-118	47.9916451871	40
-117.966576278	48	40
-117.5	48.1502135396	40
> 50 contour -Z50
-118	47.6533960104	50
-117.5	47.7771732211	50
-117	47.8578844965	50
-116.5	47.8671069145	50
-116	47.7157724202	50
-115.751376882	47.5	50
-115.678265214	47	50
-115.856131047	46.5	50
-116	46.2692876011	50
-116.133501559	46	50
-116.5	45.5059640408	50
-116.503503531	45.5	50
-116.918029256	45	50
-117	44.9137504324	50
-117.364801183	44.5	50
-117.5	44.3578762561	50
-117.836418316	44	50
-118	43.8329176754	50
-118.359207794	43.5	50
-118.5	43.3707045168	50
-118.997148532	43	50
-119	42.9976238986	50
-119.5	42.5288628638	50
-119.521702647	42.5	50
-120	42.0140874386	50
-120.013532579	42	50
-120.5	41.5978681743	50
-120.720809191	41.5	50
-121	41.3384281546	50
-121.5	41.203804493	50
-122	41.2077502906	50
-122.5	41.3555777073	50
-122.687579498	41.5	50
-123	41.5819284916	50
-123.40463981	42	50
-123.489671677	42.5	50
-123.5	42.6620681882	50
-123.591190629	43	50
-123.540193625	43.5	50
-123.5	43.5860295892	50
-123.418058753	44	50
-123	44.4894391298	50
-122.984629512	44.5	50
-122.5	44.9706317782	50
-122.450660169	45	50
-122	45.418045193	50
-121.793748766	45.5	50
-121.5	45.8168309629	50
-121.253151685	46	50
-121	46.2224731594	50
-120.584046587	46.5	50
-120.5	46.5539964624	50
-120	46.8466618061	50
-119.653145149	47	50
-119.5	47.0788749531	50
-119	47.3087024093	50
-118.5	47.4823886454	50
-118.43497014	47.5	50
-118	47.6533960104	50
> 60 contour -Z60
-119	47.0207337737	60
-118.5	47.2226349115	60
-118	47.3546928763	60
-117.5	47.4419553578	60
-117	47.4626381993	60
-116.5	47.2850328982	60
-116.264502928	47	60
-116.286404967	46.5	60
-116.499159031	46	60
-116.5	45.9988663832	60
-116.793056443	45.5	60
-117	45.2535516769	60
-117.175892234	45	60
-117.5	44.6404765248	60
-117.616127044	44.5	60
-118	44.0974790454	60
-118.092751443	44	60
-118.5	43.6140699983	60
-118.616495788	43.5	60
-119	43.1770476401	60
-119.136989683	43	60
-119.5	42.6586419642	60
-119.619286448	42.5	60
-120	42.1132249534	60
-120.108765215	42	60
-120.5	41.6765909791	60
-120.898422763	41.5	60
-121	41.4412157536	60
-121.5	41.2660709918	60
-122	41.2673955262	60
-122.5	41.4479547516	60
-122.567597754	41.5	60
-123	41.6133922338	60
-123.374186903	42	60
-123.465045273	42.5	60
-123.49707821	43	60
-123.481933385	43.5	60
-123.366659135	44	60
-123	44.4292634428	60
-122.897048503	44.5	60
-122.5	44.8855803907	60
-122.307770371	45	60
-122	45.2854965329	60
-121.5	45.4929192364	60
-121.480199665	45.5	60
-121	45.9291706383	60
-120.838743448	46	60
-120.5	46.2680927515	60
-120.071287543	46.5	60
-120	46.543741677	60
-119.5	46.8192083836	60
-119.042427883	47	60
-119	47.0207337737	60
> 70 contour -Z70
-118	47.0888060927	70
-117.5	47.1282002777	70
-117	47.0130384341	70
-116.977574935	47	70
-116.705505431	46.5	70
-116.819263965	46	70
-117	45.6678036153	70
-117.072532594	45.5	70
-117.415103748	45	70
-117.5	44.9058270156	70
-117.835483015	44.5	70
-118	44.3274910152	70
-118.311608121	44	70
-118.5	43.8214700222	70
-118.828306317	43.5	70
-119	43.3554151952	70
-119.275000677	43	70
-119.5	42.7884210944	70
-119.716870278	42.5	70
-120	42.2123624682	70
-120.20399788	42	70
-120.5	41.7553137839	70
-121	41.5112030208	70
-121.067205638	41.5	70
-121.5	41.3283374906	70
-122	41.3270407617	70
-122.434570223	41.5	70
-122.5	41.5083659589	70
-123	41.6448560059	70
-123.343734026	42	70
-123.440418839	42.5	70
-123.473797053	43	70
-123.454915851	43.5	70
-123.315259516	44	70
-123	44.3690877259	70
-122.809467494	44.5	70
-122.5	44.8005290329	70
-122.164880559	45	70
-122	45.1529479027	70
-121.5	45.4336163998	70
-121.314367682	45.5	70
-121	45.7809610069	70
-120.501316016	46	70
-120.5	46.0010415389	70
-120	46.3482709825	70
-119.651231021	46.5	70
-119.5	46.5863794982	70
-119	46.8159241676	70
-118.5	46.9707603455	70
-118.350178063	47	70
-118	47.0888060927	70
> 80 contour -Z80
-119	46.6175665855	80
-118.5	46.7661442459	80
-118	46.8325285912	80
-117.5	46.7670736015	80
-117.153854042	46.5	80
-117.131647348	46	80
-117.326765567	45.5	80
-117.5	45.2431585491	80
-117.632567465	45	80
-118	44.5613346398	80
-118.041866213	44.5	80
-118.5	44.0242094994	80
-118.515878797	44	80
-119	43.5213605464	80
-119.011686593	43.5	80
-119.413011655	43	80
-119.5	42.9182002023	80
-119.814454108	42.5	80
-120	42.3114999533	80
-120.299230516	42	80
-120.5	41.8340365887	80
-121	41.5373721123	80
-121.224191517	41.5	80
-121.5	41.3906039894	80
-122	41.3866859898	80
-122.284708112	41.5	80
-122.5	41.5275276005	80
-123	41.6763197482	80
-123.313281119	42	80
-123.415792435	42.5	80
-123.450515896	43	80
-123.427898318	43.5	80
-123.263859928	44	80
-123	44.308912009	80
-122.721886486	44.5	80
-122.5	44.7154776454	80
-122.021990761	45	80
-122	45.0203992557	80
-121.5	45.3743135631	80
-121.148535714	45.5	80
-121	45.6327513754	80
-120.5	45.9097850025	80
-120.245892867	46	80
-120	46.1709345579	80
-119.5	46.4128953516	80
-119.242571846	46.5	80
-119	46.6175665855	80
> 90 contour -Z90
-118.5	46.5615281463	90
-118	46.5810701698	90
-117.749806106	46.5	90
-117.5	46.2017235458	90
-117.434145987	46	90
-117.5	45.7970350236	90
-117.570589751	45.5	90
-117.838066682	45	90
-118	44.8066732436	90
-118.209331125	44.5	90
-118.5	44.1981286108	90
-118.629950702	44	90
-119	43.6341408193	90
-119.073389828	43.5	90
-119.5	43.0253789127	90
-119.515151143	43	90
-119.912037939	42.5	90
-120	42.4106374606	90
-120.394463174	42	90
-120.5	41.912759386	90
-121	41.5635412037	90
-121.381177388	41.5	90
-121.5	41.4528704844	90
-122	41.4463312179	90
-122.134845972	41.5	90
-122.5	41.5466892421	90
-123	41.7077835202	90
-123.282828212	42	90
-123.391166002	42.5	90
-123.427234739	43	90
-123.400880784	43.5	90
-123.212460309	44	90
-123	44.2487363219	90
-122.634305477	44.5	90
-122.5	44.6304262727	90
-122	44.9715177417	90
-121.931300759	45	90
-121.5	45.3150107265	90
-121	45.4956952929	90
-120.985629261	45.5	90
-120.5	45.8192167878	90
-120	45.9972419441	90
-119.991054177	46	90
-119.5	46.2744142413	90
-119	46.440248847	90
-118.712358966	46.5	90
-118.5	46.5615281463	90
> 100 contour -Z100
-119.5	46.1359331012	100
-119	46.2935481369	100
-118.5	46.3623154759	100
-118	46.25990358	100
-117.758048534	46	100
-117.792152271	45.5	100
-118	45.0921660364	100
-118.033269554	45	100
-118.37679603	44.5	100
-118.5	44.3720476925	100
-118.744022608	44	100
-119	43.7469210625	100
-119.135093093	43.5	100
-119.5	43.0940262973	100
-119.556133389	43	100
-120	42.5045108199	100
-120.003086716	42.5	100
-120.48969582	42	100
-120.5	41.9914821871	100
-121	41.589710325	100
-121.5	41.5037742257	100
-122	41.5014782846	100
-122.5	41.5658508837	100
-123	41.7392472625	100
-123.252375335	42	100
-123.366539598	42.5	100
-123.403953582	43	100
-123.37386325	43.5	100
-123.161060706	44	100
-123	44.188560605	100
-122.546724461	44.5	100
-122.5	44.5453749001	100
-122	44.937854737	100
-121.850105584	45	100
-121.5	45.2557079196	100
-121	45.4544227719	100
-120.847846478	45.5	100
-120.5	45.7286485583	100
-120	45.9208419323	100
-119.743247285	46	100
-119.5	46.1359331012	100
> 110 contour -Z110
-119	46.1468474269	110
-118.5	46.165426299	110
-118.120403022	46	110
-118.012572676	45.5	110
-118.190201223	45	110
-118.5	44.5590376556	110
-118.523800492	44.5	110
-118.858094513	44	110
-119	43.8597013354	110
-119.196796328	43.5	110
-119.5	43.1626736522	110
-119.597115666	43	110
-120	42.5502593815	110
-120.034392476	42.5	110
-120.5	42.0282846987	110
-120.528638035	42	110
-121	41.6158794165	110
-121.5	41.5192995667	110
-122	41.5162317157	110
-122.5	41.5850125253	110
-123	41.7707110345	110
-123.221922427	42	110
-123.341913164	42.5	110
-123.380672425	43	110
-123.346845716	43.5	110
-123.109661095	44	110
-123	44.1283849031	110
-122.5	44.4914794862	110
-122.481300354	44.5	110
-122	44.9041917324	110
-121.768910378	45	110
-121.5	45.196405068	110
-121	45.4131502509	110
-120.710063681	45.5	110
-120.5	45.6380803287	110
-120	45.8444418907	110
-119.5	45.9983618259	110
-119.490975171	46	110
-119	46.1468474269	110
> 120 contour -Z120
-119	46.0001467466	120
-118.996889886	46	120
-118.5	45.9487689435	120
-118.215684325	45.5	120
-118.347132906	45	120
-118.5	44.7824115604	120
-118.613851666	44.5	120
-118.972166426	44	120
-119	43.9724815898	120
-119.258499593	43.5	120
-119.5	43.231321007	120
-119.638097912	43	120
-120	42.596007973	120
-120.065698266	42.5	120
-120.5	42.0600011349	120
-120.560750663	42	120
-121	41.6420485377	120
-121.5	41.5348249078	120
-122	41.5309851468	120
-122.5	41.6041741669	120
-123	41.8021747917	120
-123.19146952	42	120
-123.31728676	42.5	120
-123.357391298	43	120
-123.319828182	43.5	120
-123.058261488	44	120
-123	44.0682092011	120
-122.5	44.4732148051	120
-122.441215366	44.5	120
-122	44.8705287278	120
-121.687715188	45	120
-121.5	45.1371022463	120
-121	45.3718777299	120
-120.572280884	45.5	120
-120.5	45.5475121103	120
-120	45.7680418789	120
-119.5	45.9093289077	120
-119.000490589	46	120
-119	46.0001467466	120
> 130 contour -Z130
-120	45.6916418374	130
-119.5	45.8202959895	130
-119	45.8598563373	130
-118.5	45.6281739175	130
-118.418795943	45.5	130
-118.5	45.0304207802	130
-118.502907455	45	130
-118.703902811	44.5	130
-119	44.0934694707	130
-119.036633939	44	130
-119.320202842	43.5	130
-119.5	43.2999683917	130
-119.679080188	43	130
-120	42.6417565644	130
-120.097004026	42.5	130
-120.5	42.091717571	130
-120.592863292	42	130
-121	41.6682176292	130
-121.5	41.5503502488	130
-122	41.5457386076	130
-122.5	41.6233358085	130
-123	41.8336385489	130
-123.161016628	42	130
-123.292660326	42.5	130
-123.334110141	43	130
-123.292810649	43.5	130
-123.006861882	44	130
-123	44.0080334973	130
-122.5	44.4549500942	130
-122.401130408	44.5	130
-122	44.8368657231	130
-121.606519997	45	130
-121.5	45.0777994096	130
-121	45.3306052089	130
-120.5	45.4810752869	130
-120.420336515	45.5	130
-120	45.6916418374	130
> 140 contour -Z140
-120	45.6152417958	140
-119.5	45.7312630564	140
-119	45.7195723653	140
-118.638588727	45.5	140
-118.615163594	45	140
-118.79395397	44.5	140
-119	44.2171064019	140
-119.085091531	44	140
-119.3819061	43.5	140
-119.5	43.3686157465	140
-119.720062435	43	140
-120	42.687505126	140
-120.128309786	42.5	140
-120.5	42.1234340072	140
-120.62497592	42	140
-121	41.6943867505	140
-121.5	41.5658755898	140
-122	41.5604920387	140
-122.5	41.6424974501	140
-123	41.865102306	140
-123.130563736	42	140
-123.268033922	42.5	140
-123.310828984	43	140
-123.265793115	43.5	140
-123	43.9595256448	140
-122.982512772	44	140
-122.5	44.4366853833	140
-122.36104542	44.5	140
-122	44.8032027185	140
-121.525324807	45	140
-121.5	45.018496573	140
-121	45.2893326879	140
-120.5	45.4412673414	140
-120.25276494	45.5	140
-120	45.6152417958	140
> 150 contour -Z150
-120	45.538841784	150
-119.5	45.6422301382	150
-119	45.5792884007	150
-118.869493052	45.5	150
-118.727419704	45	150
-118.884005129	44.5	150
-119	44.3407433182	150
-119.133549124	44	150
-119.443609349	43.5	150
-119.5	43.4372631162	150
-119.761044696	43	150
-120	42.7332537174	150
-120.159615546	42.5	150
-120.5	42.1551504135	150
-120.657088548	42	150
-121	41.7205558419	150
-121.5	41.5814009607	150
-122	41.5752454698	150
-122.5	41.6616590917	150
-123	41.8965660632	150
-123.100110836	42	150
-123.243407503	42.5	150
-123.287547827	43	150
-123.238775581	43.5	150
-123	43.9128154516	150
-122.962331295	44	150
-122.5	44.4184206724	150
-122.320960432	44.5	150
-122	44.7695397139	150
-121.5	44.9852516353	150
-121.448637009	45	150
-121	45.2480601817	150
-120.5	45.4014593661	150
-120.085193381	45.5	150
-120	45.538841784	150
> 160 contour -Z160
-119.5	45.5531972349	160
-119.210597783	45.5	160
-119	45.3833063245	160
-118.839675829	45	160
-118.97405629	44.5	160
-119	44.4643802457	160
-119.182006717	44	160
-119.5	43.5064751804	160
-119.502490073	43.5	160
-119.802026957	43	160
-120	42.7790022939	160
-120.190921307	42.5	160
-120.5	42.1868668497	160
-120.689201176	42	160
-121	41.7467249632	160
-121.5	41.5969263017	160
-122	41.5899989307	160
-122.5	41.6808207333	160
-123	41.9280298203	160
-123.069657937	42	160
-123.218781084	42.5	160
-123.26426667	43	160
-123.211758047	43.5	160
-123	43.8661052287	160
-122.942149818	44	160
-122.5	44.4001559615	160
-122.280875474	44.5	160
-122	44.7358766943	160
-121.5	44.9638181627	160
-121.373992324	45	160
-121	45.2067876756	160
-120.5	45.3616513908	160
-120	45.4758249223	160
-119.774309188	45.5	160
-119.5	45.5531972349	160
> 170 contour -Z170
-121	45.1655151546	170
-120.5	45.3218434453	170
-120	45.4266486466	170
-119.5	45.4635615349	170
-119	45.1149220765	170
-118.951931953	45	170
-119	44.8122095764	170
-119.042441219	44.5	170
-119.230464309	44	170
-119.5	43.5816812515	170
-119.531411201	43.5	170
-119.843009219	43	170
-120	42.8247508854	170
-120.222227067	42.5	170
-120.5	42.2185832858	170
-120.721313804	42	170
-121	41.7728940547	170
-121.5	41.6124516428	170
-122	41.6047523618	170
-122.5	41.6999823749	170
-123	41.9594935812	170
-123.039205037	42	170
-123.194154665	42.5	170
-123.240985513	43	170
-123.184740514	43.5	170
-123	43.8193950355	170
-122.921968341	44	170
-122.5	44.3818912506	170
-122.240790486	44.5	170
-122	44.7022136897	170
-121.5	44.94238469	170
-121.299347609	45	170
-121	45.1655151546	170
> 180 contour -Z180
-121	45.1242426336	180
-120.5	45.28203547	180
-120	45.3774723411	180
-119.5	45.3730310202	180
-119.060929626	45	180
-119.102057993	44.5	180
-119.278921902	44	180
-119.5	43.6568873227	180
-119.560332328	43.5	180
-119.883991487	43	180
-120	42.8704994619	180
-120.253532842	42.5	180
-120.5	42.2502997071	180
-120.753426418	42	180
-121	41.799063161	180
-121.5	41.6279769838	180
-122	41.6195057929	180
-122.5	41.7191440165	180
-123	41.9909573384	180
-123.008752141	42	180
-123.169528246	42.5	180
-123.217704356	43	180
-123.15772298	43.5	180
-123	43.7726848423	180
-122.901786894	44	180
-122.5	44.3636265695	180
-122.200705513	44.5	180
-122	44.668550685	180
-121.5	44.9209512174	180
-121.22470291	45	180
-121	45.1242426336	180
> 190 contour -Z190
-121	45.0829701126	190
-120.5	45.2422274947	190
-120	45.3282960355	190
-119.5	45.2825005054	190
-119.167487174	45	190
-119.161674768	44.5	190
-119.32737951	44	190
-119.5	43.7320933938	190
-119.589253455	43.5	190
-119.924973749	43	190
-120	42.9162480384	190
-120.284838602	42.5	190
-120.5	42.2820161432	190
-120.785539046	42	190
-121	41.8252322674	190
-121.5	41.6435023248	190
-122	41.6342592239	190
-122.5	41.7383056581	190
-122.975204915	42	190
-123	42.0540127158	190
-123.144901827	42.5	190
-123.194423214	43	190
-123.130705446	43.5	190
-123	43.7259746343	190
-122.881605417	44	190
-122.5	44.3453618586	190
-122.16062054	44.5	190
-122	44.6348876804	190
-121.5	44.8995177448	190
-121.15005821	45	190
-121	45.0829701126	190
> 200 contour -Z200
-121	45.0416976213	200
-120.5	45.2024195343	200
-120	45.2791197598	200
-119.5	45.1919699758	200
-119.274044707	45	200
-119.221291542	44.5	200
-119.375837095	44	200
-119.5	43.8072994798	200
-119.618174583	43.5	200
-119.965956006	43	200
-120	42.9619966224	200
-120.316144362	42.5	200
-120.5	42.3137325644	200
-120.817651674	42	200
-121	41.8514013737	200
-121.5	41.6590276957	200
-122	41.6490126848	200
-122.5	41.7574672997	200
-122.94040972	42	200
-123	42.1298093498	200
-123.120275415	42.5	200
-123.171142057	43	200
-123.103687905	43.5	200
-123	43.6792644411	200
-122.861423939	44	200
-122.5	44.3270971477	200
-122.12053556	44.5	200
-122	44.6012246832	200
-121.5	44.8780842721	200
-121.075413518	45	200
-121	45.0416976213	200
> 210 contour -Z210
-121	45.0004251003	210
-120.5	45.162611559	210
-120	45.2299434543	210
-119.5	45.1014394611	210
-119.380602255	45	210
-119.280908331	44.5	210
-119.424294695	44	210
-119.5	43.8825055435	210
-119.64709571	43.5	210
-120	43.0068422556	210
-120.002657413	43	210
-120.347450137	42.5	210
-120.5	42.3454490006	210
-120.849764302	42	210
-121	41.8775704727	210
-121.5	41.6745530367	210
-122	41.6637661159	210
-122.5	41.7766289413	210
-122.905614525	42	210
-123	42.2056059539	210
-123.095648997	42.5	210
-123.1478609	43	210
-123.076670371	43.5	210
-123	43.6325542331	210
-122.841242462	44	210
-122.5	44.3088324368	210
-122.08045058	44.5	210
-122	44.5675616786	210
-121.5	44.8566507995	210
-121.000768817	45	210
-121	45.0004251003	210
> 220 contour -Z220
-120.5	45.1228035986	220
-120	45.1807671636	220
-119.5	45.0109089436	220
-119.487159797	45	220
-119.340525106	44.5	220
-119.472752288	44	220
-119.5	43.9577116184	220
-119.676016837	43.5	220
-120	43.0472573936	220
-120.018353969	43	220
-120.378755897	42.5	220
-120.5	42.3771654293	220
-120.881876923	42	220
-121	41.9037395716	220
-121.5	41.6900783777	220
-122	41.678519547	220
-122.5	41.7957905829	220
-122.87081933	42	220
-123	42.281402573	220
-123.071022578	42.5	220
-123.12457975	43	220
-123.049652841	43.5	220
-123	43.5858440325	220
-122.821060985	44	220
-122.5	44.2905677259	220
-122.040365603	44.5	220
-122	44.5338986702	220
-121.5	44.8352173269	220
-121	44.9800892472	220
-120.878552467	45	220
-120.5	45.1228035986	220
> 230 contour -Z230
-120.5	45.0829956234	230
-120	45.1315908581	230
-119.623685062	45	230
-119.5	44.8278528452	230
-119.400141895	44.5	230
-119.5	44.1035878062	230
-119.513559967	44	230
-119.704937965	43.5	230
-120	43.0876725316	230
-120.034050554	43	230
-120.410061657	42.5	230
-120.5	42.408881858	230
-120.913989551	42	230
-121	41.9299086779	230
-121.5	41.7056037188	230
-122	41.6932730079	230
-122.5	41.8149522245	230
-122.836024135	42	230
-123	42.357199192	230
-123.046396162	42.5	230
-123.101298593	43	230
-123.022635305	43.5	230
-123	43.5391338356	230
-122.800879508	44	230
-122.5	44.272303015	230
-122.000280624	44.5	230
-122	44.5002356657	230
-121.5	44.8137838542	230
-121	44.9599712789	230
-120.755841047	45	230
-120.5	45.0829956234	230
> 240 contour -Z240
-120.5	45.0431876481	240
-120	45.0824145675	240
-119.764316216	45	240
-119.5	44.6321198046	240
-119.459758673	44.5	240
-119.5	44.3402518034	240
-119.544540077	44	240
-119.733859092	43.5	240
-120	43.1280876994	240
-120.049747109	43	240
-120.441367421	42.5	240
-120.5	42.4405982867	240
-120.94610218	42	240
-121	41.9560777843	240
-121.5	41.7211290896	240
-122	41.708026439	240
-122.5	41.8341138661	240
-122.80122894	42	240
-123	42.4329958186	240
-123.021769743	42.5	240
-123.078017443	43	240
-123	43.4769163728	240
-122.998770386	43.5	240
-122.780698061	44	240
-122.5	44.2540383339	240
-122	44.4905726314	240
-121.966069639	44.5	240
-121.5	44.7923503816	240
-121	44.9398532808	240
-120.633129612	45	240
-120.5	45.0431876481	240
> 250 contour -Z250
-120.5	45.0033797026	250
-120	45.0332382731	250
-119.90494737	45	250
-119.514855504	44.5	250
-119.575520158	44	250
-119.762780219	43.5	250
-120	43.1685028374	250
-120.065443695	43	250
-120.472673187	42.5	250
-120.5	42.4723147172	250
-120.978214806	42	250
-121	41.9822468888	250
-121.5	41.7366544306	250
-122	41.72277987	250
-122.5	41.8532755077	250
-122.766433746	42	250
-122.999373853	42.5	250
-123	42.5235094726	250
-123.054736286	43	250
-123	43.334599942	250
-122.991189629	43.5	250
-122.760516584	44	250
-122.5	44.235773623	250
-122	44.4810787737	250
-121.931900054	44.5	250
-121.5	44.770916909	250
-121	44.9197353125	250
-120.510418188	45	250
-120.5	45.0033797026	250
> 260 contour -Z260
-121.5	44.7494834363	260
-121	44.8996173441	260
-120.5	44.9769775569	260
-120	44.9836935997	260
-119.560564786	44.5	260
-119.606500238	44	260
-119.791701347	43.5	260
-120	43.2089179754	260
-120.08114025	43	260
-120.5	42.5023702085	260
-120.501226395	42.5	260
-121	42.0030915737	260
-121.009874791	42	260
-121.5	41.7521797717	260
-122	41.7375333309	260
-122.5	41.8724371493	260
-122.731638551	42	260
-122.993976235	42.5	260
-123	42.7261766493	260
-123.031455133	43	260
-123	43.1922835261	260
-122.983608872	43.5	260
-122.740335107	44	260
-122.5	44.2175089121	260
-122	44.4715849161	260
-121.89773047	44.5	260
-121.5	44.7494834363	260
> 270 contour -Z270
-121.5	44.7280499637	270
-121	44.8794993758	270
-120.5	44.9518192112	270
-120	44.9333806336	270
-119.606274068	44.5	270
-119.637480319	44	270
-119.820622474	43.5	270
-120	43.2493331134	270
-120.096836805	43	270
-120.5	42.5210186541	270
-120.510875553	42.5	270
-121	42.0127046406	270
-121.040579975	42	270
-121.5	41.7677051127	270
-122	41.752286762	270
-122.5	41.8915987834	270
-122.696843356	42	270
-122.988578618	42.5	270
-123	42.9288438261	270
-123.008173981	43	270
-123	43.049967099	270
-122.976028085	43.5	270
-122.72015363	44	270
-122.5	44.1992442012	270
-122	44.4620910883	270
-121.863560885	44.5	270
-121.5	44.7280499637	270
> 280 contour -Z280
-121.5	44.7066164911	280
-121	44.8593814075	280
-120.5	44.9266608357	280
-120	44.8830676973	280
-119.651983321	44.5	280
-119.668460399	44	280
-119.849543601	43.5	280
-120	43.2897482514	280
-120.112533391	43	280
-120.5	42.5396670699	280
-120.52052471	42.5	280
-121	42.0223177075	280
-121.071285158	42	280
-121.5	41.7832304686	280
-122	41.767040208	280
-122.5	41.910760425	280
-122.662048161	42	280
-122.98318097	42.5	280
-122.996632248	43	280
-122.968447328	43.5	280
-122.699972168	44	280
-122.5	44.1809795052	280
-122	44.4525972307	280
-121.829391301	44.5	280
-121.5	44.7066164911	280
> 290 contour -Z290
-121.5	44.6851830184	290
-121	44.8392634392	290
-120.5	44.9015024602	290
-120	44.8327547312	290
-119.697692603	44.5	290
-119.699440509	44	290
-119.878464721	43.5	290
-120	43.3301634043	290
-120.128229946	43	290
-120.5	42.5583155155	290
-120.530173868	42.5	290
-121	42.0319307745	290
-121.101990312	42	290
-121.5	41.7987558097	290
-122	41.781793654	290
-122.5	41.9299220666	290
-122.627252966	42	290
-122.977783352	42.5	290
-122.991442293	43	290
-122.96086657	43.5	290
-122.679790691	44	290
-122.5	44.1627147943	290
-122	44.4431034029	290
-121.795221716	44.5	290
-121.5	44.6851830184	290
> 300 contour -Z300
-121.5	44.6637495458	300
-121	44.8191454709	300
-120.5	44.8763440847	300
-120	44.7824417949	300
-119.743401885	44.5	300
-119.730420589	44	300
-119.907385848	43.5	300
-120	43.3705785424	300
-120.143926501	43	300
-120.5	42.5769639611	300
-120.539823025	42.5	300
-121	42.0415438712	300
-121.132695496	42	300
-121.5	41.8142811656	300
-122	41.796547085	300
-122.5	41.9490837045	300
-122.592457764	42	300
-122.972385734	42.5	300
-122.986252367	43	300
-122.953285813	43.5	300
-122.659609213	44	300
-122.5	44.1444500834	300
-122	44.4336095452	300
-121.761052132	44.5	300
-121.5	44.6637495458	300
> 310 contour -Z310
-121.5	44.6423160732	310
-121	44.7990275025	310
-120.5	44.8511857092	310
-120	44.7321288288	310
-119.789111152	44.5	310
-119.76140067	44	310
-119.936306976	43.5	310
-120	43.4109936878	310
-120.159623086	43	310
-120.5	42.5956123769	310
-120.549472183	42.5	310
-121	42.0511569381	310
-121.16340068	42	310
-121.5	41.8298065066	310
-122	41.811300531	310
-122.5	41.9682453461	310
-122.557662569	42	310
-122.966988087	42.5	310
-122.981062442	43	310
-122.945705026	43.5	310
-122.639427751	44	310
-122.5	44.1261853874	310
-122	44.4241156876	310
-121.726882562	44.5	310
-121.5	44.6423160732	310
> 320 contour -Z320
-121.5	44.6208826005	320
-121	44.7789095044	320
-120.5	44.8260273337	320
-120	44.6818158776	320
-119.834820434	44.5	320
-119.792380765	44	320
-119.965228099	43.5	320
-120	43.4514088333	320
-120.175319642	43	320
-120.5	42.6142608225	320
-120.559121341	42.5	320
-121	42.060770005	320
-121.194105864	42	320
-121.5	41.8453318477	320
-122	41.826053977	320
-122.5	41.9874069868	320
-122.522867372	42	320
-122.961590469	42.5	320
-122.975872487	43	320
-122.938124269	43.5	320
-122.619246274	44	320
-122.5	44.1079206765	320
-122	44.4146218598	320
-121.692712978	44.5	320
-121.5	44.6208826005	320
> 330 contour -Z330
-121.5	44.5994491279	330
-121	44.7587915361	330
-120.5	44.8008689582	330
-120	44.6315029263	330
-119.880529702	44.5	330
-119.823360845	44	330
-119.994149227	43.5	330
-120	43.491823975	330
-120.191016197	43	330
-120.5	42.6329092383	330
-120.568770498	42.5	330
-121	42.0703830719	330
-121.224811047	42	330
-121.5	41.8608572036	330
-122	41.8408074081	330
-122.484604299	42	330
-122.5	42.0020197928	330
-122.956192851	42.5	330
-122.970682561	43	330
-122.930543512	43.5	330
-122.599064805	44	330
-122.5	44.089655973	330
-122	44.4051280022	330
-121.658543393	44.5	330
-121.5	44.5994491279	330
> 340 contour -Z340
-121.5	44.5780156553	340
-121	44.7386735678	340
-120.5	44.7757105827	340
-120	44.5811899751	340
-119.926238976	44.5	340
-119.854340926	44	340
-120	43.5725260079	340
-120.011413515	43.5	340
-120.206712782	43	340
-120.5	42.6515576839	340
-120.578419656	42.5	340
-121	42.0799961686	340
-121.255516216	42	340
-121.5	41.8763825521	340
-122	41.8555608541	340
-122.439692765	42	340
-122.5	42.0079118311	340
-122.950795203	42.5	340
-122.965492636	43	340
-122.922962755	43.5	340
-122.578883328	44	340
-122.5	44.0713912621	340
-122	44.3956341743	340
-121.624373816	44.5	340
-121.5	44.5780156553	340
> 350 contour -Z350
-121.5	44.5565821826	350
-121	44.7185555995	350
-120.5	44.7505522072	350
-120	44.5308770258	350
-119.971948249	44.5	350
-119.885321021	44	350
-120	43.6634450555	350
-120.02572155	43.5	350
-120.222409338	43	350
-120.5	42.6702061296	350
-120.588068813	42.5	350
-121	42.0896092355	350
-121.286221385	42	350
-121.5	41.8919078931	350
-122	41.8703142852	350
-122.394781262	42	350
-122.5	42.0138038695	350
-122.945397586	42.5	350
-122.960302681	43	350
-122.915381968	43.5	350
-122.558701858	44	350
-122.5	44.0531265587	350
-122	44.3861403167	350
-121.590204231	44.5	350
-121.5	44.5565821826	350
> 360 contour -Z360
-121.5	44.53514871	360
-121	44.6984376311	360
-120.5	44.7253938466	360
-120.020668179	44.5	360
-120	44.4374513328	360
-119.916301109	44	360
-120	43.7543640733	360
-120.040029585	43.5	360
-120.238105893	43	360
-120.5	42.6888545454	360
-120.597717971	42.5	360
-121	42.0992223024	360
-121.316926569	42	360
-121.5	41.9074332416	360
-122	41.885067746	360
-122.349869728	42	360
-122.5	42.0196959376	360
-122.939999968	42.5	360
-122.955112755	43	360
-122.907801211	43.5	360
-122.538520388	44	360
-122.5	44.0348618552	360
-122	44.3766464591	360
-121.556034651	44.5	360
-121.5	44.53514871	360
> 370 contour -Z370
-121.5	44.5137152374	370
-121	44.6783196628	370
-120.5	44.7002354711	370
-120.074171007	44.5	370
-120	44.2755342424	370
-119.947281193	44	370
-120	43.845283106	370
-120.054337621	43.5	370
-120.253802463	43	370
-120.5	42.707502991	370
-120.607367128	42.5	370
-121	42.1088353693	370
-121.347631738	42	370
-121.5	41.9229585901	370
-122	41.8998211846	370
-122.304958224	42	370
-122.5	42.025587976	370
-122.93460232	42.5	370
-122.94992283	43	370
-122.900220454	43.5	370
-122.518338915	44	370
-122.5	44.016597148	370
-122	44.3671526313	370
-121.52186507	44.5	370
-121.5	44.5137152374	370
> 380 contour -Z380
-121	44.6582016945	380
-120.5	44.6750771105	380
-120.127673835	44.5	380
-120	44.1136171818	380
-119.978261279	44	380
-120	43.9362021312	380
-120.068645656	43.5	380
-120.269499034	43	380
-120.5	42.7261514366	380
-120.617016286	42.5	380
-121	42.1184484661	380
-121.378336921	42	380
-121.5	41.9384839386	380
-122	41.9145746231	380
-122.260046691	42	380
-122.5	42.0314800441	380
-122.929204702	42.5	380
-122.944732875	43	380
-122.892639667	43.5	380
-122.5	43.9991202056	380
-122.498791188	44	380
-122	44.3576587737	380
-121.5	44.4969297349	380
-121.478106141	44.5	380
-121	44.6582016945	380
> 390 contour -Z390
-121	44.6380837262	390
-120.5	44.649918735	390
-120.181176662	44.5	390
-120.005834758	44	390
-120.082953691	43.5	390
-120.285195604	43	390
-120.5	42.7447998524	390
-120.626665443	42.5	390
-121	42.128061533	390
-121.409042098	42	390
-121.5	41.9540092871	390
-122	41.9293280616	390
-122.215135187	42	390
-122.5	42.0373720825	390
-122.923807085	42.5	390
-122.939542949	43	390
-122.88505891	43.5	390
-122.5	43.9894835949	390
-122.485551059	44	390
-122	44.3481649458	390
-121.5	44.4884035885	390
-121.417307019	44.5	390
-121	44.6380837262	390
> 400 contour -Z400
-121	44.617965728	400
-120.5	44.6247603595	400
-120.23467949	44.5	400
-120.025394738	44	400
-120.097261727	43.5	400
-120.300892174	43	400
-120.5	42.763448298	400
-120.636314601	42.5	400
-121	42.1376745999	400
-121.439747274	42	400
-121.5	41.9695346337	400
-122	41.9440815002	400
-122.170223668	42	400
-122.5	42.0432641506	400
-122.918409467	42.5	400
-122.934352994	43	400
-122.877478153	43.5	400
-122.5	43.979847014	400
-122.47231093	44	400
-122	44.3386710882	400
-121.5	44.4798774421	400
-121.356507868	44.5	400
-121	44.617965728	400
> 410 contour -Z410
-121	44.5978477597	410
-120.5	44.599601984	410
-120.288182318	44.5	410
-120.044954717	44	410
-120.111569762	43.5	410
-120.31658873	43	410
-120.5	42.7820967287	410
-120.645963758	42.5	410
-121	42.1472876668	410
-121.470452452	42	410
-121.5	41.9850599803	410
-122	41.9588349424	410
-122.12531215	42	410
-122.5	42.049156189	410
-122.913011819	42.5	410
-122.929163069	43	410
-122.869897395	43.5	410
-122.5	43.9702104032	410
-122.459070802	44	410
-122	44.3291772604	410
-121.5	44.4713513255	410
-121.295708746	44.5	410
-121	44.5978477597	410
> 420 contour -Z420
-121	44.5777297914	420
-120.5	44.574443616	420
-120.341685146	44.5	420
-120.064514697	44	420
-120.125877798	43.5	420
-120.3322853	43	420
-120.5	42.8007451594	420
-120.655612916	42.5	420
-121	42.1569007337	420
-121.5	42.0001735091	420
-121.510312766	42	420
-122	41.973588381	420
-122.080400638	42	420
-122.5	42.0550482273	420
-122.907614201	42.5	420
-122.923973143	43	420
-122.862316608	43.5	420
-122.5	43.9605737925	420
-122.445830703	44	420
-122	44.3196834028	420
-121.5	44.4628251791	420
-121.234909594	44.5	420
-121	44.5777297914	420
> 430 contour -Z430
-121	44.5576118231	430
-120.5	44.5492852405	430
-120.395187981	44.5	430
-120.084074676	44	430
-120.140185833	43.5	430
-120.34798187	43	430
-120.5	42.819393605	430
-120.665262073	42.5	430
-121	42.1665138304	430
-121.5	42.0047766864	430
-121.783850357	42	430
-122	41.9883418204	430
-122.035489116	42	430
-122.5	42.0609402955	430
-122.902216583	42.5	430
-122.918783188	43	430
-122.854735851	43.5	430
-122.5	43.9509371817	430
-122.432590574	44	430
-122	44.3101895452	430
-121.5	44.4542990327	430
-121.174110457	44.5	430
-121	44.5576118231	430
> 440 contour -Z440
-121	44.5374938548	440
-120.5	44.5241268706	440
-120.448690806	44.5	440
-120.103634655	44	440
-120.154493868	43.5	440
-120.363678426	43	440
-120.5	42.8380420357	440
-120.674911231	42.5	440
-121	42.1761268973	440
-121.5	42.0093798637	440
-122	42.0008033216	440
-122.5	42.0668323338	440
-122.896818936	42.5	440
-122.913593262	43	440
-122.847155094	43.5	440
-122.5	43.9413006008	440
-122.419350445	44	440
-122	44.3006957173	440
-121.5	44.4457728863	440
-121.113311313	44.5	440
-121	44.5374938548	440
> 450 contour -Z450
-121	44.5173758864	450
-120.522659659	44.5	450
-120.5	44.4989380836	450
-120.123194635	44	450
-120.168801904	43.5	450
-120.379374996	43	450
-120.5	42.8566904664	450
-120.684560388	42.5	450
-121	42.1857399642	450
-121.5	42.0139830112	450
-122	42.004632324	450
-122.5	42.072724402	450
-122.891421318	42.5	450
-122.908403337	43	450
-122.839574337	43.5	450
-122.5	43.93166399	450
-122.406110317	44	450
-122	44.2912018597	450
-121.5	44.4372467697	450
-121.052512176	44.5	450
-121	44.5173758864	450
> 460 contour -Z460
-122	44.281708017	460
-121.5	44.4287206233	460
-121	44.4984634519	460
-120.5	44.4730381966	460
-120.142754614	44	460
-120.183109939	43.5	460
-120.395071559	43	460
-120.5	42.8753389046	460
-120.694209546	42.5	460
-121	42.1953530312	460
-121.5	42.0185861886	460
-122	42.0084612966	460
-122.5	42.0786164403	460
-122.8860237	42.5	460
-122.903213382	43	460
-122.83199355	43.5	460
-122.5	43.9220273793	460
-122.392870188	44	460
-122	44.281708017	460
> 470 contour -Z470
-122	44.2722141743	470
-121.5	44.4201944768	470
-121	44.4871901572	470
-120.5	44.4471383095	470
-120.162314594	44	470
-120.197417974	43.5	470
-120.410768129	43	470
-120.5	42.8939873353	470
-120.703858703	42.5	470
-121	42.2049661279	470
-121.5	42.0231893361	470
-122	42.0122902989	470
-122.5	42.0845085084	470
-122.880626053	42.5	470
-122.898023456	43	470
-122.824412793	43.5	470
-122.5	43.9123907685	470
-122.379630059	44	470
-122	44.2722141743	470
> 480 contour -Z480
-122	44.2627203315	480
-121.5	44.4116683602	480
-121	44.4759168625	480
-120.5	44.4212384224	480
-120.181874573	44	480
-120.21172601	43.5	480
-120.426464692	43	480
-120.5	42.9126357734	480
-120.713507861	42.5	480
-121	42.2145791948	480
-121.5	42.0277925134	480
-122	42.0161192715	480
-122.5	42.0904005468	480
-122.875228435	42.5	480
-122.892833531	43	480
-122.816832036	43.5	480
-122.5	43.9027541578	480
-122.36638996	44	480
-122	44.2627203315	480
> 490 contour -Z490
-122	44.2532264888	490
-121.5	44.4031422138	490
-121	44.4646435678	490
-120.5	44.3953385353	490
-120.201434523	44	490
-120.226034045	43.5	490
-120.442161258	43	490
-120.5	42.9312842041	490
-120.723157018	42.5	490
-121	42.2241922617	490
-121.5	42.0323956907	490
-122	42.0199482441	490
-122.5	42.0962925851	490
-122.869830817	42.5	490
-122.887643576	43	490
-122.809251249	43.5	490
-122.5	43.8931175768	490
-122.353149831	44	490
-122	44.2532264888	490
> 500 contour -Z500
-122	44.2437326312	500
-121.5	44.3946160674	500
-121	44.4533702731	500
-120.5	44.3694386184	500
-120.220994502	44	500
-120.240342081	43.5	500
-120.457857825	43	500
-120.5	42.9499326423	500
-120.732806176	42.5	500
-121	42.2338053286	500
-121.5	42.0369988382	500
-122	42.0237772465	500
-122.5	42.1021846533	500
-122.864433169	42.5	500
-122.88245365	43	500
-122.801670492	43.5	500
-122.5	43.8834809661	500
-122.339909703	44	500
-122	44.2437326312	500
> 510 contour -Z510
-122	44.2342388034	510
-121.5	44.3860899508	510
-121	44.4420969784	510
-120.5	44.3435387313	510
-120.240554482	44	510
-120.254650116	43.5	510
-120.473554391	43	510
-120.5	42.9685810767	510
-120.742455333	42.5	510
-121	42.2434184253	510
-121.5	42.0416020155	510
-122	42.0276062191	510
-122.5	42.1080766916	510
-122.859035552	42.5	510
-122.877263695	43	510
-122.794089735	43.5	510
-122.5	43.8738443553	510
-122.326669574	44	510
-122	44.2342388034	510
> 520 contour -Z520
-122	44.2247449458	520
-121.5	44.3775638044	520
-121	44.4308236837	520
-120.5	44.3176388443	520
-120.260114476	44	520
-120.268958151	43.5	520
-120.489250956	43	520
-120.5	42.9872295102	520
-120.752104476	42.5	520
-121	42.2530314922	520
-121.5	42.046205163	520
-122	42.0314352214	520
-122.5	42.1139687598	520
-122.853637934	42.5	520
-122.87207377	43	520
-122.786508977	43.5	520
-122.5	43.8642077446	520
-122.313429445	44	520
-122	44.2247449458	520
> 530 contour -Z530
-122	44.2152510881	530
-121.5	44.369037658	530
-121	44.4195503592	530
-120.5	44.2917389572	530
-120.279674456	44	530
-120.283266187	43.5	530
-120.5	43.0101920664	530
-120.502116919	43	530
-120.761753634	42.5	530
-121	42.2626445591	530
-121.5	42.0508083403	530
-122	42.035264194	530
-122.5	42.1198607981	530
-122.848240316	42.5	530
-122.866883844	43	530
-122.77892819	43.5	530
-122.5	43.8545711637	530
-122.300189346	44	530
-122	44.2152510881	530
> 540 contour -Z540
-122	44.2057572603	540
-121.5	44.3605115116	540
-121	44.4082770646	540
-120.5	44.2658390701	540
-120.299234435	44	540
-120.297574222	43.5	540
-120.5	43.0425275266	540
-120.508833021	43	540
-120.771402791	42.5	540
-121	42.272257641	540
-121.5	42.0554115176	540
-122	42.0390931964	540
-122.5	42.1257528365	540
-122.842842668	42.5	540
-122.861693889	43	540
-122.771347433	43.5	540
-122.5	43.8449345529	540
-122.286949217	44	540
-122	44.2057572603	540
> 550 contour -Z550
-122	44.1962634027	550
-121.5	44.351985395	550
-121	44.3970037699	550
-120.5	44.2399391681	550
-120.318794414	44	550
-120.311882257	43.5	550
-120.5	43.0748630166	550
-120.515549123	43	550
-120.781051949	42.5	550
-121	42.2818707079	550
-121.5	42.0600146651	550
-122	42.042922169	550
-122.5	42.1316449046	550
-122.83744505	42.5	550
-122.856503963	43	550
-122.763766676	43.5	550
-122.5	43.8352979422	550
-122.273709089	44	550
-122	44.1962634027	550
> 560 contour -Z560
-122	44.1867695749	560
-121.5	44.3434592485	560
-121	44.3857304752	560
-120.5	44.214039281	560
-120.338354394	44	560
-120.326190293	43.5	560
-120.5	43.1071984768	560
-120.522265255	43	560
-120.790701106	42.5	560
-121	42.2914837748	560
-121.5	42.0646178424	560
-122	42.0467511415	560
-122.5	42.137536943	560
-122.832047433	42.5	560
-122.851314038	43	560
-122.756185919	43.5	560
-122.5	43.8256613314	560
-122.26046896	44	560
-122	44.1867695749	560
> 570 contour -Z570
-122	44.1772757173	570
-121.5	44.3349331021	570
-121	44.3744571805	570
-120.5	44.188139379	570
-120.357914373	44	570
-120.340498328	43.5	570
-120.5	43.139533937	570
-120.528981358	43	570
-120.800350264	42.5	570
-121	42.3010968566	570
-121.5	42.0692209899	570
-122	42.0505801439	570
-122.5	42.1434290111	570
-122.826649785	42.5	570
-122.846124083	43	570
-122.748605147	43.5	570
-122.5	43.8160247505	570
-122.247228846	44	570
-122	44.1772757173	570
> 580 contour -Z580
-122	44.1677818596	580
-121.5	44.3264069855	580
-121	44.3631838858	580
-120.5	44.1622394919	580
-120.377474353	44	580
-120.354806364	43.5	580
-120.5	43.1718693972	580
-120.53569749	43	580
-120.809999421	42.5	580
-121	42.3107099235	580
-121.5	42.0738241673	580
-122	42.0544091165	580
-122.5	42.1493210495	580
-122.821252167	42.5	580
-122.840934157	43	580
-122.741024375	43.5	580
-122.5	43.8063881397	580
-122.233988717	44	580
-122	44.1677818596	580
> 590 contour -Z590
-122	44.1582880318	590
-121.5	44.3178808391	590
-121	44.3519105911	590
-120.5	44.1363396049	590
-120.397034332	44	590
-120.369114399	43.5	590
-120.5	43.2042048872	590
-120.542413592	43	590
-120.819648579	42.5	590
-121	42.3203230053	590
-121.5	42.0784273446	590
-122	42.0582381189	590
-122.5	42.1552131176	590
-122.815854549	42.5	590
-122.835744202	43	590
-122.733443618	43.5	590
-122.5	43.796751529	590
-122.220748588	44	590
-122	44.1582880318	590
> 600 contour -Z600
-122	44.1487941742	600
-121.5	44.3093546927	600
-121	44.3406372964	600
-120.5	44.1104397103	600
-120.416594312	44	600
-120.383422434	43.5	600
-120.5	43.2365403473	600
-120.549129695	43	600
-120.829297736	42.5	600
-121	42.3299360722	600
-121.5	42.0830304921	600
-122	42.0620670915	600
-122.5	42.1611051559	600
-122.810456902	42.5	600
-122.830554277	43	600
-122.725862846	43.5	600
-122.5	43.7871149182	600
-122.207508475	44	600
-122	44.1487941742	600
> 610 contour -Z610
-122	44.1393003464	610
-121.5	44.3008285463	610
-121	44.3293640018	610
-120.5	44.0845398158	610
-120.436154291	44	610
-120.39773047	43.5	610
-120.5	43.2688758075	610
-120.555845827	43	610
-120.838946894	42.5	610
-121	42.339549154	610
-121.5	42.0876336694	610
-122	42.0658960938	610
-122.5	42.1669971943	610
-122.805059284	42.5	610
-122.825364351	43	610
-122.718282089	43.5	610
-122.5	43.7774783075	610
-122.194268346	44	610
-122	44.1393003464	610
> 620 contour -Z620
-122	44.1298064888	620
-121.5	44.2923024297	620
-121	44.3180907071	620
-120.5	44.058639925	620
-120.455714267	44	620
-120.412038505	43.5	620
-120.5	43.3012112826	620
-120.562561929	43	620
-120.848596051	42.5	620
-121	42.349162221	620
-121.5	42.0922368467	620
-122	42.0697250664	620
-122.5	42.1728892624	620
-122.799661666	42.5	620
-122.820174396	43	620
-122.710701317	43.5	620
-122.5	43.7678417265	620
-122.181028217	44	620
-122	44.1298064888	620
> 630 contour -Z630
-122	44.1203126311	630
-121.5	44.2837762833	630
-121	44.3068174124	630
-120.5	44.0327400304	630
-120.475274248	44	630
-120.42634654	43.5	630
-120.5	43.3335467428	630
-120.569278061	43	630
-120.858245209	42.5	630
-121	42.3587753028	630
-121.5	42.0968399942	630
-122	42.073554039	630
-122.5	42.1787813008	630
-122.794264019	42.5	630
-122.814984471	43	630
-122.703120545	43.5	630
-122.5	43.7582051158	630
-122.167788103	44	630
-122	44.1203126311	630
> 640 contour -Z640
-122	44.1108188033	640
-121.5	44.2752501369	640
-121	44.2955441177	640
-120.5	44.0068401387	640
-120.494834227	44	640
-120.440654576	43.5	640
-120.5	43.3658822179	640
-120.575994164	43	640
-120.867894366	42.5	640
-121	42.3683883697	640
-121.5	42.1014431715	640
-122	42.0773830414	640
-122.5	42.1846733689	640
-122.788866401	42.5	640
-122.809794545	43	640
-122.695539787	43.5	640
-122.5	43.748568505	640
-122.154547974	44	640
-122	44.1108188033	640
> 650 contour -Z650
-122	44.1013249457	650
-121.5	44.2667240202	650
-121	44.284270823	650
-120.514178008	44	650
-120.5	43.9052553177	650
-120.454962611	43.5	650
-120.5	43.3982176781	650
-120.582710296	43	650
-120.877543516	42.5	650
-121	42.378001444	650
-121.5	42.106046319	650
-122	42.081212014	650
-122.5	42.1905654073	650
-122.783468783	42.5	650
-122.80460459	43	650
-122.687959015	43.5	650
-122.5	43.7389319092	650
-122.141307846	44	650
-122	44.1013249457	650
> 660 contour -Z660
-122	44.0918311179	660
-121.5	44.2581978738	660
-121	44.2729975283	660
-120.533444196	44	660
-120.5	43.7765087783	660
-120.469270647	43.5	660
-120.5	43.4305531457	660
-120.589426398	43	660
-120.887192674	42.5	660
-121	42.3876145184	660
-121.5	42.1106494963	660
-122	42.0850410163	660
-122.5	42.1964574754	660
-122.778071165	42.5	660
-122.799414665	43	660
-122.680378258	43.5	660
-122.5	43.7292952985	660
-122.128067732	44	660
-122	44.0918311179	660
> 670 contour -Z670
-122	44.0823372602	670
-121.5	44.2496717423	670
-121	44.2617242336	670
-120.552710384	44	670
-120.5	43.6477622539	670
-120.483578682	43.5	670
-120.5	43.4628886171	670
-120.596142501	43	670
-120.896841832	42.5	670
-121	42.3972275928	670
-121.5	42.1152526736	670
-122	42.0888699889	670
-122.5	42.2023495138	670
-122.772673517	42.5	670
-122.794224739	43	670
-122.672797486	43.5	670
-122.5	43.7196587026	670
-122.114827603	44	670
-122	44.0823372602	670
> 680 contour -Z680
-122	44.0728434324	680
-121.5	44.2411455959	680
-121	44.2504509389	680
-120.571976572	44	680
-120.5	43.5190157294	680
-120.497886718	43.5	680
-120.5	43.4952240847	680
-120.602858633	43	680
-120.906490989	42.5	680
-121	42.4068406671	680
-121.5	42.1198558211	680
-122	42.0926989913	680
-122.5	42.2082415521	680
-122.7672759	42.5	680
-122.789034784	43	680
-122.665216729	43.5	680
-122.5	43.7100220919	680
-122.101587482	44	680
-122	44.0728434324	680
> 690 contour -Z690
-122	44.0633495748	690
-121.5	44.2326194644	690
-121	44.2391776443	690
-120.59124276	44	690
-120.507290155	43.5	690
-120.609574735	43	690
-120.916140147	42.5	690
-121	42.4164537415	690
-121.5	42.1244589984	690
-122	42.0965279639	690
-122.5	42.2141336203	690
-122.761878282	42.5	690
-122.783844858	43	690
-122.657635957	43.5	690
-122.5	43.7003854811	690
-122.08834736	44	690
-122	44.0633495748	690
> 700 contour -Z700
-122	44.0538557172	700
-121.5	44.224093318	700
-121	44.2279043496	700
-120.610508949	44	700
-120.51584366	43.5	700
-120.616290867	43	700
-120.925789304	42.5	700
-121	42.4260668159	700
-121.5	42.1290621459	700
-122	42.1003569365	700
-122.5	42.2200256586	700
-122.756480634	42.5	700
-122.778654903	43	700
-122.6500552	43.5	700
-122.5	43.6907488853	700
-122.075107232	44	700
-122	44.0538557172	700
> 710 contour -Z710
-122	44.0443618894	710
-121.5	44.2155671865	710
-121	44.2166310549	710
-120.629775137	44	710
-120.524397165	43.5	710
-120.62300697	43	710
-120.935438462	42.5	710
-121	42.4356798902	710
-121.5	42.1336653233	710
-122	42.1041859388	710
-122.5	42.2259177268	710
-122.751083016	42.5	710
-122.773464978	43	710
-122.642474428	43.5	710
-122.5	43.6811122745	710
-122.06186711	44	710
-122	44.0443618894	710
> 720 contour -Z720
-122	44.0348680317	720
-121.5	44.2070410401	720
-121	44.2053577602	720
-120.649041325	44	720
-120.53295067	43.5	720
-120.629723102	43	720
-120.945087615	42.5	720
-121	42.4452929609	720
-121.5	42.1382685006	720
-122	42.1080149114	720
-122.5	42.2318097651	720
-122.745685384	42.5	720
-122.768275052	43	720
-122.634893671	43.5	720
-122.5	43.6714756787	720
-122.048626989	44	720
-122	44.0348680317	720
> 730 contour -Z730
-122	44.0253742039	730
-121.5	44.1985149086	730
-121	44.1940844655	730
-120.668307513	44	730
-120.541504174	43.5	730
-120.636439204	43	730
-120.954736773	42.5	730
-121	42.4549060352	730
-121.5	42.1428716481	730
-122	42.1118439138	730
-122.5	42.2377018034	730
-122.740287766	42.5	730
-122.763085097	43	730
-122.627312899	43.5	730
-122.5	43.6618390679	730
-122.035386864	44	730
-122	44.0253742039	730
> 740 contour -Z740
-122	44.0158803463	740
-121.5	44.189988777	740
-121	44.1828111708	740
-120.687573671	44	740
-120.55005765	43.5	740
-120.643155307	43	740
-120.96438593	42.5	740
-121	42.4645191096	740
-121.5	42.1474748254	740
-122	42.1156728864	740
-122.5	42.2435938716	740
-122.734890133	42.5	740
-122.757895172	43	740
-122.619732134	43.5	740
-122.5	43.6522024721	740
-122.022146741	44	740
-122	44.0158803463	740
> 750 contour -Z750
-122	44.0063864887	750
-121.5	44.1814626306	750
-121	44.1715378761	750
-120.706839859	44	750
-120.558611155	43.5	750
-120.649871439	43	750
-120.974035088	42.5	750
-121	42.4741321839	750
-121.5	42.1520779729	750
-122	42.1195018888	750
-122.5	42.2494859099	750
-122.729492515	42.5	750
-122.752705246	43	750
-122.612151369	43.5	750
-122.5	43.6425658613	750
-122.008906618	44	750
-122	44.0063864887	750
> 760 contour -Z760
-121.5	44.1729364991	760
-121	44.1602645814	760
-120.726106048	44	760
-120.56716466	43.5	760
-120.656587541	43	760
-120.983684244	42.5	760
-121	42.4837452564	760
-121.5	42.1566811502	760
-122	42.1233308613	760
-122.5	42.2553779781	760
-122.724094883	42.5	760
-122.747515306	43	760
-122.604570605	43.5	760
-122.5	43.6329292655	760
-122	43.9981046617	760
-121.992059797	44	760
-121.5	44.1729364991	760
> 770 contour -Z770
-121.5	44.1644103527	770
-121	44.1489912868	770
-120.745372236	44	770
-120.575718164	43.5	770
-120.663303673	43	770
-120.993333401	42.5	770
-121	42.4933583308	770
-121.5	42.1612843275	770
-122	42.1271598339	770
-122.5	42.2612700164	770
-122.71869725	42.5	770
-122.742325366	43	770
-122.59698984	43.5	770
-122.5	43.6232926548	770
-122	43.9923138618	770
-121.9678002	44	770
-121.5	44.1644103527	770
> 780 contour -Z780
-121.5	44.1558842361	780
-121	44.1377179921	780
-120.764638439	44	780
-120.584271669	43.5	780
-120.670019776	43	780
-121	42.503125906	780
-121.002120256	42.5	780
-121.5	42.165887475	780
-122	42.1309888363	780
-122.5	42.2671620697	780
-122.713299632	42.5	780
-122.737135425	43	780
-122.589409076	43.5	780
-122.5	43.6136560515	780
-122	43.986523062	780
-121.943540603	44	780
-121.5	44.1558842361	780
> 790 contour -Z790
-121.5	44.1473580897	790
-121	44.1264446974	790
-120.783904627	44	790
-120.592825174	43.5	790
-120.676735878	43	790
-121	42.5132388175	790
-121.008979678	42.5	790
-121.5	42.1704906523	790
-122	42.1348178089	790
-122.5	42.2730541229	790
-122.707901999	42.5	790
-122.731945485	43	790
-122.581828311	43.5	790
-122.5	43.6040194482	790
-122	43.9807322621	790
-121.919281006	44	790
-121.5	44.1473580897	790
> 800 contour -Z800
-121.5	44.1388319433	800
-121	44.1151713952	800
-120.8031708	44	800
-120.601378679	43.5	800
-120.68345201	43	800
-121	42.5233517587	800
-121.01583913	42.5	800
-121.5	42.1750938296	800
-122	42.1386468112	800
-122.5	42.2789461762	800
-122.702504382	42.5	800
-122.726755559	43	800
-122.574247546	43.5	800
-122.5	43.5943828449	800
-122	43.9749414623	800
-121.895021409	44	800
-121.5	44.1388319433	800
> 810 contour -Z810
-121.5	44.1303057969	810
-121	44.1038981006	810
-120.822436988	44	810
-120.609932154	43.5	810
-120.690168113	43	810
-121	42.5334646702	810
-121.022698551	42.5	810
-121.5	42.1796969771	810
-122	42.1424757838	810
-122.5	42.2848382294	810
-122.697106749	42.5	810
-122.721565619	43	810
-122.566666774	43.5	810
-122.5	43.5847462416	810
-122	43.9691506326	810
-121.870761812	44	810
-121.5	44.1303057969	810
> 820 contour -Z820
-121.5	44.1217796803	820
-121	44.0926248059	820
-120.841703176	44	820
-120.618485659	43.5	820
-120.696884245	43	820
-121	42.5435775816	820
-121.029558003	42.5	820
-121.5	42.1843001544	820
-122	42.1463047862	820
-122.5	42.2907302827	820
-122.691709116	42.5	820
-122.716375679	43	820
-122.559086014	43.5	820
-122.5	43.5751096383	820
-122	43.9633598328	820
-121.846502215	44	820
-121.5	44.1217796803	820
> 830 contour -Z830
-121.5	44.1132535338	830
-121	44.0813515112	830
-120.860969365	44	830
-120.627039164	43.5	830
-120.703600347	43	830
-121	42.5536904931	830
-121.036417425	42.5	830
-121.5	42.188903302	830
-122	42.1501337588	830
-122.5	42.296622321	830
-122.686311498	42.5	830
-122.711185738	43	830
-122.551505249	43.5	830
-122.5	43.5654730275	830
-122	43.9575690329	830
-121.822242647	44	830
-121.5	44.1132535338	830
> 840 contour -Z840
-121.5	44.1047273874	840
-121	44.0700782165	840
-120.880235553	44	840
-120.635592669	43.5	840
-120.710316479	43	840
-121	42.5638034344	840
-121.043276876	42.5	840
-121.5	42.1935064793	840
-122	42.1539627314	840
-122.5	42.3025143743	840
-122.680913866	42.5	840
-122.705995813	43	840
-122.543924481	43.5	840
-122.5	43.555836428	840
-122	43.9517782331	840
-121.79798305	44	840
-121.5	44.1047273874	840
> 850 contour -Z850
-121.5	44.0962012708	850
-121	44.0588049181	850
-120.899501741	44	850
-120.644146174	43.5	850
-120.717032582	43	850
-121	42.5739163458	850
-121.050136298	42.5	850
-121.5	42.1981096566	850
-122	42.1577917337	850
-122.5	42.3084064275	850
-122.675516248	42.5	850
-122.700805873	43	850
-122.536343716	43.5	850
-122.5	43.5461998247	850
-122	43.9459874332	850
-121.773723453	44	850
-121.5	44.0962012708	850
> 860 contour -Z860
-121.5	44.0876751244	860
-121	44.0475316234	860
-120.918767929	44	860
-120.652699679	43.5	860
-120.723748684	43	860
-121	42.5840292573	860
-121.05699572	42.5	860
-121.5	42.2027128041	860
-122	42.1616207063	860
-122.5	42.3142984807	860
-122.670118615	42.5	860
-122.695615932	43	860
-122.528762951	43.5	860
-122.5	43.5365632176	860
-122	43.9401966333	860
-121.749463841	44	860
-121.5	44.0876751244	860
> 870 contour -Z870
-121.5	44.079148978	870
-121	44.0362583287	870
-120.938034113	44	870
-120.661253184	43.5	870
-120.730464816	43	870
-121	42.5941421986	870
-121.063855171	42.5	870
-121.5	42.2073159814	870
-122	42.1654497087	870
-122.5	42.320190534	870
-122.664720982	42.5	870
-122.690425992	43	870
-122.521182187	43.5	870
-122.5	43.5269266143	870
-122	43.9344058335	870
-121.725204244	44	870
-121.5	44.079148978	870
> 880 contour -Z880
-121.5	44.0706228316	880
-121	44.0249850322	880
-120.957300302	44	880
-120.669806689	43.5	880
-120.737180918	43	880
-121	42.60425511	880
-121.070714593	42.5	880
-121.5	42.2119191289	880
-122	42.1692786813	880
-122.5	42.3260825872	880
-122.659323364	42.5	880
-122.685236067	43	880
-122.513601421	43.5	880
-122.5	43.517290011	880
-122	43.9286150336	880
-121.700944647	44	880
-121.5	44.0706228316	880
> 890 contour -Z890
-121.5	44.062096715	890
-121	44.0137117375	890
-120.97656649	44	890
-120.678360164	43.5	890
-120.743897051	43	890
-121	42.6143680215	890
-121.077574044	42.5	890
-121.5	42.2165223062	890
-122	42.1731076837	890
-122.5	42.3319746256	890
-122.653925732	42.5	890
-122.680046126	43	890
-122.506020656	43.5	890
-122.5	43.5076534068	890
-122	43.9228242338	890
-121.67668505	44	890
-121.5	44.062096715	890
> 900 contour -Z900
-121.5	44.0535705686	900
-121	44.0024384419	900
-120.995832676	44	900
-120.686913669	43.5	900
-120.750613153	43	900
-121	42.624480933	900
-121.084433466	42.5	900
-121.5	42.2211254835	900
-122	42.1769366562	900
-122.5	42.3378666788	900
-122.648528099	42.5	900
-122.674856186	43	900
-122.5	43.4969643652	900
-122.49857524	43.5	900
-122	43.9170334041	900
-121.652425453	44	900
-121.5	44.0535705686	900
> 910 contour -Z910
-121.5	44.0450444221	910
-121.064589053	44	910
-121	43.9892310798	910
-120.695467174	43.5	910
-120.75732927	43	910
-121	42.6345938742	910
-121.091292918	42.5	910
-121.5	42.225728631	910
-122	42.1807656288	910
-122.5	42.3437587321	910
-122.643130481	42.5	910
-122.66966626	43	910
-122.5	43.4822138846	910
-122.491652161	43.5	910
-122	43.9112426043	910
-121.628165856	44	910
-121.5	44.0450444221	910
> 920 contour -Z920
-121.5	44.0365183055	920
-121.147004873	44	920
-121	43.9754899144	920
-120.704020679	43.5	920
-120.764045388	43	920
-121	42.6447067857	920
-121.098152339	42.5	920
-121.5	42.2303318083	920
-122	42.1845946312	920
-122.5	42.3496507853	920
-122.637732849	42.5	920
-122.66447632	43	920
-122.5	43.4674634039	920
-122.484729111	43.5	920
-122	43.9054518044	920
-121.603906266	44	920
-121.5	44.0365183055	920
> 930 contour -Z930
-121.5	44.0279921591	930
-121.229420692	44	930
-121	43.9617487192	930
-120.712574184	43.5	930
-120.770761505	43	930
-121	42.6548196971	930
-121.105011761	42.5	930
-121.5	42.2349349856	930
-122	42.1884236038	930
-122.5	42.3555428386	930
-122.632335231	42.5	930
-122.65928638	43	930
-122.5	43.4527129233	930
-122.477806032	43.5	930
-122	43.8996610045	930
-121.579646669	44	930
-121.5	44.0279921591	930
> 940 contour -Z940
-121.5	44.0194660127	940
-121.311836511	44	940
-121	43.9480075538	940
-120.721127689	43.5	940
-120.777477622	43	940
-121	42.6649326384	940
-121.111871213	42.5	940
-121.5	42.2395381331	940
-122	42.1922526062	940
-122.5	42.3614348918	940
-122.626937598	42.5	940
-122.654096439	43	940
-122.5	43.4379624426	940
-122.470882952	43.5	940
-122	43.8938702047	940
-121.555387069	44	940
-121.5	44.0194660127	940
> 950 contour -Z950
-121.5	44.0109398961	950
-121.394252323	44	950
-121	43.9342663884	950
-120.729681194	43.5	950
-120.784193724	43	950
-121	42.6750455499	950
-121.118730634	42.5	950
-121.5	42.2441413105	950
-122	42.1960815787	950
-122.5	42.3673269451	950
-122.621539973	42.5	950
-122.648906514	43	950
-122.5	43.423211962	950
-122.463959903	43.5	950
-122	43.8880794048	950
-121.531127473	44	950
-121.5	44.0109398961	950
> 960 contour -Z960
-121.5	44.0024137497	960
-121.476668136	44	960
-121	43.9205251932	960
-120.738234669	43.5	960
-120.790909842	43	960
-121	42.6851584613	960
-121.125590086	42.5	960
-121.5	42.248744458	960
-122	42.1999105811	960
-122.5	42.3732189834	960
-122.616142347	42.5	960
-122.643716574	43	960
-122.5	43.4084614813	960
-122.457036823	43.5	960
-122	43.882288605	960
-121.506867876	44	960
-121.5	44.0024137497	960
> 970 contour -Z970
-122	43.8764977902	970
-121.5	43.9952044785	970
-121	43.9067840278	970
-120.746788174	43.5	970
-120.797625959	43	970
-121	42.6952713728	970
-121.132449508	42.5	970
-121.5	42.2533476353	970
-122	42.2037395537	970
-122.5	42.3791110367	970
-122.610744715	42.5	970
-122.638526633	43	970
-122.5	43.3937109709	970
-122.450113773	43.5	970
-122	43.8764977902	970
> 980 contour -Z980
-122	43.8707069904	980
-121.5	43.988515228	980
-121	43.8930428624	980
-120.755341679	43.5	980
-120.804342076	43	980
-121	42.7053843141	980
-121.139308959	42.5	980
-121.5	42.2579507977	980
-122	42.2075685263	980
-122.5	42.3850030899	980
-122.605347089	42.5	980
-122.633336693	43	980
-122.5	43.3789604902	980
-122.443190694	43.5	980
-122	43.8707069904	980
> 990 contour -Z990
-122	43.8649161905	990
-121.5	43.9818259776	990
-121	43.879301697	990
-120.763895184	43.5	990
-120.811058193	43	990
-121	42.7154972255	990
-121.146168381	42.5	990
-121.5	42.2625539601	990
-122	42.2113975286	990
-122.5	42.3908951432	990
-122.599949464	42.5	990
-122.628146768	43	990
-122.5	43.3642100096	990
-122.436267614	43.5	990
-122	43.8649161905	990
> 1000 contour -Z1000
-122	43.8591253757	1000
-121.5	43.9751367271	1000
-121	43.8655605018	1000
-120.772448689	43.5	1000
-120.817774311	43	1000
-121	42.725610137	1000
-121.153027833	42.5	1000
-121.5	42.2671571374	1000
-122	42.2152265012	1000
-122.5	42.3967871889	1000
-122.594551839	42.5	1000
-122.622956827	43	1000
-122.5	43.3494595289	1000
-122.429344565	43.5	1000
-122	43.8591253757	1000
> 1010 contour -Z1010
-122	43.8533345759	1010
-121.5	43.9684474766	1010
-121	43.8518193364	1010
-120.781002179	43.5	1010
-120.824490428	43	1010
-121	42.7357230484	1010
-121.159887254	42.5	1010
-121.5	42.2717602998	1010
-122	42.2190555036	1010
-122.5	42.4026792422	1010
-122.589154206	42.5	1010
-122.617766887	43	1010
-122.5	43.3347090483	1010
-122.422421485	43.5	1010
-122	43.8533345759	1010
> 1020 contour -Z1020
-122	43.847543776	1020
-121.5	43.9617582262	1020
-121	43.838078171	1020
-120.789555684	43.5	1020
-120.83120653	43	1020
-121	42.7458359897	1020
-121.166746676	42.5	1020
-121.5	42.2763634622	1020
-122	42.2228844762	1020
-122.5	42.4085712954	1020
-122.583756581	42.5	1020
-122.612576954	43	1020
-122.5	43.3199585676	1020
-122.415498406	43.5	1020
-122	43.847543776	1020
> 1030 contour -Z1030
-122	43.8417529762	1030
-121.5	43.9550689757	1030
-121	43.8243370056	1030
-120.798109189	43.5	1030
-120.837922648	43	1030
-121	42.7559489012	1030
-121.173606128	42.5	1030
-121.5	42.2809666246	1030
-122	42.2267134786	1030
-122.5	42.4144633487	1030
-122.578358956	42.5	1030
-122.607387021	43	1030
-122.5	43.305208087	1030
-122.408575356	43.5	1030
-122	43.8417529762	1030
> 1040 contour -Z1040
-122	43.8359621614	1040
-121.5	43.9483797252	1040
-121	43.8105958104	1040
-120.806662694	43.5	1040
-120.844638765	43	1040
-121	42.7660618275	1040
-121.180465549	42.5	1040
-121.5	42.2855698019	1040
-122	42.2305424511	1040
-122.5	42.4203553945	1040
-122.57296133	42.5	1040
-122.602197081	43	1040
-122.5	43.2904576063	1040
-122.401652277	43.5	1040
-122	43.8359621614	1040
> 1050 contour -Z1050
-122	43.8301713616	1050
-121.5	43.9416904747	1050
-121	43.796854645	1050
-120.815216184	43.5	1050
-120.851354882	43	1050
-121	42.776174739	1050
-121.187325001	42.5	1050
-121.5	42.2901729643	1050
-122	42.2343714237	1050
-122.5	42.4262474477	1050
-122.567563705	42.5	1050
-122.597007148	43	1050
-122.5	43.2757071257	1050
-122.394729197	43.5	1050
-122	43.8301713616	1050
> 1060 contour -Z1060
-122	43.8243805617	1060
-121.5	43.9350012243	1060
-121	43.7831134796	1060
-120.823769689	43.5	1060
-120.858070999	43	1060
-121	42.7862876654	1060
-121.194184422	42.5	1060
-121.5	42.2947761267	1060
-122	42.2382004261	1060
-122.5	42.432139501	1060
-122.562166076	42.5	1060
-122.591817208	43	1060
-122.5	43.2609566152	1060
-122.387806147	43.5	1060
-122	43.8243805617	1060
> 1070 contour -Z1070
-122	43.8185897619	1070
-121.5	43.9283119738	1070
-121	43.7693722844	1070
-120.832323194	43.5	1070
-120.864787117	43	1070
-121	42.7964005768	1070
-121.201043874	42.5	1070
-121.5	42.2993792892	1070
-122	42.2420293987	1070
-122.5	42.4380315505	1070
-122.556768447	42.5	1070
-122.586627275	43	1070
-122.5	43.2462061495	1070
-122.380883068	43.5	1070
-122	43.8185897619	1070
> 1080 contour -Z1080
-122	43.812798962	1080
-121.5	43.9216227233	1080
-121	43.755631119	1080
-120.840876698	43.5	1080
-120.871503219	43	1080
-121	42.8065135032	1080
-121.207903296	42.5	1080
-121.5	42.3039824516	1080
-122	42.2458584011	1080
-122.5	42.4439236	1080
-122.551370822	42.5	1080
-122.581437334	43	1080
-122.5	43.2314556539	1080
-122.373959988	43.5	1080
-122	43.812798962	1080
> 1090 contour -Z1090
-122	43.8070081472	1090
-121.5	43.9149334729	1090
-121	43.7418899536	1090
-120.849430189	43.5	1090
-120.878219344	43	1090
-121	42.8166264147	1090
-121.214762717	42.5	1090
-121.5	42.3085856289	1090
-122	42.2496873736	1090
-122.5	42.4498156495	1090
-122.545973193	42.5	1090
-122.576247402	43	1090
-122.5	43.2167051733	1090
-122.367036939	43.5	1090
-122	43.8070081472	1090
> 1100 contour -Z1100
-122	43.8012173474	1100
-121.5	43.9082442224	1100
-121	43.7281487733	1100
-120.857983693	43.5	1100
-120.884935454	43	1100
-121	42.826739341	1100
-121.221622169	42.5	1100
-121.5	42.3131887913	1100
-122	42.2535163611	1100
-122.5	42.4557077028	1100
-122.540575568	42.5	1100
-122.571057461	43	1100
-122.5	43.2019546926	1100
-122.360113859	43.5	1100
-122	43.8012173474	1100
> 1110 contour -Z1110
-122	43.7954265475	1110
-121.5	43.9015549719	1110
-121	43.7144076079	1110
-120.866537198	43.5	1110
-120.891651571	43	1110
-121	42.8368522525	1110
-121.228481591	42.5	1110
-121.5	42.3177919537	1110
-122	42.2573453486	1110
-122.5	42.4615997523	1110
-122.535177939	42.5	1110
-122.565867528	43	1110
-122.5	43.187204212	1110
-122.35319078	43.5	1110
-122	43.7954265475	1110
> 1120 contour -Z1120
-122	43.7896357477	1120
-121.5	43.8948657215	1120
-121	43.7006664276	1120
-120.875090696	43.5	1120
-120.898367688	43	1120
-121	42.8469651788	1120
-121.235341042	42.5	1120
-121.5	42.3223951161	1120
-122	42.2611743361	1120
-122.5	42.4674918018	1120
-122.529780313	42.5	1120
-122.560677592	43	1120
-122.5	43.1724537164	1120
-122.34626773	43.5	1120
-122	43.7896357477	1120
> 1130 contour -Z1130
-122	43.7838449329	1130
-121.5	43.888176471	1130
-121	43.6869252473	1130
-120.883644193	43.5	1130
-120.905083798	43	1130
-121	42.8570781052	1130
-121.242200464	42.5	1130
-121.5	42.3269982934	1130
-122	42.2650033236	1130
-122.5	42.4733838532	1130
-122.524382686	42.5	1130
-122.555487655	43	1130
-122.5	43.1577032357	1130
-122.339344651	43.5	1130
-122	43.7838449329	1130
> 1140 contour -Z1140
-122	43.7780541331	1140
-121.5	43.8814872205	1140
-121	43.6731840819	1140
-120.892197698	43.5	1140
-120.911799915	43	1140
-121	42.8671910167	1140
-121.249059916	42.5	1140
-121.5	42.3316014558	1140
-122	42.2688322961	1140
-122.5	42.4792759046	1140
-122.518985059	42.5	1140
-122.550297718	43	1140
-122.5	43.1429527551	1140
-122.332421571	43.5	1140
-122	43.7780541331	1140
> 1150 contour -Z1150
-122	43.7722633332	1150
-121.5	43.8747979701	1150
-121	43.6594429016	1150
-120.900751196	43.5	1150
-120.918516032	43	1150
-121	42.8773039356	1150
-121.255919337	42.5	1150
-121.5	42.3362046182	1150
-122	42.2726612836	1150
-122.5	42.485167956	1150
-122.513587432	42.5	1150
-122.545107782	43	1150
-122.5	43.1282022744	1150
-122.325498521	43.5	1150
-122	43.7722633332	1150
> 1160 contour -Z1160
-122	43.7664725333	1160
-121.5	43.8681087196	1160
-121	43.6457017362	1160
-120.909304701	43.5	1160
-120.925232142	43	1160
-121	42.887416862	1160
-121.262778774	42.5	1160
-121.5	42.3408077806	1160
-122	42.2764902711	1160
-122.5	42.4910600064	1160
-122.508189805	42.5	1160
-122.539917845	43	1160
-122.5	43.1134517863	1160
-122.318575442	43.5	1160
-122	43.7664725333	1160
> 1170 contour -Z1170
-122	43.7606817186	1170
-121.5	43.8614194691	1170
-121	43.6319605559	1170
-120.917858198	43.5	1170
-120.931948259	43	1170
-121	42.8975297809	1170
-121.269638211	42.5	1170
-121.5	42.345410943	1170
-122	42.2803192586	1170
-122.5	42.4969520576	1170
-122.502792178	42.5	1170
-122.534727909	43	1170
-122.5	43.0987013057	1170
-122.311652362	43.5	1170
-122	43.7606817186	1170
> 1180 contour -Z1180
-122	43.7548909187	1180
-121.5	43.8547302186	1180
-121	43.6182193831	1180
-120.926411703	43.5	1180
-120.938664377	43	1180
-121	42.9076426998	1180
-121.276497647	42.5	1180
-121.5	42.3500141203	1180
-122	42.284148246	1180
-122.495755017	42.5	1180
-122.5	42.5390909612	1180
-122.529537972	43	1180
-122.5	43.0839508176	1180
-122.304729313	43.5	1180
-122	43.7548909187	1180
> 1190 contour -Z1190
-122	43.7491001189	1190
-121.5	43.8480409682	1190
-121	43.6044782102	1190
-120.934965201	43.5	1190
-120.94538049	43	1190
-121	42.9177556187	1190
-121.283357084	42.5	1190
-121.5	42.3546172827	1190
-122	42.2879772335	1190
-122.486960858	42.5	1190
-122.5	42.620074451	1190
-122.524348037	43	1190
-122.5	43.0692003369	1190
-122.297806233	43.5	1190
-122	43.7491001189	1190
> 1200 contour -Z1200
-122	43.743309319	1200
-121.5	43.8413517177	1200
-121	43.5907370374	1200
-120.943518702	43.5	1200
-120.952096604	43	1200
-121	42.9278685376	1200
-121.29021652	42.5	1200
-121.5	42.3592204452	1200
-122	42.291806221	1200
-122.47816667	42.5	1200
-122.5	42.7010579705	1200
-122.519158101	43	1200
-122.5	43.0544498488	1200
-122.290883154	43.5	1200
-122	43.743309319	1200
> 1210 contour -Z1210
-122	43.7375185192	1210
-121.5	43.8346624672	1210
-121	43.5769958645	1210
-120.952072203	43.5	1210
-120.958812721	43	1210
-121	42.9379814565	1210
-121.297075942	42.5	1210
-121.5	42.3638236076	1210
-122	42.2956351936	1210
-122.469372481	42.5	1210
-122.5	42.7820414752	1210
-122.513968164	43	1210
-122.5	43.0396993645	1210
-122.283960104	43.5	1210
-122	43.7375185192	1210
> 1220 contour -Z1220
-122	43.7317277193	1220
-121.5	43.8279732168	1220
-121	43.5632546917	1220
-120.960625704	43.5	1220
-120.965528835	43	1220
-121	42.9480943792	1220
-121.303935379	42.5	1220
-121.5	42.3684267849	1220
-122	42.2994641811	1220
-122.460578322	42.5	1220
-122.5	42.8630249798	1220
-122.508778227	43	1220
-122.5	43.0249488819	1220
-122.277037024	43.5	1220
-122	43.7317277193	1220
> 1230 contour -Z1230
-122	43.7259368896	1230
-121.5	43.8212839663	1230
-121	43.5495135151	1230
-120.969179206	43.5	1230
-120.97224495	43	1230
-121	42.9582072981	1230
-121.310794815	42.5	1230
-121.5	42.3730299473	1230
-122	42.3032931685	1230
-122.451784134	42.5	1230
-122.5	42.9440084845	1230
-122.503588291	43	1230
-122.5	43.0101983966	1230
-122.270113945	43.5	1230
-122	43.7259368896	1230
> 1240 contour -Z1240
-122	43.7201460898	1240
-121.5	43.8145947158	1240
-121	43.5357723422	1240
-120.977732707	43.5	1240
-120.978961065	43	1240
-121	42.968320217	1240
-121.317654252	42.5	1240
-121.5	42.3776331097	1240
-122	42.307122156	1240
-122.442989975	42.5	1240
-122.498133749	43	1240
-122.263190895	43.5	1240
-122	43.7201460898	1240
> 1250 contour -Z1250
-122	43.7143552899	1250
-121.5	43.8079054654	1250
-121	43.5220311675	1250
-120.986286207	43.5	1250
-120.98567718	43	1250
-121	42.9784331378	1250
-121.324513689	42.5	1250
-121.5	42.3822362721	1250
-122	42.3109511435	1250
-122.434195787	42.5	1250
-122.492086321	43	1250
-122.256267816	43.5	1250
-122	43.7143552899	1250
> 1260 contour -Z1260
-122	43.7085644901	1260
-121.5	43.8012162149	1260
-121	43.5082899937	1260
-120.994839708	43.5	1260
-120.992393295	43	1260
-121	42.9885460567	1260
-121.331373125	42.5	1260
-121.5	42.386839442	1260
-122	42.314780131	1260
-122.425401598	42.5	1260
-122.486038923	43	1260
-122.249344751	43.5	1260
-122	43.7085644901	1260
> 1270 contour -Z1270
-122	43.7027736902	1270
-121.5	43.7945269644	1270
-121.004464716	43.5	1270
-121	43.1252623349	1270
-120.99910941	43	1270
-121	42.9986589765	1270
-121.338232562	42.5	1270
-121.5	42.3914426044	1270
-122	42.3186091185	1270
-122.41660744	42.5	1270
-122.479991525	43	1270
-122.242421687	43.5	1270
-122	43.7027736902	1270
> 1280 contour -Z1280
-122	43.6969828904	1280
-121.5	43.787837714	1280
-121.015719235	43.5	1280
-121.006054699	43	1280
-121.345091999	42.5	1280
-121.5	42.3960457742	1280
-122	42.322438091	1280
-122.407813251	42.5	1280
-122.473944128	43	1280
-122.235498607	43.5	1280
-122	43.6969828904	1280
> 1290 contour -Z1290
-122	43.6911920905	1290
-121.5	43.7811484635	1290
-121.026973754	43.5	1290
-121.013035029	43	1290
-121.35195142	42.5	1290
-121.5	42.4006489366	1290
-122	42.3262670785	1290
-122.399019063	42.5	1290
-122.46789673	43	1290
-122.228575543	43.5	1290
-122	43.6911920905	1290
> 1300 contour -Z1300
-122	43.6854012907	1300
-121.5	43.774459213	1300
-121.038228273	43.5	1300
-121.020015389	43	1300
-121.358810857	42.5	1300
-121.5	42.4052521065	1300
-122	42.330096066	1300
-122.390224904	42.5	1300
-122.461849302	43	1300
-122.221652478	43.5	1300
-122	43.6854012907	1300
> 1310 contour -Z1310
-122	43.6796104908	1310
-121.5	43.7677699625	1310
-121.049482793	43.5	1310
-121.026995718	43	1310
-121.365670294	42.5	1310
-121.5	42.4098552689	1310
-122	42.3339250535	1310
-122.381430715	42.5	1310
-122.455801904	43	1310
-122.214729398	43.5	1310
-122	43.6796104908	1310
> 1320 contour -Z1320
-122	43.6738196611	1320
-121.5	43.7610807121	1320
-121.060737312	43.5	1320
-121.033976048	43	1320
-121.37252973	42.5	1320
-121.5	42.4144584388	1320
-122	42.337754041	1320
-122.372636527	42.5	1320
-122.449754506	43	1320
-122.207806334	43.5	1320
-122	43.6738196611	1320
> 1330 contour -Z1330
-122	43.6680288613	1330
-121.5	43.7543914616	1330
-121.071991831	43.5	1330
-121.040956378	43	1330
-121.379389167	42.5	1330
-121.5	42.4190616012	1330
-122	42.3415830284	1330
-122.363842368	42.5	1330
-122.443707108	43	1330
-122.200883269	43.5	1330
-122	43.6680288613	1330
> 1340 contour -Z1340
-122	43.6622380614	1340
-121.5	43.747702226	1340
-121.08324635	43.5	1340
-121.047936708	43	1340
-121.386248603	42.5	1340
-121.5	42.4236647636	1340
-122	42.3454120159	1340
-122.35504818	42.5	1340
-122.437659711	43	1340
-122.19396019	43.5	1340
-122	43.6622380614	1340
> 1350 contour -Z1350
-122	43.6564472616	1350
-121.5	43.7410129756	1350
-121.09450087	43.5	1350
-121.054917067	43	1350
-121.393108033	42.5	1350
-121.5	42.4282679334	1350
-122	42.3492409885	1350
-122.346253991	42.5	1350
-122.431612313	43	1350
-122.187037125	43.5	1350
-122	43.6564472616	1350
> 1360 contour -Z1360
-122	43.6506564617	1360
-121.5	43.7343237251	1360
-121.105755389	43.5	1360
-121.061897397	43	1360
-121.399967469	42.5	1360
-121.5	42.4328710958	1360
-122	42.353069976	1360
-122.337459832	42.5	1360
-122.425564885	43	1360
-122.180114061	43.5	1360
-122	43.6506564617	1360
> 1370 contour -Z1370
-122	43.6448656619	1370
-121.5	43.7276344746	1370
-121.117009908	43.5	1370
-121.068877727	43	1370
-121.406826906	42.5	1370
-121.5	42.4374742657	1370
-122	42.3568989635	1370
-122.328665644	42.5	1370
-122.419517487	43	1370
-122.173190996	43.5	1370
-122	43.6448656619	1370
> 1380 contour -Z1380
-122	43.639074862	1380
-121.5	43.7209452242	1380
-121.128264427	43.5	1380
-121.075858057	43	1380
-121.413686343	42.5	1380
-121.5	42.4420774318	1380
-122	42.3607279509	1380
-122.319871485	42.5	1380
-122.413470089	43	1380
-122.166267917	43.5	1380
-122	43.639074862	1380
> 1390 contour -Z1390
-122	43.6332840621	1390
-121.5	43.7142559737	1390
-121.139518946	43.5	1390
-121.082838386	43	1390
-121.420545772	42.5	1390
-121.5	42.4466805942	1390
-122	42.3645569384	1390
-122.311077297	42.5	1390
-122.407422692	43	1390
-122.159344852	43.5	1390
-122	43.6332840621	1390
> 1400 contour -Z1400
-122	43.6274932325	1400
-121.5	43.7075667232	1400
-121.150773466	43.5	1400
-121.089818746	43	1400
-121.427405208	42.5	1400
-121.5	42.4512837604	1400
-122	42.3683859259	1400
-122.302283108	42.5	1400
-122.401375294	43	1400
-122.152421787	43.5	1400
-122	43.6274932325	1400
> 1410 contour -Z1410
-122	43.6217024326	1410
-121.5	43.7008774728	1410
-121.162027985	43.5	1410
-121.096799076	43	1410
-121.434264645	42.5	1410
-121.5	42.4558869265	1410
-122	42.3722149134	1410
-122.29348895	42.5	1410
-122.395327866	43	1410
-122.145498708	43.5	1410
-122	43.6217024326	1410
> 1420 contour -Z1420
-122	43.6159116328	1420
-121.5	43.6941882223	1420
-121.173282504	43.5	1420
-121.103779405	43	1420
-121.441124078	42.5	1420
-121.5	42.4604900926	1420
-122	42.3760438934	1420
-122.284694761	42.5	1420
-122.389280468	43	1420
-122.138575643	43.5	1420
-122	43.6159116328	1420
> 1430 contour -Z1430
-122	43.6101208329	1430
-121.5	43.6874989718	1430
-121.184537023	43.5	1430
-121.110759735	43	1430
-121.447983515	42.5	1430
-121.5	42.4650932588	1430
-122	42.3798728734	1430
-122.275900573	42.5	1430
-122.38323307	43	1430
-122.131652579	43.5	1430
-122	43.6101208329	1430
> 1440 contour -Z1440
-122	43.6043300331	1440
-121.5	43.6808097214	1440
-121.195791543	43.5	1440
-121.117740065	43	1440
-121.454842947	42.5	1440
-121.5	42.4696964249	1440
-122	42.3837018609	1440
-122.267106414	42.5	1440
-122.377185673	43	1440
-122.124729507	43.5	1440
-122	43.6043300331	1440
> 1450 contour -Z1450
-122	43.5985392332	1450
-121.5	43.6741204709	1450
-121.207046062	43.5	1450
-121.124720395	43	1450
-121.461702384	42.5	1450
-121.5	42.474299591	1450
-122	42.3875308484	1450
-122.258312225	42.5	1450
-122.371138275	43	1450
-122.117806435	43.5	1450
-122	43.5985392332	1450
> 1460 contour -Z1460
-122	43.5927484334	1460
-121.5	43.6674312204	1460
-121.218300581	43.5	1460
-121.131700754	43	1460
-121.468561817	42.5	1460
-121.5	42.4789027572	1460
-122	42.3913598359	1460
-122.249518052	42.5	1460
-122.365090877	43	1460
-122.110883363	43.5	1460
-122	43.5927484334	1460
> 1470 contour -Z1470
-122	43.5869576335	1470
-121.5	43.6607419699	1470
-121.2295551	43.5	1470
-121.138681084	43	1470
-121.475421252	42.5	1470
-121.5	42.4835059214	1470
-122	42.3951888159	1470
-122.240723878	42.5	1470
-122.359043449	43	1470
-122.103960298	43.5	1470
-122	43.5869576335	1470
> 1480 contour -Z1480
-122	43.5811668038	1480
-121.5	43.6540527195	1480
-121.240809619	43.5	1480
-121.145661414	43	1480
-121.482280686	42.5	1480
-121.5	42.4881090876	1480
-122	42.3990178034	1480
-122.23192969	42.5	1480
-122.352996051	43	1480
-122.097037226	43.5	1480
-122	43.5811668038	1480
> 1490 contour -Z1490
-122	43.575376004	1490
-121.5	43.647363469	1490
-121.252064124	43.5	1490
-121.152641743	43	1490
-121.489140121	42.5	1490
-121.5	42.4927122537	1490
-122	42.4028467909	1490
-122.223135516	42.5	1490
-122.346948653	43	1490
-122.090114161	43.5	1490
-122	43.575376004	1490
> 1500 contour -Z1500
-122	43.5695852041	1500
-121.5	43.6406742185	1500
-121.263318643	43.5	1500
-121.159622073	43	1500
-121.495999556	42.5	1500
-121.5	42.4973154194	1500
-122	42.4066757709	1500
-122.214341342	42.5	1500
-122.340901256	43	1500
-122.083191089	43.5	1500
-122	43.5695852041	1500
> 1510 contour -Z1510
-122	43.5637944043	1510
-121.5	43.6339849681	1510
-121.274573162	43.5	1510
-121.166602433	43	1510
-121.5	42.5043254793	1510
-121.508759946	42.5	1510
-122	42.4105047584	1510
-122.205547154	42.5	1510
-122.334853858	43	1510
-122.076268017	43.5	1510
-122	43.5637944043	1510
> 1520 contour -Z1520
-122	43.5580036044	1520
-121.5	43.6272957176	1520
-121.285827681	43.5	1520
-121.173582762	43	1520
-121.5	42.5147034228	1520
-121.529777288	42.5	1520
-122	42.4143337458	1520
-122.19675298	42.5	1520
-122.32880643	43	1520
-122.069344953	43.5	1520
-122	43.5580036044	1520
> 1530 contour -Z1530
-122	43.5522128046	1530
-121.5	43.6206064746	1530
-121.297082201	43.5	1530
-121.180563092	43	1530
-121.5	42.5250813365	1530
-121.550794601	42.5	1530
-122	42.4181627333	1530
-122.187958807	42.5	1530
-122.322759032	43	1530
-122.062421881	43.5	1530
-122	43.5522128046	1530
> 1540 contour -Z1540
-122	43.5464220047	1540
-121.5	43.6139172241	1540
-121.30833672	43.5	1540
-121.187543422	43	1540
-121.5	42.5354592502	1540
-121.571811944	42.5	1540
-122	42.4219917133	1540
-122.179164633	42.5	1540
-122.316711634	43	1540
-122.055498812	43.5	1540
-122	43.5464220047	1540
> 1550 contour -Z1550
-122	43.5406312048	1550
-121.5	43.6072279736	1550
-121.319591239	43.5	1550
-121.194523752	43	1550
-121.5	42.5458371639	1550
-121.592829287	42.5	1550
-122	42.4258207008	1550
-122.170370445	42.5	1550
-122.310664237	43	1550
-122.048575744	43.5	1550
-122	43.5406312048	1550
> 1560 contour -Z1560
-122	43.534840405	1560
-121.5	43.6005387232	1560
-121.330845758	43.5	1560
-121.201504081	43	1560
-121.5	42.5562151074	1560
-121.6138466	42.5	1560
-122	42.4296496883	1560
-122.161576271	42.5	1560
-122.304616839	43	1560
-122.041652672	43.5	1560
-122	43.534840405	1560
> 1570 contour -Z1570
-122	43.5290495753	1570
-121.5	43.5938494727	1570
-121.342100278	43.5	1570
-121.208484441	43	1570
-121.5	42.5665930212	1570
-121.634863943	42.5	1570
-122	42.4334786683	1570
-122.152782097	42.5	1570
-122.298569411	43	1570
-122.034729604	43.5	1570
-122	43.5290495753	1570
> 1580 contour -Z1580
-122	43.5232587755	1580
-121.5	43.5871602222	1580
-121.353354797	43.5	1580
-121.215464771	43	1580
-121.5	42.5769709349	1580
-121.655881256	42.5	1580
-122	42.4373076558	1580
-122.143987909	42.5	1580
-122.292522013	43	1580
-122.027806535	43.5	1580
-122	43.5232587755	1580
> 1590 contour -Z1590
-122	43.5174679756	1590
-121.5	43.5804709718	1590
-121.364609316	43.5	1590
-121.222445101	43	1590
-121.5	42.5873488784	1590
-121.676898599	42.5	1590
-122	42.4411366433	1590
-122.135193735	42.5	1590
-122.286474615	43	1590
-122.020883465	43.5	1590
-122	43.5174679756	1590
> 1600 contour -Z1600
-122	43.5116771758	1600
-121.5	43.5737817213	1600
-121.375863835	43.5	1600
-121.22942543	43	1600
-121.5	42.5977267921	1600
-121.697915912	42.5	1600
-122	42.444965627	1600
-122.126399562	42.5	1600
-122.280427217	43	1600
-122.013960396	43.5	1600
-122	43.5116771758	1600
> 1610 contour -Z1610
-122	43.5058863759	1610
-121.5	43.5670924783	1610
-121.387118354	43.5	1610
-121.23640576	43	1610
-121.5	42.6081047058	1610
-121.718933254	42.5	1610
-122	42.4487946145	1610
-122.117605381	42.5	1610
-122.27437982	43	1610
-122.007037327	43.5	1610
-122	43.5058863759	1610
> 1620 contour -Z1620
-122	43.500095576	1620
-121.5	43.5604032241	1620
-121.398372874	43.5	1620
-121.24338612	43	1620
-121.5	42.6184826195	1620
-121.739950567	42.5	1620
-122	42.4526235983	1620
-122.108811207	42.5	1620
-122.268332422	43	1620
-122.000114258	43.5	1620
-122	43.500095576	1620
> 1630 contour -Z1630
-121.5	43.5537139773	1630
-121.409627393	43.5	1630
-121.250366449	43	1630
-121.5	42.628860563	1630
-121.76096791	42.5	1630
-122	42.456452582	1630
-122.100017026	42.5	1630
-122.262284994	43	1630
-122	43.4889133573	1630
-121.945442498	43.5	1630
-121.5	43.5537139773	1630
> 1640 contour -Z1640
-121.5	43.5470247269	1640
-121.420881912	43.5	1640
-121.257346779	43	1640
-121.5	42.6392384768	1640
-121.781985238	42.5	1640
-122	42.4602815695	1640
-122.091222845	42.5	1640
-122.256237596	43	1640
-122	43.4776406586	1640
-121.889969498	43.5	1640
-121.5	43.5470247269	1640
> 1650 contour -Z1650
-121.5	43.5403354764	1650
-121.432136431	43.5	1650
-121.264327109	43	1650
-121.5	42.6496163905	1650
-121.803002566	42.5	1650
-122	42.4641105533	1650
-122.082428671	42.5	1650
-122.250190198	43	1650
-122	43.4663679898	1650
-121.834496468	43.5	1650
-121.5	43.5403354764	1650
> 1660 contour -Z1660
-121.5	43.5336462259	1660
-121.443390951	43.5	1660
-121.271307454	43	1660
-121.5	42.659994334	1660
-121.824019894	42.5	1660
-122	42.4679395407	1660
-122.07363449	42.5	1660
-122.244142801	43	1660
-122	43.4550952911	1660
-121.779023439	43.5	1660
-121.5	43.5336462259	1660
> 1670 contour -Z1670
-121.5	43.5269569755	1670
-121.45464547	43.5	1670
-121.278287783	43	1670
-121.5	42.6703722477	1670
-121.845037222	42.5	1670
-122	42.4717685245	1670
-122.064840317	42.5	1670
-122.238095388	43	1670
-122	43.4438226223	1670
-121.723550439	43.5	1670
-121.5	43.5269569755	1670
> 1680 contour -Z1680
-121.5	43.520267725	1680
-121.465899989	43.5	1680
-121.285268113	43	1680
-121.5	42.6807501614	1680
-121.86605455	42.5	1680
-122	42.4755975101	1680
-122.056046136	42.5	1680
-122.23204799	43	1680
-122	43.4325499237	1680
-121.668077424	43.5	1680
-121.5	43.520267725	1680
> 1690 contour -Z1690
-121.5	43.5135784745	1690
-121.477154508	43.5	1690
-121.292248458	43	1690
-121.5	42.6911281049	1690
-121.887071878	42.5	1690
-122	42.4794264957	1690
-122.047251958	42.5	1690
-122.226000592	43	1690
-122	43.4212772548	1690
-121.612604402	43.5	1690
-121.5	43.5135784745	1690
> 1700 contour -Z1700
-121.5	43.5068892241	1700
-121.488409027	43.5	1700
-121.299228787	43	1700
-121.5	42.7015060186	1700
-121.908089206	42.5	1700
-122	42.4832554813	1700
-122.038457781	42.5	1700
-122.219953179	43	1700
-122	43.4100045562	1700
-121.557131384	43.5	1700
-121.5	43.5068892241	1700
> 1710 contour -Z1710
-121.5	43.5001999736	1710
-121.499663546	43.5	1710
-121.306209117	43	1710
-121.5	42.7118839324	1710
-121.929106541	42.5	1710
-122	42.487084466	1710
-122.029663604	42.5	1710
-122.213905782	43	1710
-122	43.3987318873	1710
-121.501658367	43.5	1710
-121.5	43.5001999736	1710
> 1720 contour -Z1720
-122	43.3874591962	1720
-121.5	43.482509613	1720
-121.313189462	43	1720
-121.5	42.7222618461	1720
-121.950123865	42.5	1720
-122	42.4909134516	1720
-122.020869426	42.5	1720
-122.207858369	43	1720
-122	43.3874591962	1720
> 1730 contour -Z1730
-122	43.376186505	1730
-121.5	43.4644802213	1730
-121.320169792	43	1730
-121.5	42.7326397896	1730
-121.971141195	42.5	1730
-122	42.4947424368	1730
-122.012075248	42.5	1730
-122.201810971	43	1730
-122	43.376186505	1730
> 1740 contour -Z1740
-122	43.3649138212	1740
-121.5	43.4464508295	1740
-121.327150136	43	1740
-121.5	42.7430177033	1740
-121.992158525	42.5	1740
-122	42.4985714221	1740
-122.00328107	42.5	1740
-122.195763573	43	1740
-122	43.3649138212	1740
> 1750 contour -Z1750
-122	43.3536411375	1750
-121.5	43.4284214675	1750
-121.334130466	43	1750
-121.5	42.7533956319	1750
-122	42.5097958744	1750
-122.18971616	43	1750
-122	43.3536411375	1750
> 1760 contour -Z1760
-122	43.3423684537	1760
-121.5	43.4103920758	1760
-121.341110796	43	1760
-121.5	42.7637735456	1760
-122	42.5254216492	1760
-122.183668762	43	1760
-122	43.3423684537	1760
> 1770 contour -Z1770
-122	43.33109577	1770
-121.5	43.392362684	1770
-121.34809114	43	1770
-121.5	42.7741514742	1770
-122	42.5410474241	1770
-122.177621365	43	1770
-122	43.33109577	1770
> 1780 contour -Z1780
-122	43.3198230863	1780
-121.5	43.3743332922	1780
-121.35507147	43	1780
-121.5	42.7845294029	1780
-122	42.5566731989	1780
-122.171573952	43	1780
-122	43.3198230863	1780
> 1790 contour -Z1790
-122	43.3085504025	1790
-121.5	43.3563039303	1790
-121.3620518	43	1790
-121.5	42.7949073166	1790
-122	42.5722989738	1790
-122.165526554	43	1790
-122	43.3085504025	1790
> 1800 contour -Z1800
-122	43.2972777188	1800
-121.5	43.3382745385	1800
-121.369032145	43	1800
-121.5	42.8052852452	1800
-122	42.5879247487	1800
-122.159479156	43	1800
-122	43.2972777188	1800
> 1810 contour -Z1810
-122	43.2860050201	1810
-121.5	43.3202451468	1810
-121.376012474	43	1810
-121.5	42.8156631589	1810
-122	42.6035505235	1810
-122.153431743	43	1810
-122	43.2860050201	1810
> 1820 contour -Z1820
-122	43.2747323364	1820
-121.5	43.3022157848	1820
-121.382992812	43	1820
-121.5	42.8260410875	1820
-122	42.6191762984	1820
-122.147384346	43	1820
-122	43.2747323364	1820
> 1830 contour -Z1830
-122	43.2634596527	1830
-121.5	43.284186393	1830
-121.389973149	43	1830
-121.5	42.8364190012	1830
-122	42.6348020732	1830
-122.141336933	43	1830
-122	43.2634596527	1830
> 1840 contour -Z1840
-122	43.2521869689	1840
-121.5	43.2661570013	1840
-121.396953486	43	1840
-121.5	42.8467969298	1840
-122	42.6504278481	1840
-122.135289535	43	1840
-122	43.2521869689	1840
> 1850 contour -Z1850
-122	43.2409142852	1850
-121.5	43.2481276244	1850
-121.403933816	43	1850
-121.5	42.8571748585	1850
-122	42.666053623	1850
-122.129242137	43	1850
-122	43.2409142852	1850
> 1860 contour -Z1860
-122	43.2296416163	1860
-121.5	43.2300982475	1860
-121.410914153	43	1860
-121.5	42.8675527722	1860
-122	42.6816793978	1860
-122.123194732	43	1860
-122	43.2296416163	1860
> 1870 contour -Z1870
-122	43.2183689177	1870
-121.5	43.2120688558	1870
-121.41789449	43	1870
-121.5	42.8779307008	1870
-122	42.6973051727	1870
-122.117147326	43	1870
-122	43.2183689177	1870
> 1880 contour -Z1880
-122	43.2070962191	1880
-121.5	43.1940394789	1880
-121.42487482	43	1880
-121.5	42.8883086219	1880
-122	42.7129309475	1880
-122.111099921	43	1880
-122	43.2070962191	1880
> 1890 contour -Z1890
-122	43.1958235502	1890
-121.5	43.1760100871	1890
-121.431855157	43	1890
-121.5	42.8986865431	1890
-122	42.7285567224	1890
-122.105052523	43	1890
-122	43.1958235502	1890
> 1900 contour -Z1900
-122	43.1845508516	1900
-121.5	43.1579807103	1900
-121.438835494	43	1900
-121.5	42.9090644643	1900
-122	42.7441824973	1900
-122.099005118	43	1900
-122	43.1845508516	1900
> 1910 contour -Z1910
-122	43.1732781827	1910
-121.5	43.1399513185	1910
-121.445815828	43	1910
-121.5	42.9194423929	1910
-122	42.7598082572	1910
-122.092957713	43	1910
-122	43.1732781827	1910
> 1920 contour -Z1920
-122	43.1620054841	1920
-121.5	43.1219219416	1920
-121.452796165	43	1920
-121.5	42.929820314	1920
-122	42.7754340321	1920
-122.086910307	43	1920
-122	43.1620054841	1920
> 1930 contour -Z1930
-122	43.1507328153	1930
-121.5	43.1038925573	1930
-121.459776498	43	1930
-121.5	42.9401982352	1930
-122	42.7910598069	1930
-122.08086291	43	1930
-122	43.1507328153	1930
> 1940 contour -Z1940
-122	43.1394601166	1940
-121.5	43.085863173	1940
-121.466756836	43	1940
-121.5	42.9505761564	1940
-122	42.8066855818	1940
-122.074815504	43	1940
-122	43.1394601166	1940
> 1950 contour -Z1950
-122	43.1281874478	1950
-121.5	43.0678337961	1950
-121.473737171	43	1950
-121.5	42.9609540813	1950
-122	42.8223113567	1950
-122.068768099	43	1950
-122	43.1281874478	1950
> 1960 contour -Z1960
-122	43.1169147491	1960
-121.5	43.0498044118	1960
-121.480717506	43	1960
-121.5	42.9713320024	1960
-122	42.8379371315	1960
-122.062720694	43	1960
-122	43.1169147491	1960
> 1970 contour -Z1970
-122	43.1056420803	1970
-121.5	43.0317750275	1970
-121.487697841	43	1970
-121.5	42.9817099255	1970
-122	42.8535629064	1970
-122.056673292	43	1970
-122	43.1056420803	1970
> 1980 contour -Z1980
-122	43.0943693817	1980
-121.5	43.0137456441	1980
-121.494678176	43	1980
-121.5	42.9920878476	1980
-122	42.8691886812	1980
-122.05062589	43	1980
-122	43.0943693817	1980
> 1990 contour -Z1990
-122	43.083096683	1990
-121.515612721	43	1990
-122	42.8848144636	1990
-122.044578485	43	1990
-122	43.083096683	1990
> 2000 contour -Z2000
-122	43.0718240142	2000
-121.581323445	43	2000
-122	42.9004402384	2000
-122.038531084	43	2000
-122	43.0718240142	2000
> 2010 contour -Z2010
-122	43.0605513155	2010
-121.647034198	43	2010
-122	42.9160660133	2010
-122.032483678	43	2010
-122	43.0605513155	2010
> 2020 contour -Z2020
-122	43.0492786467	2020
-121.712744921	43	2020
-122	42.9316917881	2020
-122.026436277	43	2020
-122	43.0492786467	2020
> 2030 contour -Z2030
-122	43.0380059481	2030
-121.778455675	43	2030
-122	42.947317563	2030
-122.020388873	43	2030
-122	43.0380059481	2030
> 2040 contour -Z2040
-122	43.0267332792	2040
-121.844166413	43	2040
-122	42.9629433379	2040
-122.01434147	43	2040
-122	43.0267332792	2040
> 2050 contour -Z2050
-122	43.0154605806	2050
-121.909877144	43	2050
-122	42.9785691127	2050
-122.008294066	43	2050
-122	43.0154605806	2050
> 2060 contour -Z2060
-122	43.0041879117	2060
-121.975587884	43	2060
-122	42.9941948871	2060
-122.002246663	43	2060
-122	43.0041879117	2060
