> 10 contour -Z10
-115.5	53.555588901	10
-115	53.591376707	10
-114.5	53.602878131	10
-114	53.6040835679	10
-113.5	53.6007381976	10
-113	53.5848200098	10
-112.5	53.5391162522	10
-112.259072393	53.5	10
-112	53.4637517631	10
-111.5	53.3450033069	10
-111	53.1435857415	10
-110.740793198	53	10
-110.5	52.8641086519	10
-110.003812611	52.5	10
-110	52.4974387288	10
-109.5	52.2019409835	10
-109.044228971	52	10
-109	51.9882076085	10
-108.5	51.864313215	10
-108	51.7176452875	10
-107.5	51.532051336	10
-107.422812931	51.5	10
-107	51.2388771772	10
-106.696908623	51	10
-106.5	50.6029811949	10
-106.453573484	50.5	10
-106.5	50.3797464892	10
-106.612359464	50	10
-107	49.5235902667	10
-107.016256899	49.5	10
-107.5	49.0571687222	10
-107.552994549	49	10
-108	48.6777050197	10
-108.215251267	48.5	10
-108.5	48.3140472174	10
-108.973113632	48	10
-109	47.9835543875	10
-109.5	47.6555341184	10
-109.737313122	47.5	10
-110	47.3336001039	10
-110.5	47.033216089	10
-110.548227072	47	10
-111	46.678671509	10
-111.268816337	46.5	10
-111.5	46.3165427446	10
-111.959525112	46	10
-112	45.963953875	10
-112.5	45.5473222136	10
-112.558169663	45.5	10
-113	45.0791096687	10
-113.089320928	45	10
-113.5	44.5745039284	10
-113.576547652	44.5	10
-114	44.0265920758	10
-114.02421689	44	10
-114.4031666	43.5	10
-114.5	43.3694307059	10
-114.74756375	43	10
-115	42.6560733914	10
-115.101227522	42.5	10
-115.467980996	42	10
-115.5	41.9617573246	10
-115.889081202	41.5	10
-116	41.39045237	10
-116.466823831	41	10
-116.5	40.9721341226	10
-117	40.59752509	10
-117.170550823	40.5	10
-117.5	40.2808536291	10
-118	40.0413512588	10
-118.12042439	40	10
-118.5	39.8191278577	10
-119	39.6568934023	10
-119.5	39.5490788817	10
-119.863152325	39.5	10
-120	39.4722881205	10
-120.5	39.4334099814	10
-121	39.4712167531	10
-121.141783029	39.5	10
-121.5	39.5490368903	10
-122	39.6776211262	10
-122.5	39.92711474	10
-122.59641321	40	10
-123	40.3810420111	10
-123.084428884	40.5	10
-123.327650964	41	10
-123.458484381	41.5	10
-123.5	41.7586449832	10
-123.563157894	42	10
-123.751652062	42.5	10
-123.931610763	43	10
-124	43.2313552797	10
-124.149520218	43.5	10
-124.365790993	44	10
-124.5	44.464121066	10
-124.51365233	44.5	10
-124.64657791	45	10
-124.737078622	45.5	10
-124.784264475	46	10
-124.801502138	46.5	10
-124.769222319	47	10
-124.705896363	47.5	10
-124.61705818	48	10
-124.5	48.4008226395	10
-124.476253003	48.5	10
-124.281573743	49	10
-124	49.4198330045	10
-123.946383715	49.5	10
-123.50799851	50	10
-123.5	50.008045597	10
-123	50.4685641229	10
-122.959606975	50.5	10
-122.5	50.8451762497	10
-122.237852797	51	10
-122	51.1464387327	10
-121.5	51.4123376608	10
-121.308463782	51.5	10
-121	51.6628357172	10
-120.5	51.8920216858	10
-120.225583866	52	10
-120	52.1104470193	10
-119.5	52.3260775506	10
-119	52.4961036444	10
-118.987955123	52.5	10
-118.5	52.704700321	10
-118	52.8822639287	10
-117.625961468	53	10
-117.5	53.0518879965	10
-117	53.2400604188	10
-116.5	53.3851659	10
-116	53.4850794971	10
-115.865157485	53.5	10
-115.5	53.555588901	10
> 20 contour -Z20
-116	52.5497646332	20
-115.5	52.5756016076	20
-115	52.5818457529	20
-114.5	52.5873241276	20
-114	52.5898547992	20
-113.5	52.5764255822	20
-113	52.5280231386	20
-112.856151506	52.5	20
-112.5	52.4399282038	20
-112	52.2819626033	20
-111.5	52.0248990711	20
-111.459724225	52	20
-111	51.7602648437	20
-110.5	51.5137429964	20
-110.467435732	51.5	20
-110	51.3444695473	20
-109.5	51.1494344473	20
-109.183451831	51	20
-109	50.8691239655	20
-108.581339061	50.5	20
-108.5	50.2848556936	20
-108.400112331	50	20
-108.5	49.7256941795	20
-108.561333537	49.5	20
-108.874973774	49	20
-109	48.8742609769	20
-109.306873217	48.5	20
-109.5	48.345904097	20
-109.88540864	48	20
-110	47.9172225818	20
-110.5	47.533128351	20
-110.53776294	47.5	20
-111	47.1521860957	20
-111.192167968	47	20
-111.5	46.7678666413	20
-111.849538162	46.5	20
-112	46.37957073	20
-112.484181695	46	20
-112.5	45.9863037635	20
-113	45.5526010394	20
-113.058338702	45.5	20
-113.5	45.0878500342	20
-113.594067693	45	20
-114	44.5997843146	20
-114.103140771	44.5	20
-114.5	44.0837631822	20
-114.57956624	44	20
-115	43.5387371778	20
-115.035017788	43.5	20
-115.442915667	43	20
-115.5	42.926381737	20
-115.817747012	42.5	20
-116	42.2736863941	20
-116.226599544	42	20
-116.5	41.7221961319	20
-116.745231628	41.5	20
-117	41.2883247137	20
-117.434736706	41	20
-117.5	40.9534546994	20
-118	40.645447135	20
-118.38259197	40.5	20
-118.5	40.4407958798	20
-119	40.2556081414	20
-119.5	40.1427588165	20
-120	40.077612251	20
-120.5	40.0553032756	20
-121	40.0880110264	20
-121.5	40.1883464754	20
-122	40.4009231403	20
-122.145767391	40.5	20
-122.5	40.7835443467	20
-122.673635155	41	20
-122.920226097	41.5	20
-123	41.7399849892	20
-123.090685382	42	20
-123.20987919	42.5	20
-123.386735082	43	20
-123.5	43.3754837587	20
-123.547118459	43.5	20
-123.696968243	44	20
-123.820777565	44.5	20
-123.926986217	45	20
-123.994567066	45.5	20
-124	45.6028941274	20
-124.031309385	46	20
-124.032327291	46.5	20
-124	46.7666309774	20
-123.980623633	47	20
-123.900197923	47.5	20
-123.77377972	48	20
-123.559094459	48.5	20
-123.5	48.5981332511	20
-123.255095571	49	20
-123	49.2969468534	20
-122.80716157	49.5	20
-122.5	49.7835833132	20
-122.226624593	50	20
-122	50.1734487265	20
-121.5	50.4939466417	20
-121.489688694	50.5	20
-121	50.804769069	20
-120.599302575	51	20
-120.5	51.0548110604	20
-120	51.3054346442	20
-119.503154086	51.5	20
-119.5	51.5015010657	20
-119	51.7250577509	20
-118.5	51.9050879478	20
-118.198460594	52	20
-118	52.080167681	20
-117.5	52.2592456937	20
-117	52.3986058533	20
-116.5	52.491109997	20
-116.402759254	52.5	20
-116	52.5497646332	20
> 30 contour -Z30
-118	51.5829074681	30
-117.5	51.7448092401	30
-117	51.8564690351	30
-116.5	51.9169247746	30
-116	51.9451422393	30
-115.5	51.9519388378	30
-115	51.9592683911	30
-114.5	51.9696363509	30
-114	51.9704330266	30
-113.5	51.9442781508	30
-113	51.8705727756	30
-112.5	51.7167446762	30
-112.059646279	51.5	30
-112	51.4758418202	30
-111.5	51.2742828429	30
-111	51.0724817142	30
-110.824678972	51	30
-110.5	50.8516104519	30
-110	50.5579651296	30
-109.915236004	50.5	30
-109.532665133	50	30
-109.508056045	49.5	30
-109.700597137	49	30
-110	48.562322408	30
-110.034775734	48.5	30
-110.498827778	48	30
-110.5	47.9990680991	30
-111	47.5527493358	30
-111.05135417	47.5	30
-111.5	47.1280283332	30
-111.644007087	47	30
-112	46.70980075	30
-112.242958695	46.5	30
-112.5	46.2839057446	30
-112.820794731	46	30
-113	45.8428936601	30
-113.380296238	45.5	30
-113.5	45.3882947117	30
-113.915776603	45	30
-114	44.9169626981	30
-114.430988148	44.5	30
-114.5	44.4276184738	30
-114.906192802	44	30
-115	43.8970830142	30
-115.358956903	43.5	30
-115.5	43.3372823	30
-115.799296975	43	30
-116	42.763833642	30
-116.237278014	42.5	30
-116.5	42.206661433	30
-116.705710322	42	30
-117	41.7229769826	30
-117.280430332	41.5	30
-117.5	41.3295942992	30
-118	41.0325058401	30
-118.076812118	41	30
-118.5	40.7791820914	30
-119	40.6178634465	30
-119.5	40.5161544681	30
-119.636951983	40.5	30
-120	40.4374280274	30
-120.5	40.4215500131	30
-121	40.4935917854	30
-121.021005169	40.5	30
-121.5	40.6300722063	30
-122	40.9156234711	30
-122.097217478	41	30
-122.5	41.4975449042	30
-122.501465655	41.5	30
-122.72769697	42	30
-122.907915503	42.5	30
-122.986092418	43	30
-123	43.0546898246	30
-123.196416661	43.5	30
-123.332242578	44	30
-123.411661804	44.5	30
-123.477311939	45	30
-123.5	45.1688049734	30
-123.570118859	45.5	30
-123.616693571	46	30
-123.614075638	46.5	30
-123.535189349	47	30
-123.5	47.1271324158	30
-123.412743866	47.5	30
-123.240592122	48	30
-123	48.4346051216	30
-122.963586599	48.5	30
-122.57649485	49	30
-122.5	49.0793537274	30
-122.044669177	49.5	30
-122	49.5378076173	30
-121.5	49.9246968925	30
-121.385042518	50	30
-121	50.2606980503	30
-120.554210678	50.5	30
-120.5	50.5318016186	30
-120	50.7978213727	30
-119.510389011	51	30
-119.5	51.0050589866	30
-119	51.231628269	30
-118.5	51.4126107097	30
-118.215710476	51.5	30
-118	51.5829074681	30
> 40 contour -Z40
-115	51.5174942613	40
-114.5	51.5346268192	40
-114	51.5231257118	40
-113.80357179	51.5	40
-113.5	51.4681825638	40
-113	51.3525370657	40
-112.5	51.158412829	40
-112.131000727	51	40
-112	50.9570006132	40
-111.5	50.7730052769	40
-111	50.5310128182	40
-110.944090825	50.5	40
-110.5	50.1031184718	40
-110.402856782	50	40
-110.226951331	49.5	40
-110.327197358	49	40
-110.5	48.6864299476	40
-110.581078589	48.5	40
-110.954586793	48	40
-111	47.9594517052	40
-111.447299611	47.5	40
-111.5	47.4563061781	40
-112	47.0100431144	40
-112.010139555	47	40
-112.5	46.5657486022	40
-112.568342686	46.5	40
-113	46.1083404422	40
-113.109724045	46	40
-113.5	45.6389761865	40
-113.640198201	45.5	40
-114	45.1570370793	40
-114.157539785	45	40
-114.5	44.6648776233	40
-114.664266974	44.5	40
-115	44.1531980336	40
-115.143761843	44	40
-115.5	43.6211120188	40
-115.612170696	43.5	40
-116	43.0841109753	40
-116.082099527	43	40
-116.5	42.5555948615	40
-116.558156759	42.5	40
-117	42.0569473803	40
-117.067735404	42	40
-117.5	41.6254064441	40
-117.692477018	41.5	40
-118	41.2868552059	40
-118.5	41.0594367683	40
-118.702782273	41	40
-119	40.8844021186	40
-119.5	40.7624113709	40
-120	40.7007435858	40
-120.5	40.7001834512	40
-121	40.7852753401	40
-121.5	40.9910829747	40
-121.514469923	41	40
-122	41.3457366377	40
-122.135329038	41.5	40
-122.404382974	42	40
-122.5	42.1044006646	40
-122.728588358	42.5	40
-122.793732941	43	40
-122.904241949	43.5	40
-123	43.8432074934	40
-123.052553602	44	40
-123.150537908	44.5	40
-123.207857326	45	40
-123.263900697	45.5	40
-123.294885129	46	40
-123.286312789	46.5	40
-123.202038169	47	40
-123.036152717	47.5	40
-123	47.5835799277	40
-122.827365875	48	40
-122.5	48.4996694326	40
-122.499776214	48.5	40
-122.061193835	49	40
-122	49.0578012429	40
-121.5	49.4806966484	40
-121.4740794	49.5	40
-121	49.8467053771	40
-120.739045009	50	40
-120.5	50.1499477029	40
-120	50.4091390669	40
-119.791886598	50.5	40
-119.5	50.6462979168	40
-119	50.8572053611	40
-118.582479887	51	40
-118.5	51.0341382325	40
-118	51.2125531435	40
-117.5	51.3464963734	40
-117	51.4280388057	40
-116.5	51.4706168175	40
-116	51.4877350628	40
-115.5	51.4976902306	40
-115.424892962	51.5	40
-115	51.5174942613	40
> 50 contour -Z50
-117.5	51.0040071309	50
-117	51.0795581639	50
-116.5	51.123298116	50
-116	51.1470428258	50
-115.5	51.1677225679	50
-115	51.187288329	50
-114.5	51.1925235838	50
-114	51.1602779478	50
-113.5	51.0699665472	50
-113.28356728	51	50
-113	50.9231283665	50
-112.5	50.7558476627	50
-112	50.5650282353	50
-111.851583451	50.5	50
-111.5	50.3067846894	50
-111.106656611	50	50
-111	49.8224925995	50
-110.82738094	49.5	50
-110.830905259	49	50
-111	48.5887967944	50
-111.028470248	48.5	50
-111.329707697	48	50
-111.5	47.8254372925	50
-111.767842785	47.5	50
-112	47.2897946835	50
-112.29257752	47	50
-112.5	46.8161241561	50
-112.828596726	46.5	50
-113	46.3444791138	50
-113.348878369	46	50
-113.5	45.8602053076	50
-113.863372594	45.5	50
-114	45.3697668165	50
-114.37095052	45	50
-114.5	44.8737156391	50
-114.872331545	44.5	50
-115	44.368122384	50
-115.345447958	44	50
-115.5	43.8356214613	50
-115.810843572	43.5	50
-116	43.2971579731	50
-116.290051579	43	50
-116.5	42.7767359465	50
-116.789488316	42.5	50
-117	42.2889121175	50
-117.343643099	42	50
-117.5	41.864503637	50
-118	41.5277520716	50
-118.059765339	41.5	50
-118.5	41.2603045255	50
-119	41.0998553932	50
-119.5	41.0059423447	50
-119.565991968	41	50
-120	40.9437451698	50
-120.5	40.9549345113	50
-120.702820569	41	50
-121	41.0574136972	50
-121.5	41.2824991345	50
-121.771848559	41.5	50
-122	41.7992686182	50
-122.120146699	42	50
-122.5	42.4147476405	50
-122.549261197	42.5	50
-122.601373456	43	50
-122.671423912	43.5	50
-122.816308558	44	50
-122.914024085	44.5	50
-122.956996143	45	50
-122.987467229	45.5	50
-123	45.877966091	50
-123.006234835	46	50
-123	46.1858856529	50
-122.991909713	46.5	50
-122.9054299	47	50
-122.73217991	47.5	50
-122.5	47.946960181	50
-122.472955674	48	50
-122.126808926	48.5	50
-122	48.639618963	50
-121.642467245	49	50
-121.5	49.1245459542	50
-121	49.4975761473	50
-120.996294022	49.5	50
-120.5	49.8303186595	50
-120.172198519	50	50
-120	50.0978646874	50
-119.5	50.3418318331	50
-119.097025178	50.5	50
-119	50.5444708727	50
-118.5	50.7422809154	50
-118	50.8954491615	50
-117.514559549	51	50
-117.5	51.0040071309	50
> 60 contour -Z60
-118	50.6274388433	60
-117.5	50.7319646627	60
-117	50.7930877507	60
-116.5	50.8291933537	60
-116	50.8534522951	60
-115.5	50.8749936521	60
-115	50.8901814818	60
-114.5	50.8847200274	60
-114	50.8393698037	60
-113.5	50.7420354486	60
-113	50.5891939327	60
-112.754051447	50.5	60
-112.5	50.412822336	60
-112	50.1790935397	60
-111.723410547	50	60
-111.5	49.7324604988	60
-111.339743003	49.5	60
-111.256609902	49	60
-111.397256248	48.5	60
-111.5	48.328785643	60
-111.662308127	48	60
-112	47.5912829936	60
-112.062610209	47.5	60
-112.5	47.0663236976	60
-112.558888704	47	60
-113	46.5732335448	60
-113.068364799	46.5	60
-113.5	46.0729315281	60
-113.567368239	46	60
-114	45.5704655051	60
-114.066211343	45.5	60
-114.5	45.0673194826	60
-114.56407845	45	60
-115	44.5628169775	60
-115.06061554	44.5	60
-115.5	44.0385059118	60
-115.535857886	44	60
-116	43.5077939332	60
-116.007291824	43.5	60
-116.498003646	43	60
-116.5	42.9978770309	60
-117	42.5137513876	60
-117.015898287	42.5	60
-117.5	42.0682620108	60
-117.598926932	42	60
-118	41.6990612149	60
-118.428687416	41.5	60
-118.5	41.4611722901	60
-119	41.2761849165	60
-119.5	41.1747586131	60
-120	41.1321491599	60
-120.5	41.1537527144	60
-121	41.278917253	60
-121.400136292	41.5	60
-121.5	41.5815491676	60
-121.844435453	42	60
-122	42.1282603443	60
-122.348801374	42.5	60
-122.433836907	43	60
-122.461150885	43.5	60
-122.5	43.6991391182	60
-122.590115383	44	60
-122.711011365	44.5	60
-122.768877685	45	60
-122.800131172	45.5	60
-122.803518325	46	60
-122.770258874	46.5	60
-122.653578788	47	60
-122.5	47.3690837324	60
-122.44924444	47.5	60
-122.182156563	48	60
-122	48.2434701771	60
-121.798066318	48.5	60
-121.5	48.7998460829	60
-121.273619771	49	60
-121	49.2189780921	60
-120.57032717	49.5	60
-120.5	49.5468076915	60
-120	49.8361846507	60
-119.643659055	50	60
-119.5	50.0740225017	60
-119	50.2955477536	60
-118.5	50.4683120549	60
-118.383344114	50.5	60
-118	50.6274388433	60
> 70 contour -Z70
-117	50.524962455	70
-116.5	50.5643768758	70
-116	50.595627293	70
-115.5	50.6207606643	70
-115	50.6316633373	70
-114.5	50.6126407906	70
-114	50.5486891083	70
-113.787490204	50.5	70
-113.5	50.446305871	70
-113	50.3017796278	70
-112.5	50.0968466327	70
-112.317776397	50	70
-112	49.7310557067	70
-111.797262654	49.5	70
-111.638216525	49	70
-111.722160608	48.5	70
-111.965687852	48	70
-112	47.9584711418	70
-112.314461336	47.5	70
-112.5	47.3160365969	70
-112.780608431	47	70
-113	46.7877429873	70
-113.268613085	46.5	70
-113.5	46.271061182	70
-113.750384331	46	70
-114	45.7521713674	70
-114.236947238	45.5	70
-114.5	45.2376192212	70
-114.726179302	45	70
-115	44.7253869176	70
-115.21748811	44.5	70
-115.5	44.2032722533	70
-115.689293295	44	70
-116	43.670506686	70
-116.159521997	43.5	70
-116.5	43.1534552276	70
-116.65607667	43	70
-117	42.6665444672	70
-117.192545503	42.5	70
-117.5	42.2258018851	70
-117.827237427	42	70
-118	41.8703703433	70
-118.5	41.6135653555	70
-118.874860585	41.5	70
-119	41.4525144435	70
-119.5	41.3435748667	70
-120	41.3041063696	70
-120.5	41.3405498862	70
-120.998889714	41.5	70
-121	41.5004321635	70
-121.5	41.9089243114	70
-121.574966267	42	70
-122	42.3504332006	70
-122.14033775	42.5	70
-122.293957204	43	70
-122.313827753	43.5	70
-122.386636019	44	70
-122.5	44.4692669716	70
-122.507998644	44.5	70
-122.580759235	45	70
-122.612795115	45.5	70
-122.602698982	46	70
-122.548608046	46.5	70
-122.5	46.679901585	70
-122.424505681	47	70
-122.214590743	47.5	70
-122	47.8549801707	70
-121.910728812	48	70
-121.5	48.4926061034	70
-121.493158966	48.5	70
-121	48.9484063983	70
-120.931842804	49	70
-120.5	49.3094531596	70
-120.163861826	49.5	70
-120	49.5972474441	70
-119.5	49.8492248952	70
-119.124533057	50	70
-119	50.0572028197	70
-118.5	50.2493211627	70
-118	50.387542814	70
-117.5	50.4688844383	70
-117.195752814	50.5	70
-117	50.524962455	70
> 80 contour -Z80
-118.5	50.0303302705	80
-118	50.1731345803	80
-117.5	50.2538491488	80
-117	50.3042605519	80
-116.5	50.3406123817	80
-116	50.371486336	80
-115.5	50.3939308226	80
-115	50.3995209038	80
-114.5	50.3780842721	80
-114	50.3209908903	80
-113.5	50.209350273	80
-113	50.0313192345	80
-112.928456821	50	80
-112.5	49.7457286417	80
-112.22328642	49.5	80
-112	49.0198862907	80
-111.992073636	49	80
-112	48.9068220481	80
-112.025882512	48.5	80
-112.224747896	48	80
-112.5	47.5975547433	80
-112.555499405	47.5	80
-113	47.002477318	80
-113.001863152	47	80
-113.468861384	46.5	80
-113.5	46.4691908322	80
-113.933400437	46	80
-114	45.9338772371	80
-114.407683142	45.5	80
-114.5	45.4079189673	80
-114.888280131	45	80
-115	44.8879568353	80
-115.37436071	44.5	80
-115.5	44.3680385947	80
-115.842728704	44	80
-116	43.8332194388	80
-116.3117522	43.5	80
-116.5	43.3083979189	80
-116.81366618	43	80
-117	42.819337517	80
-117.369192749	42.5	80
-117.5	42.383341752	80
-118	42.0305177569	80
-118.061182886	42	80
-118.5	41.7543430179	80
-119	41.5956288278	80
-119.5	41.5096604526	80
-119.672624975	41.5	80
-120	41.4760635849	80
-120.243697599	41.5	80
-120.5	41.5250358582	80
-121	41.7279220819	80
-121.31181559	42	80
-121.5	42.1376588047	80
-121.92661792	42.5	80
-122	42.6144016683	80
-122.154077485	43	80
-122.166504622	43.5	80
-122.198198527	44	80
-122.308232844	44.5	80
-122.400370091	45	80
-122.437494159	45.5	80
-122.425001532	46	80
-122.36988768	46.5	80
-122.231029689	47	80
-122	47.4665910006	80
-121.983562678	47.5	80
-121.671780214	48	80
-121.5	48.2060239762	80
-121.228005469	48.5	80
-121	48.7073147148	80
-120.613351129	49	80
-120.5	49.0812260062	80
-120	49.3843468428	80
-119.766351491	49.5	80
-119.5	49.6408568472	80
-119	49.8575231731	80
-118.577073015	50	80
-118.5	50.0303302705	80
> 90 contour -Z90
-117.5	50.0388138592	90
-117	50.0884270072	90
-116.5	50.130032897	90
-116	50.1672045738	90
-115.5	50.1918943077	90
-115	50.1947539151	90
-114.5	50.1700369865	90
-114	50.1059648618	90
-113.595601559	50	90
-113.5	49.9740036428	90
-113	49.7540883124	90
-112.632620126	49.5	90
-112.5	49.3177297711	90
-112.314847022	49	90
-112.290530831	48.5	90
-112.478156216	48	90
-112.5	47.9680622704	90
-112.766283095	47.5	90
-113	47.238404274	90
-113.179300249	47	90
-113.5	46.6592254639	90
-113.633737683	46.5	90
-114	46.1078537703	90
-114.0924564	46	90
-114.5	45.5703757405	90
-114.56265521	45.5	90
-115	45.0441879332	90
-115.040790647	45	90
-115.5	44.5269199312	90
-115.525921077	44.5	90
-115.996164115	44	90
-116	43.9959321814	90
-116.463982381	43.5	90
-116.5	43.4633406028	90
-116.97125571	43	90
-117	42.9721305836	90
-117.5	42.5324366987	90
-117.543215454	42.5	90
-118	42.1559505165	90
-118.312654063	42	90
-118.5	41.8951206878	90
-119	41.7265017331	90
-119.5	41.641274035	90
-120	41.6226490438	90
-120.5	41.6960462034	90
-121	41.9554119967	90
-121.051100191	42	90
-121.5	42.3283747286	90
-121.702070355	42.5	90
-122	42.9644682631	90
-122.014197782	43	90
-122.019181499	43.5	90
-122.00976102	44	90
-122.108600199	44.5	90
-122.225795165	45	90
-122.280404687	45.5	90
-122.271504879	46	90
-122.203226566	46.5	90
-122.037553724	47	90
-122	47.0758440569	90
-121.791314185	47.5	90
-121.5	47.9217602611	90
-121.440816104	48	90
-121	48.4686408639	90
-120.965032667	48.5	90
-120.5	48.8715550601	90
-120.300563514	49	90
-120	49.189316228	90
-119.5	49.4441822171	90
-119.368410408	49.5	90
-119	49.6700536162	90
-118.5	49.8478775322	90
-118	49.965339005	90
-117.741956934	50	90
-117.5	50.0388138592	90
> 100 contour -Z100
-118.5	49.6712988913	100
-118	49.785282135	100
-117.5	49.8495226204	100
-117	49.8946758211	100
-116.5	49.9358867407	100
-116	49.9712050557	100
-115.5	49.9923290908	100
-115	49.9926495254	100
-114.5	49.9710926414	100
-114	49.9060009718	100
-113.5	49.7508590519	100
-113.035684735	49.5	100
-113	49.4678212702	100
-112.626427561	49	100
-112.549132794	48.5	100
-112.693470567	48	100
-112.977066789	47.5	100
-113	47.4743312094	100
-113.356737331	47	100
-113.5	46.8477695584	100
-113.792100862	46.5	100
-114	46.2774085402	100
-114.237805218	46	100
-114.5	45.7235995531	100
-114.699069679	45.5	100
-115	45.1863626242	100
-115.172034562	45	100
-115.5	44.6621281505	100
-115.656112462	44.5	100
-116	44.1348025501	100
-116.128117532	44	100
-116.5	43.6062196195	100
-116.602058828	43.5	100
-117	43.1077434123	100
-117.114889592	43	100
-117.5	42.6574335694	100
-117.709748864	42.5	100
-118	42.2813832611	100
-118.5	42.0292814374	100
-118.594809711	42	100
-119	41.8573746681	100
-119.5	41.7728876323	100
-120	41.7651316524	100
-120.5	41.8670565337	100
-120.745794877	42	100
-121	42.1495424509	100
-121.474777013	42.5	100
-121.5	42.5145409405	100
-121.89405483	43	100
-121.923977852	43.5	100
-121.906731963	44	100
-121.935985655	44.5	100
-122	44.8042434007	100
-122.051220249	45	100
-122.123315215	45.5	100
-122.118008263	46	100
-122.036565453	46.5	100
-122	46.6069931015	100
-121.871192038	47	100
-121.599065654	47.5	100
-121.5	47.6434257627	100
-121.23027201	48	100
-121	48.2448070049	100
-120.715444565	48.5	100
-120.5	48.6721373945	100
-120	48.9949453175	100
-119.990887046	49	100
-119.5	49.2719050348	100
-119	49.4853553176	100
-118.956302851	49.5	100
-118.5	49.6712988913	100
> 110 contour -Z110
-118	49.605225265	110
-117.5	49.6659016311	110
-117	49.716250971	110
-116.5	49.7682701945	110
-116	49.8125555217	110
-115.5	49.8395220041	110
-115	49.8423323333	110
-114.5	49.812869817	110
-114	49.7206716239	110
-113.5	49.5277144834	110
-113.448703237	49.5	110
-113	49.0953816697	110
-112.923834242	49	110
-112.784781739	48.5	110
-112.905191451	48	110
-113	47.8327857703	110
-113.156543195	47.5	110
-113.5	47.0448345542	110
-113.528213203	47	110
-113.950464029	46.5	110
-114	46.4469632991	110
-114.383154057	46	110
-114.5	45.8768233582	110
-114.835484162	45.5	110
-115	45.3285373449	110
-115.303278491	45	110
-115.5	44.7973363996	110
-115.786303848	44.5	110
-116	44.2730616033	110
-116.259520158	44	110
-116.5	43.7453597188	110
-116.735748649	43.5	110
-117	43.2395234704	110
-117.255410075	43	110
-117.5	42.7824304551	110
-117.876282305	42.5	110
-118	42.4068160057	110
-118.5	42.144110471	110
-118.966612052	42	110
-119	41.988247578	110
-119.5	41.9045012221	110
-120	41.9076142609	110
-120.372215956	42	110
-120.5	42.0387493968	110
-121	42.3355404735	110
-121.222799018	42.5	110
-121.5	42.6598052979	110
-121.776141435	43	110
-121.836575955	43.5	110
-121.808368742	44	110
-121.795603275	44.5	110
-121.880001366	45	110
-121.966437697	45.5	110
-121.966687858	46	110
-121.887290984	46.5	110
-121.711360812	47	110
-121.5	47.3658900857	110
-121.415610433	47.5	110
-121.019727908	48	110
-121	48.0209731534	110
-120.5	48.4744357169	110
-120.465898991	48.5	110
-120	48.822430402	110
-119.679864347	49	110
-119.5	49.0996278524	110
-119	49.3277161121	110
-118.5	49.4952505827	110
-118.475663096	49.5	110
-118	49.605225265	110
> 120 contour -Z120
-117	49.5378261209	120
-116.5	49.6006536782	120
-116	49.6539059877	120
-115.5	49.6867149025	120
-115	49.692015186	120
-114.5	49.6546470076	120
-114	49.5353422649	120
-113.910595521	49.5	120
-113.5	49.2706368566	120
-113.209278166	49	120
-113.018707871	48.5	120
-113.098758876	48	120
-113.332197517	47.5	120
-113.5	47.2776201069	120
-113.674698979	47	120
-114	46.6181609035	120
-114.088190764	46.5	120
-114.5	46.0287958682	120
-114.523126066	46	120
-114.971898651	45.5	120
-115	45.4707120452	120
-115.434522428	45	120
-115.5	44.9325446337	120
-115.916495226	44.5	120
-116	44.4113206342	120
-116.390922762	44	120
-116.5	43.8844998553	120
-116.869438455	43.5	120
-117	43.3713035136	120
-117.395930551	43	120
-117.5	42.9074273333	120
-118	42.5293225348	120
-118.054553539	42.5	120
-118.5	42.2589394748	120
-119	42.1049415171	120
-119.5	42.0351732075	120
-120	42.0529996753	120
-120.5	42.2128259838	120
-120.967204809	42.5	120
-121	42.5109584033	120
-121.5	42.8050696701	120
-121.65822804	43	120
-121.749174073	43.5	120
-121.710005537	44	120
-121.655220896	44.5	120
-121.710175991	45	120
-121.810334086	45.5	120
-121.822603911	46	120
-121.742903337	46.5	120
-121.551529575	47	120
-121.5	47.0892036706	120
-121.241503611	47.5	120
-121	47.8024112284	120
-120.814670116	48	120
-120.5	48.2875617146	120
-120.216621876	48.5	120
-120	48.6499155015	120
-119.5	48.9344065487	120
-119.359489471	49	120
-119	49.1700769365	120
-118.5	49.3364095092	120
-118	49.4316807091	120
-117.5	49.4846699536	120
-117.343598604	49.5	120
-117	49.5378261209	120
> 130 contour -Z130
-115.5	49.5339078009	130
-115	49.5416980125	130
-114.537666321	49.5	130
-114.5	49.4965374768	130
-114	49.342426002	130
-113.5	49.0087471083	130
-113.490603737	49	130
-113.234485626	48.5	130
-113.277604938	48	130
-113.5	47.517350018	130
-113.506575733	47.5	130
-113.821184784	47	130
-114	46.7901062667	130
-114.216524214	46.5	130
-114.5	46.1756387353	130
-114.64105618	46	130
-115	45.6034474075	130
-115.089167446	45.5	130
-115.5	45.0602370799	130
-115.555514961	45	130
-116	44.541023165	130
-116.040616125	44.5	130
-116.5	44.0201027691	130
-116.520204127	44	130
-117	43.5028830469	130
-117.002978981	43.5	130
-117.5	43.031152457	130
-117.538301408	43	130
-118	42.6433736384	130
-118.266741678	42.5	130
-118.5	42.3737684935	130
-119	42.2202365696	130
-119.5	42.1633553207	130
-120	42.2037382722	130
-120.5	42.3869025558	130
-120.683998793	42.5	130
-121	42.6055908799	130
-121.5	42.9503340237	130
-121.540314659	43	130
-121.661772177	43.5	130
-121.611642316	44	130
-121.514838514	44.5	130
-121.540350627	45	130
-121.654230461	45.5	130
-121.678519979	46	130
-121.598515674	46.5	130
-121.5	46.7508639693	130
-121.396388263	47	130
-121.06739679	47.5	130
-121	47.584394373	130
-120.610179536	48	130
-120.5	48.1006877199	130
-120	48.4782630801	130
-119.965952843	48.5	130
-119.5	48.7788613439	130
-119.026289525	49	130
-119	49.0124377543	130
-118.5	49.1775684506	130
-118	49.2672935128	130
-117.5	49.3258086443	130
-117	49.3877972662	130
-116.5	49.449044615	130
-116	49.4965097606	130
-115.940628052	49.5	130
-115.5	49.5339078009	130
> 140 contour -Z140
-118.5	49.0187273622	140
-118	49.1029063016	140
-117.5	49.1669473648	140
-117	49.2454079688	140
-116.5	49.3214968443	140
-116	49.3797773123	140
-115.5	49.4109031558	140
-115	49.4093577862	140
-114.5	49.3433277309	140
-114	49.1477220207	140
-113.780125111	49	140
-113.5	48.5962740779	140
-113.450263385	48.5	140
-113.456451025	48	140
-113.5	47.9054884017	140
-113.653682113	47.5	140
-113.967670575	47	140
-114	46.9620516412	140
-114.344857648	46.5	140
-114.5	46.3224815875	140
-114.758986279	46	140
-115	45.7337337732	140
-115.201468945	45.5	140
-115.5	45.180446744	140
-115.666301072	45	140
-116	44.6554213166	140
-116.153879225	44.5	140
-116.5	44.1384235322	140
-116.639121473	44	140
-117	43.6260934174	140
-117.130289733	43.5	140
-117.5	43.1512466073	140
-117.685955197	43	140
-118	42.757424742	140
-118.478929799	42.5	140
-118.5	42.4885975216	140
-119	42.3355316222	140
-119.5	42.2915374339	140
-120	42.3544768542	140
-120.366876841	42.5	140
-120.5	42.5300992131	140
-121	42.7002233267	140
-121.413994133	43	140
-121.5	43.2180581689	140
-121.574370295	43.5	140
-121.513279094	44	140
-121.5	44.0655788481	140
-121.443683207	44.5	140
-121.419103682	45	140
-121.498181611	45.5	140
-121.5	45.5239034593	140
-121.534436051	46	140
-121.5	46.2146576941	140
-121.453142941	46.5	140
-121.243478417	47	140
-121	47.361033082	140
-120.891356796	47.5	140
-120.5	47.9136006236	140
-120.401600182	48	140
-120	48.3123320043	140
-119.706050456	48.5	140
-119.5	48.623316139	140
-119	48.8590641916	140
-118.556737293	49	140
-118.5	49.0187273622	140
> 150 contour -Z150
-117.5	49.0080860853	150
-117	49.1030186713	150
-116.5	49.1939490736	150
-116	49.2630448639	150
-115.5	49.2963975966	150
-115	49.2839187384	150
-114.5	49.1901179552	150
-114.081399143	49	150
-114	48.935588181	150
-113.660225868	48.5	150
-113.621257335	48	150
-113.800788462	47.5	150
-114	47.1826340854	150
-114.097517312	47	150
-114.473191086	46.5	150
-114.5	46.4693244584	150
-114.876916394	46	150
-115	45.8640201539	150
-115.313770473	45.5	150
-115.5	45.3006564081	150
-115.777087212	45	150
-116	44.7698194534	150
-116.267142326	44.5	150
-116.5	44.2567442805	150
-116.758038849	44	150
-117	43.7493038177	150
-117.257600456	43.5	150
-117.5	43.2713407874	150
-117.833608985	43	150
-118	42.8714758456	150
-118.5	42.6044895947	150
-118.839323446	42.5	150
-119	42.4508266672	150
-119.5	42.4197195396	150
-119.973824084	42.5	150
-120	42.5033755302	150
-120.5	42.6160231233	150
-121	42.7948558033	150
-121.283305913	43	150
-121.490173221	43.5	150
-121.454715878	44	150
-121.380710095	44.5	150
-121.312996089	45	150
-121.346643478	45.5	150
-121.383217722	46	150
-121.305654675	46.5	150
-121.090568565	47	150
-121	47.134296298	150
-120.714095831	47.5	150
-120.5	47.7262645513	150
-120.18824406	48	150
-120	48.1464009434	150
-119.5	48.4666246772	150
-119.433328837	48.5	150
-119	48.7060560286	150
-118.5	48.8579686284	150
-118	48.9427030087	150
-117.559896648	49	150
-117.5	49.0080860853	150
> 160 contour -Z160
-116.5	49.0664013028	160
-116	49.1463124156	160
-115.5	49.1818920225	160
-115	49.1584797055	160
-114.5	49.0369081795	160
-114.418735728	49	160
-114	48.6686508358	160
-113.86844641	48.5	160
-113.781544566	48	160
-113.947894819	47.5	160
-114	47.4169907123	160
-114.222651839	47	160
-114.5	46.6315211356	160
-114.584233016	46.5	160
-114.994846496	46	160
-115	45.9943065317	160
-115.426071994	45.5	160
-115.5	45.4208660722	160
-115.887873337	45	160
-116	44.884217605	160
-116.380405426	44.5	160
-116.5	44.3750650436	160
-116.876956202	44	160
-117	43.8725142032	160
-117.384911187	43.5	160
-117.5	43.3914349526	160
-117.981262775	43	160
-118	42.9855269473	160
-118.5	42.7204988599	160
-119	42.5696536303	160
-119.5	42.5424726605	160
-120	42.600936532	160
-120.5	42.7019470632	160
-121	42.8894882649	160
-121.152617648	43	160
-121.424265802	43.5	160
-121.402364224	44	160
-121.317737013	44.5	160
-121.206888542	45	160
-121.195105344	45.5	160
-121.229758754	46	160
-121.158166409	46.5	160
-121	46.8622729182	160
-120.931254923	47	160
-120.536834881	47.5	160
-120.5	47.5389284901	160
-120	47.9787973464	160
-119.970788181	48	160
-119.5	48.3055474162	160
-119.111557849	48.5	160
-119	48.5530478582	160
-118.5	48.69695355	160
-118	48.7895026803	160
-117.5	48.8778947294	160
-117	48.9704638422	160
-116.82655865	49	160
-116.5	49.0664013028	160
> 170 contour -Z170
-116	49.0295799673	170
-115.5	49.0673864633	170
-115	49.0330406763	170
-114.871197984	49	170
-114.5	48.8603722155	170
-114.079101294	48.5	170
-114	48.2481873482	170
-113.941831797	48	170
-114	47.8201149404	170
-114.082326144	47.5	170
-114.347786352	47	170
-114.5	46.797772184	170
-114.690708876	46.5	170
-115	46.1238377988	170
-115.092584014	46	170
-115.5	45.53755036	170
-115.532171577	45.5	170
-115.998659463	45	170
-116	44.9986157572	170
-116.493668528	44.5	170
-116.5	44.4933858016	170
-116.995873566	44	170
-117	43.9957245979	170
-117.5	43.5106346011	170
-117.513719082	43.5	170
-118	43.1020954847	170
-118.191267967	43	170
-118.5	42.8365081102	170
-119	42.6911071837	170
-119.5	42.656127125	170
-120	42.698497504	170
-120.5	42.7878709882	170
-121	42.9841207322	170
-121.021929406	43	170
-121.358358383	43.5	170
-121.3500126	44	170
-121.254763931	44.5	170
-121.100780979	45	170
-121.043567214	45.5	170
-121.076299794	46	170
-121.010678137	46.5	170
-121	46.5244577825	170
-120.762637913	47	170
-120.5	47.3314325213	170
-120.33833313	47.5	170
-120	47.7986560762	170
-119.722599924	48	170
-119.5	48.1444701254	170
-119	48.3868155777	170
-118.627324283	48.5	170
-118.5	48.535938479	170
-118	48.6363023669	170
-117.5	48.7492409647	170
-117	48.8636422157	170
-116.5	48.9550508559	170
-116.172898173	49	170
-116	49.0295799673	170
> 180 contour -Z180
-117.5	48.6205871999	180
-117	48.7568205893	180
-116.5	48.8612897396	180
-116	48.9307690561	180
-115.5	48.9567442536	180
-115	48.9009200633	180
-114.5	48.6764337271	180
-114.293933272	48.5	180
-114.099827677	48	180
-114.209805638	47.5	180
-114.472920872	47	180
-114.5	46.9640232474	180
-114.797184736	46.5	180
-115	46.2533345371	180
-115.189398795	46	180
-115.5	45.6474428475	180
-115.626322895	45.5	180
-116	45.099650979	180
-116.094568461	45	180
-116.5	44.591139853	180
-116.595789313	44.5	180
-117	44.0975207984	180
-117.110121161	44	180
-117.5	43.6214109063	180
-117.656625181	43.5	180
-118	43.2190299332	180
-118.410335578	43	180
-118.5	42.9525173828	180
-119	42.8125607371	180
-119.5	42.7697815746	180
-120	42.796058476	180
-120.5	42.8737949133	180
-120.819165528	43	180
-121	43.0789639056	180
-121.292450964	43.5	180
-121.297660947	44	180
-121.191790819	44.5	180
-121	44.9918922484	180
-120.997470587	45	180
-120.933588743	45.5	180
-120.920149893	46	180
-120.838414103	46.5	180
-120.594020911	47	180
-120.5	47.1186484769	180
-120.13425976	47.5	180
-120	47.6185148358	180
-119.5	47.979659766	180
-119.461408675	48	180
-119	48.2135654092	180
-118.5	48.3748186529	180
-118	48.4865248203	180
-117.947356015	48.5	180
-117.5	48.6205871999	180
> 190 contour -Z190
-117	48.6499989927	190
-116.5	48.7675286233	190
-116	48.8380408287	190
-115.5	48.851627171	190
-115	48.7664102316	190
-114.510092139	48.5	190
-114.5	48.4872074723	190
-114.256518334	48	190
-114.337285101	47.5	190
-114.5	47.1901940703	190
-114.58442691	47	190
-114.903660595	46.5	190
-115	46.3828312904	190
-115.286213577	46	190
-115.5	45.7573353648	190
-115.720474213	45.5	190
-116	45.2005225122	190
-116.190295219	45	190
-116.5	44.6876761615	190
-116.697250366	44.5	190
-117	44.1985472143	190
-117.224200904	44	190
-117.5	43.7321872413	190
-117.799531311	43.5	190
-118	43.3359643668	190
-118.5	43.0620561242	190
-118.760449722	43	190
-119	42.934014298	190
-119.5	42.8834360316	190
-120	42.8936194479	190
-120.5	42.9597188346	190
-120.601868786	43	190
-121	43.1738495529	190
-121.226543561	43.5	190
-121.245309308	44	190
-121.128817722	44.5	190
-121	44.8303830624	190
-120.947083622	45	190
-120.840379924	45.5	190
-120.761339039	46	190
-120.664216295	46.5	190
-120.5	46.8403004706	190
-120.402050287	47	190
-120	47.4207366705	190
-119.903546751	47.5	190
-119.5	47.7823745012	190
-119.087101199	48	190
-119	48.0403152443	190
-118.5	48.2136687338	190
-118	48.3643561006	190
-117.5	48.4942430556	190
-117.478628457	48.5	190
-117	48.6499989927	190
> 200 contour -Z200
-117	48.5431773663	200
-116.5	48.673767522	200
-116	48.7453125864	200
-115.5	48.7465101033	200
-115	48.6319003552	200
-114.757445395	48.5	200
-114.5	48.1736690104	200
-114.413209014	48	200
-114.464764576	47.5	200
-114.5	47.432912454	200
-114.692169279	47	200
-115	46.516122967	200
-115.008843422	46.5	200
-115.383028366	46	200
-115.5	45.8672278672	200
-115.814625517	45.5	200
-116	45.3013940603	200
-116.286021993	45	200
-116.5	44.7842124552	200
-116.798711389	44.5	200
-117	44.299573645	200
-117.338280633	44	200
-117.5	43.8429635465	200
-117.942437422	43.5	200
-118	43.4528988078	200
-118.5	43.1671113968	200
-119	43.0366638899	200
-119.473460833	43	200
-119.5	42.9970904833	200
-120	42.9911804199	200
-120.072716095	43	200
-120.5	43.0293798745	200
-121	43.2687352002	200
-121.160636142	43.5	200
-121.192957669	44	200
-121.065844625	44.5	200
-121	44.6688738912	200
-120.896696657	45	200
-120.747171134	45.5	200
-120.602528192	46	200
-120.5	46.4592403769	200
-120.488922	46.5	200
-120.180644721	47	200
-120	47.1890406907	200
-119.62160261	47.5	200
-119.5	47.5850892141	200
-119	47.8618572056	200
-118.649057835	48	200
-118.5	48.0525188036	200
-118	48.2421873659	200
-117.5	48.4024257958	200
-117.137773737	48.5	200
-117	48.5431773663	200
> 210 contour -Z210
-116.5	48.5800063908	210
-116	48.6525843441	210
-115.5	48.6413930207	210
-115.007108837	48.5	210
-115	48.4962889254	210
-114.573359638	48	210
-114.58652392	47.5	210
-114.799911648	47	210
-115	46.6854824722	210
-115.101737082	46.5	210
-115.479843155	46	210
-115.5	45.9771203715	210
-115.908776835	45.5	210
-116	45.4022656083	210
-116.381748758	45	210
-116.5	44.8807487488	210
-116.900172435	44.5	210
-117	44.4006000608	210
-117.452360362	44	210
-117.5	43.9537398666	210
-118	43.5543413162	210
-118.107957631	43.5	210
-118.5	43.2721666694	210
-119	43.1169439256	210
-119.5	43.0592672229	210
-120	43.0453498065	210
-120.5	43.0846883655	210
-121	43.3636208475	210
-121.094728731	43.5	210
-121.140606031	44	210
-121.002871533	44.5	210
-121	44.5073647159	210
-120.846309692	45	210
-120.653962344	45.5	210
-120.5	45.9116736948	210
-120.465929568	46	210
-120.295588166	46.5	210
-120	46.9462637901	210
-119.954639435	47	210
-119.5	47.3822031021	210
-119.319872111	47.5	210
-119	47.6818197817	210
-118.5	47.9207314551	210
-118.296528935	48	210
-118	48.1200186238	210
-117.5	48.3106085658	210
-117	48.4534909725	210
-116.794424355	48.5	210
-116.5	48.5800063908	210
> 220 contour -Z220
-116	48.559856087	220
-115.5	48.5362759456	220
-115.373543307	48.5	220
-115	48.3049965501	220
-114.737806261	48	220
-114.706098258	47.5	220
-114.907654025	47	220
-115	46.8548419774	220
-115.194630712	46.5	220
-115.5	46.0970557034	220
-115.564552426	46	220
-116	45.5028945208	220
-116.002413392	45.5	220
-116.477475522	45	220
-116.5	44.9772850405	220
-117	44.5012435615	220
-117.0014337	44.5	220
-117.5	44.0471121669	220
-117.564998627	44	220
-118	43.6453347802	220
-118.288730651	43.5	220
-118.5	43.3772219419	220
-119	43.1972239316	220
-119.5	43.1200914979	220
-120	43.0952067077	220
-120.5	43.1399968863	220
-121	43.4585064948	220
-121.028821319	43.5	220
-121.0882544	44	220
-121	44.3192560375	220
-120.960958183	44.5	220
-120.795922726	45	220
-120.560753543	45.5	220
-120.5	45.6624464542	220
-120.36979422	46	220
-120.102254301	46.5	220
-120	46.65437828	220
-119.708249062	47	220
-119.5	47.1750693619	220
-119.00313566	47.5	220
-119	47.5017823529	220
-118.5	47.8031397462	220
-118	47.9986089766	220
-117.996334195	48	220
-117.5	48.2187912911	220
-117	48.3754293621	220
-116.5	48.4885092974	220
-116.407410026	48.5	220
-116	48.559856087	220
> 230 contour -Z230
-117.5	48.1269740462	230
-117	48.2973677814	230
-116.5	48.4101811349	230
-116	48.4671034515	230
-115.5	48.416783154	230
-115	48.1137041897	230
-114.902252913	48	230
-114.825672612	47.5	230
-115	47.0446339846	230
-115.013719559	47	230
-115.287524357	46.5	230
-115.5	46.2196317613	230
-115.646078616	46	230
-116	45.595964551	230
-116.080013365	45.5	230
-116.5	45.0618999898	230
-116.561453283	45	230
-117	44.5784851015	230
-117.090485662	44.5	230
-117.5	44.1280052364	230
-117.676603287	44	230
-118	43.736328274	230
-118.469503658	43.5	230
-118.5	43.4822772127	230
-119	43.2775039524	230
-119.5	43.1809158027	230
-120	43.1450636387	230
-120.5	43.195305407	230
-120.953662068	43.5	230
-121	43.7253503799	230
-121.035902761	44	230
-121	44.1298765242	230
-120.920051038	44.5	230
-120.745535746	45	230
-120.5	45.4666552246	230
-120.482565612	45.5	230
-120.273658901	46	230
-120	46.4290020466	230
-119.948156714	46.5	230
-119.5	46.9816899598	230
-119.478496373	47	230
-119	47.3883690238	230
-118.807223558	47.5	230
-118.5	47.6855480373	230
-118	47.9195713103	230
-117.788044184	48	230
-117.5	48.1269740462	230
> 240 contour -Z240
-117.5	48.0351567864	240
-117	48.2193061858	240
-116.5	48.3318529725	240
-116	48.3743063509	240
-115.5	48.2897150815	240
-115.07551387	48	240
-115	47.7651417255	240
-114.945246968	47.5	240
-115	47.35697788	240
-115.109727561	47	240
-115.380418003	46.5	240
-115.5	46.3422078341	240
-115.727604806	46	240
-116	45.6890345514	240
-116.157613337	45.5	240
-116.5	45.1428467333	240
-116.641815871	45	240
-117	44.6557266414	240
-117.179537654	44.5	240
-117.5	44.2088982761	240
-117.788207948	44	240
-118	43.8273217529	240
-118.5	43.5545393825	240
-118.65969348	43.5	240
-119	43.3577839732	240
-119.5	43.2417401075	240
-120	43.1949205399	240
-120.5	43.2506139278	240
-120.871312797	43.5	240
-120.985168189	44	240
-120.879143864	44.5	240
-120.695148781	45	240
-120.5	45.3708918095	240
-120.432495505	45.5	240
-120.177523553	46	240
-120	46.2782952487	240
-119.838109404	46.5	240
-119.5	46.8634083569	240
-119.33958441	47	240
-119	47.2756218612	240
-118.61251957	47.5	240
-118.5	47.5679563284	240
-118	47.8405336738	240
-117.579754144	48	240
-117.5	48.0351567864	240
> 250 contour -Z250
-117	48.1412445903	250
-116.5	48.2535248101	250
-116	48.2815092504	250
-115.5	48.162646994	250
-115.261692107	48	250
-115.066685587	47.5	250
-115.205735534	47	250
-115.473311646	46.5	250
-115.5	46.4647838846	250
-115.809130996	46	250
-116	45.7821045816	250
-116.23521331	45.5	250
-116.5	45.2237934768	250
-116.722178429	45	250
-117	44.7329681814	250
-117.268589616	44.5	250
-117.5	44.2897913456	250
-117.899812609	44	250
-118	43.9183152467	250
-118.5	43.6201466918	250
-118.851794288	43.5	250
-119	43.4380639941	250
-119.5	43.3025643975	250
-120	43.244777441	250
-120.5	43.3059224337	250
-120.788963556	43.5	250
-120.937963188	44	250
-120.838236719	44.5	250
-120.644761816	45	250
-120.5	45.2751283944	250
-120.382425398	45.5	250
-120.081388213	46	250
-120	46.127588436	250
-119.728062063	46.5	250
-119.5	46.7451267689	250
-119.200672433	47	250
-119	47.1628747135	250
-118.5	47.4711037278	250
-118.443427414	47.5	250
-118	47.7614960074	250
-117.5	47.9595873952	250
-117.372841418	48	250
-117	48.1412445903	250
> 260 contour -Z260
-117	48.0631830096	260
-116.5	48.1751966327	260
-116	48.1887121648	260
-115.5	48.0355789103	260
-115.447870325	48	260
-115.189698875	47.5	260
-115.301743537	47	260
-115.5	46.6282896101	260
-115.558529347	46.5	260
-115.890657179	46	260
-116	45.8751746044	260
-116.312813282	45.5	260
-116.5	45.3047402054	260
-116.802541003	45	260
-117	44.8102097064	260
-117.357641578	44.5	260
-117.5	44.3706844151	260
-118	44.0060406625	260
-118.010455728	44	260
-118.5	43.6857540011	260
-119	43.5112365782	260
-119.046171039	43.5	260
-119.5	43.3633886874	260
-120	43.2946343571	260
-120.5	43.3612309545	260
-120.706614286	43.5	260
-120.890758216	44	260
-120.797329545	44.5	260
-120.594374843	45	260
-120.5	45.1793649793	260
-120.332355291	45.5	260
-120	45.9887059927	260
-119.991403192	46	260
-119.618014745	46.5	260
-119.5	46.6268451661	260
-119.061760463	47	260
-119	47.050127551	260
-118.5	47.4026452899	260
-118.309400648	47.5	260
-118	47.682458356	260
-117.5	47.8940995038	260
-117.166783318	48	260
-117	48.0631830096	260
> 270 contour -Z270
-116.5	48.0968684852	270
-116	48.0959150642	270
-115.705292195	48	270
-115.5	47.8394647539	270
-115.312712178	47.5	270
-115.39775154	47	270
-115.5	46.8082946986	270
-115.640652746	46.5	270
-115.972183369	46	270
-116	45.9682446271	270
-116.390413247	45.5	270
-116.5	45.3856869414	270
-116.882903576	45	270
-117	44.8874512464	270
-117.446693558	44.5	270
-117.5	44.4515774734	270
-118	44.0650885701	270
-118.112661272	44	270
-118.5	43.7513613254	270
-119	43.5604119003	270
-119.248232096	43.5	270
-119.5	43.4242129773	270
-120	43.3444912732	270
-120.5	43.4165394679	270
-120.624265015	43.5	270
-120.843553215	44	270
-120.7564224	44.5	270
-120.543987878	45	270
-120.5	45.0836015642	270
-120.282285184	45.5	270
-120	45.9150812924	270
-119.935361326	46	270
-119.507967415	46.5	270
-119.5	46.5085635763	270
-119	46.9649183452	270
-118.948924154	47	270
-118.5	47.3341868222	270
-118.175373897	47.5	270
-118	47.6034207046	270
-117.5	47.8286116123	270
-117	47.9870314896	270
-116.93323043	48	270
-116.5	48.0968684852	270
> 280 contour -Z280
-116.5	48.0185403228	280
-116	48.0031179688	280
-115.990419756	48	280
-115.5	47.6164994836	280
-115.435725473	47.5	280
-115.493759539	47	280
-115.5	46.9882997796	280
-115.722776145	46.5	280
-116	46.0816459656	280
-116.048186868	46	280
-116.46801322	45.5	280
-116.5	45.4666336812	280
-116.963266153	45	280
-117	44.9646927826	280
-117.5	44.5234326124	280
-117.529659569	44.5	280
-118	44.1241364777	280
-118.214866847	44	280
-118.5	43.8169686496	280
-119	43.6095872521	280
-119.45029315	43.5	280
-119.5	43.4850372756	280
-120	43.3943481743	280
-120.5	43.4718479868	280
-120.541915745	43.5	280
-120.796348214	44	280
-120.715515226	44.5	280
-120.5	44.9882308245	280
-120.494877189	45	280
-120.232215092	45.5	280
-120	45.8414565921	280
-119.879319429	46	280
-119.5	46.4397357106	280
-119.436361134	46.5	280
-119	46.9017535448	280
-118.856961668	47	280
-118.5	47.2657283843	280
-118.041347139	47.5	280
-118	47.5243830495	280
-117.5	47.7631237209	280
-117	47.9189913273	280
-116.58291889	48	280
-116.5	48.0185403228	280
> 290 contour -Z290
-117.5	47.6976358294	290
-117	47.8509511352	290
-116.5	47.9346086681	290
-116	47.8770734072	290
-115.56936565	47.5	290
-115.588573575	47	290
-115.804899529	46.5	290
-116	46.2055770457	290
-116.121330112	46	290
-116.5	45.550980866	290
-116.538979232	45.5	290
-117	45.0362173915	290
-117.035223424	45	290
-117.5	44.5818097293	290
-117.603549749	44.5	290
-118	44.1831843853	290
-118.317072392	44	290
-118.5	43.882575959	290
-119	43.6587625742	290
-119.5	43.5314101577	290
-119.70127067	43.5	290
-120	43.4442050867	290
-120.347525001	43.5	290
-120.5	43.542555809	290
-120.749143213	44	290
-120.674608082	44.5	290
-120.5	44.8955592513	290
-120.454539627	45	290
-120.182144985	45.5	290
-120	45.7678318918	290
-119.823277563	46	290
-119.5	46.3747677207	290
-119.367755204	46.5	290
-119	46.8385887146	290
-118.764999181	47	290
-118.5	47.1972699314	290
-118	47.4618570805	290
-117.906790733	47.5	290
-117.5	47.6976358294	290
> 300 contour -Z300
-117.5	47.632147938	300
-117	47.7829109728	300
-116.5	47.8489394188	300
-116	47.7498728633	300
-115.71463424	47.5	300
-115.683304638	47	300
-115.887022935	46.5	300
-116	46.3295081407	300
-116.194473356	46	300
-116.5	45.6377126575	300
-116.605293125	45.5	300
-117	45.1029285491	300
-117.100103766	45	300
-117.5	44.6401868463	300
-117.677439898	44.5	300
-118	44.2422322929	300
-118.419277951	44	300
-118.5	43.9481832758	300
-119	43.7079378963	300
-119.5	43.5730681419	300
-119.96820756	43.5	300
-120	43.4940619948	300
-120.036985546	43.5	300
-120.5	43.6292274594	300
-120.701938212	44	300
-120.633700922	44.5	300
-120.5	44.8028876781	300
-120.414202064	45	300
-120.132074878	45.5	300
-120	45.6942071766	300
-119.767235696	46	300
-119.5	46.3097997606	300
-119.299149305	46.5	300
-119	46.7754238844	300
-118.673036709	47	300
-118.5	47.1288114786	300
-118	47.4066974223	300
-117.771998018	47.5	300
-117.5	47.632147938	300
> 310 contour -Z310
-117.5	47.5666600168	310
-117	47.7148707956	310
-116.5	47.7632701397	310
-116	47.6226723418	310
-115.859902799	47.5	310
-115.778035685	47	310
-115.969146334	46.5	310
-116	46.453439232	310
-116.267616615	46	310
-116.5	45.7244444489	310
-116.671607018	45.5	310
-117	45.1696397066	310
-117.164984077	45	310
-117.5	44.698563993	310
-117.751330078	44.5	310
-118	44.3012802154	310
-118.5	44.0097262263	310
-118.520410061	44	310
-119	43.7571132183	310
-119.5	43.6147261262	310
-120	43.5430025756	310
-120.5	43.71589908	310
-120.654733226	44	310
-120.592793755	44.5	310
-120.5	44.710216105	310
-120.373864532	45	310
-120.082004771	45.5	310
-120	45.6205824763	310
-119.7111938	46	310
-119.5	46.2448317856	310
-119.230543375	46.5	310
-119	46.712259084	310
-118.581074215	47	310
-118.5	47.0603530332	310
-118	47.3515377939	310
-117.637205303	47.5	310
-117.5	47.5666600168	310
> 320 contour -Z320
-117.5	47.5011721253	320
-117	47.6468306184	320
-116.5	47.6776008606	320
-116.008440942	47.5	320
-116	47.4870897233	320
-115.872766733	47	320
-116	46.6586613655	320
-116.048721731	46.5	320
-116.340759858	46	320
-116.5	45.8111762404	320
-116.73792091	45.5	320
-117	45.2363508642	320
-117.229864389	45	320
-117.5	44.756941095	320
-117.825220257	44.5	320
-118	44.360328123	320
-118.5	44.0559976697	320
-118.617508769	44	320
-119	43.8062885553	320
-119.5	43.6563841403	320
-120	43.5918192565	320
-120.5	43.8025707304	320
-120.607528225	44	320
-120.5518866	44.5	320
-120.5	44.6175445318	320
-120.333526969	45	320
-120.031934667	45.5	320
-120	45.5469577685	320
-119.655151933	46	320
-119.5	46.1798638105	320
-119.161937445	46.5	320
-119	46.6490942538	320
-118.5	46.9941403568	320
-118.489219785	47	320
-118	47.2963781655	320
-117.502412595	47.5	320
-117.5	47.5011721253	320
> 330 contour -Z330
-117	47.5787904263	330
-116.5	47.5919315889	330
-116.245554119	47.5	330
-116	47.124428913	330
-115.967497781	47	330
-116	46.9128037542	330
-116.126763791	46.5	330
-116.41390311	46	330
-116.5	45.8979080394	330
-116.804234803	45.5	330
-117	45.3030620217	330
-117.294744715	45	330
-117.5	44.8153182268	330
-117.899110422	44.5	330
-118	44.4193760306	330
-118.5	44.1022691131	330
-118.714607477	44	330
-119	43.8554638773	330
-119.5	43.6980421245	330
-120	43.6406359673	330
-120.5	43.8892423809	330
-120.560323227	44	330
-120.510979442	44.5	330
-120.5	44.5248729605	330
-120.293189406	45	330
-120	45.4762665629	330
-119.984108001	45.5	330
-119.599110045	46	330
-119.5	46.114895843	330
-119.093331523	46.5	330
-119	46.5859294459	330
-118.5	46.9446496069	330
-118.398169935	47	330
-118	47.2412185222	330
-117.5	47.4408415556	330
-117.270547777	47.5	330
-117	47.5787904263	330
> 340 contour -Z340
-117	47.5107502639	340
-116.5	47.5062623173	340
-116.482667321	47.5	340
-116.073211759	47	340
-116.204805851	46.5	340
-116.487046359	46	340
-116.5	45.9846398337	340
-116.87054868	45.5	340
-117	45.3697731793	340
-117.359625027	45	340
-117.5	44.8736953437	340
-117.973000593	44.5	340
-118	44.4784239419	340
-118.5	44.1485405862	340
-118.811706185	44	340
-119	43.9046392143	340
-119.5	43.7397001088	340
-120	43.6894526482	340
-120.5	43.975914022	340
-120.51311823	44	340
-120.5	44.1376419663	340
-120.467022419	44.5	340
-120.252851874	45	340
-120	45.410740912	340
-119.9402318	45.5	340
-119.543068171	46	340
-119.5	46.0499278717	340
-119.024725601	46.5	340
-119	46.522764625	340
-118.5	46.8951588571	340
-118.307120115	47	340
-118	47.1860588938	340
-117.5	47.3806049526	340
-117.036913846	47.5	340
-117	47.5107502639	340
> 350 contour -Z350
-118	47.1308992505	350
-117.5	47.3203683496	350
-117	47.4316712916	350
-116.5	47.3766205013	350
-116.184662163	47	350
-116.282847896	46.5	350
-116.5	46.1141204834	350
-116.556071937	46	350
-116.936862573	45.5	350
-117	45.4364843369	350
-117.424505346	45	350
-117.5	44.9320724607	350
-118	44.5317773819	350
-118.04388544	44.5	350
-118.5	44.1948120296	350
-118.908804908	44	350
-119	43.9538145401	350
-119.5	43.781358093	350
-120	43.7382693589	350
-120.440651834	44	350
-120.421946526	44.5	350
-120.212514311	45	350
-120	45.345215261	350
-119.896355599	45.5	350
-119.5	45.9875067174	350
-119.488084793	46	350
-119	46.4684073329	350
-118.958054096	46.5	350
-118.5	46.8456681073	350
-118.216070265	47	350
-118	47.1308992505	350
> 360 contour -Z360
-118	47.0757396221	360
-117.5	47.2601317465	360
-117	47.3505209088	360
-116.5	47.2435108572	360
-116.296112567	47	360
-116.360889941	46.5	360
-116.5	46.2528012991	360
-116.624211311	46	360
-117	45.5043053329	360
-117.002985537	45.5	360
-117.489385668	45	360
-117.5	44.9904495832	360
-118	44.581851989	360
-118.113039792	44.5	360
-118.5	44.241083473	360
-119	44.0026148558	360
-119.007054538	44	360
-119.5	43.8230160922	360
-120	43.7870860398	360
-120.358463675	44	360
-120.376870632	44.5	360
-120.172176763	45	360
-120	45.27968961	360
-119.852479398	45.5	360
-119.5	45.9335401952	360
-119.436615348	46	360
-119	46.4190129042	360
-118.892472565	46.5	360
-118.5	46.7961773574	360
-118.125020429	47	360
-118	47.0757396221	360
> 370 contour -Z370
-118	47.0205799937	370
-117.5	47.1998951435	370
-117	47.2693705261	370
-116.5	47.1104012206	370
-116.407562971	47	370
-116.438931998	46.5	370
-116.5	46.3914820999	370
-116.692350715	46	370
-117	45.5941865146	370
-117.065313339	45.5	370
-117.5	45.0535427034	370
-117.551081687	45	370
-118	44.6319265962	370
-118.182194173	44.5	370
-118.5	44.2873549312	370
-119	44.0456222892	370
-119.123082697	44	370
-119.5	43.8646740764	370
-120	43.8359027356	370
-120.276275486	44	370
-120.331794709	44.5	370
-120.131839216	45	370
-120	45.214163959	370
-119.808603197	45.5	370
-119.5	45.8795736432	370
-119.385145903	46	370
-119	46.3696184754	370
-118.826891065	46.5	370
-118.5	46.7466866225	370
-118.033970583	47	370
-118	47.0205799937	370
> 380 contour -Z380
-117.5	47.1396585405	380
-117	47.1882201731	380
-116.534256905	47	380
-116.518923134	46.5	380
-116.76049009	46	380
-117	45.6840676963	380
-117.127641141	45.5	380
-117.5	45.1175582409	380
-117.612154841	45	380
-118	44.6820012033	380
-118.251348555	44.5	380
-118.5	44.3336263895	380
-119	44.0886296928	380
-119.239110857	44	380
-119.5	43.9063320681	380
-120	43.8847194239	380
-120.194087312	44	380
-120.286718816	44.5	380
-120.091501661	45	380
-120	45.148638308	380
-119.764726996	45.5	380
-119.5	45.8256070912	380
-119.333676428	46	380
-119	46.3202240467	380
-118.761309534	46.5	380
-118.5	46.6971958727	380
-118	46.9643955827	380
-117.893579632	47	380
-117.5	47.1396585405	380
> 390 contour -Z390
-117.5	47.0794219375	390
-117	47.1070697978	390
-116.735060185	47	390
-116.605926573	46.5	390
-116.828629479	46	390
-117	45.773948893	390
-117.189968973	45.5	390
-117.5	45.1815738082	390
-117.673227996	45	390
-118	44.7320758104	390
-118.320502937	44.5	390
-118.5	44.3798978403	390
-119	44.1316371262	390
-119.355139017	44	390
-119.5	43.9479900599	390
-120	43.9335361198	390
-120.11189913	44	390
-120.241642907	44.5	390
-120.051164113	45	390
-120	45.0831126645	390
-119.72085081	45.5	390
-119.5	45.771640569	390
-119.282206982	46	390
-119	46.270829618	390
-118.695728034	46.5	390
-118.5	46.6477051377	390
-118	46.9076012969	390
-117.723823473	47	390
-117.5	47.0794219375	390
> 400 contour -Z400
-117.5	47.0191853344	400
-117	47.02591943	400
-116.935863435	47	400
-116.692930013	46.5	400
-116.896768868	46	400
-117	45.8638300598	400
-117.252296776	45.5	400
-117.5	45.2455893457	400
-117.73430118	45	400
-118	44.7821504027	400
-118.389657319	44.5	400
-118.5	44.4261692986	400
-119	44.1746445596	400
-119.471167171	44	400
-119.5	43.9896480506	400
-120	43.9823528137	400
-120.029710947	44	400
-120.196567014	44.5	400
-120.010826561	45	400
-120	45.017587021	400
-119.676974609	45.5	400
-119.5	45.717674017	400
-119.230737507	46	400
-119	46.2214351743	400
-118.630146518	46.5	400
-118.5	46.5982143879	400
-118	46.8508070111	400
-117.554067299	47	400
-117.5	47.0191853344	400
> 410 contour -Z410
-118.5	46.5487236381	410
-118	46.7940127254	410
-117.5	46.9447757602	410
-117	46.8939875662	410
-116.779933453	46.5	410
-116.964908257	46	410
-117	45.9537112452	410
-117.314624593	45.5	410
-117.5	45.309604913	410
-117.795374334	45	410
-118	44.8322250098	410
-118.458811697	44.5	410
-118.5	44.4724407513	410
-119	44.2176519632	410
-119.5	44.0418850482	410
-120	44.0798265636	410
-120.151491106	44.5	410
-120	44.9106146991	410
-119.963165432	45	410
-119.633098409	45.5	410
-119.5	45.6637074649	410
-119.179268062	46	410
-119	46.1720407456	410
-118.56456501	46.5	410
-118.5	46.5487236381	410
> 420 contour -Z420
-118	46.7372184396	420
-117.5	46.8637424409	420
-117	46.7382243574	420
-116.866936892	46.5	420
-117	46.1203833222	420
-117.036010265	46	420
-117.376952402	45.5	420
-117.5	45.3736204654	420
-117.856447503	45	420
-118	44.8822996169	420
-118.5	44.521294117	420
-118.533872247	44.5	420
-119	44.2606593966	420
-119.5	44.0976201594	420
-120	44.2048484087	420
-120.106415197	44.5	420
-120	44.7884370387	420
-119.912817538	45	420
-119.589222215	45.5	420
-119.5	45.6097409204	420
-119.127798602	46	420
-119	46.1226463094	420
-118.5	46.4990856349	420
-118.498151392	46.5	420
-118	46.7372184396	420
> 430 contour -Z430
-118	46.680424124	430
-117.5	46.7827090919	430
-117	46.582461141	430
-116.953940324	46.5	430
-117	46.3685960323	430
-117.110258102	46	430
-117.439280216	45.5	430
-117.5	45.4376360178	430
-117.917520665	45	430
-118	44.9323742241	430
-118.5	44.5739500821	430
-118.617631346	44.5	430
-119	44.3036668152	430
-119.5	44.1533553004	430
-120	44.3298702538	430
-120.061339296	44.5	430
-120	44.6662593782	430
-119.862469643	45	430
-119.545346014	45.5	430
-119.5	45.5557743758	430
-119.076329142	46	430
-119	46.0732518807	430
-118.5	46.4400941432	430
-118.37888512	46.5	430
-118	46.680424124	430
> 440 contour -Z440
-118	46.6236298382	440
-117.5	46.7016757578	440
-117.079509258	46.5	440
-117.184505969	46	440
-117.5	45.5030174851	440
-117.501809269	45.5	440
-117.978593826	45	440
-118	44.9824488275	440
-118.5	44.6266060472	440
-118.701390415	44.5	440
-119	44.3466742337	440
-119.5	44.2090904415	440
-120	44.4548920989	440
-120.016263394	44.5	440
-120	44.5440817215	440
-119.812121749	45	440
-119.501469815	45.5	440
-119.5	45.5018078331	440
-119.02485968	46	440
-119	46.0238574445	440
-118.5	46.3811026812	440
-118.259618849	46.5	440
-118	46.6236298382	440
> 450 contour -Z450
-118	46.5668355525	450
-117.5	46.6206424311	450
-117.248462468	46.5	450
-117.258753836	46	450
-117.5	45.6199765503	450
-117.571937472	45.5	450
-118	45.0480861366	450
-118.048177451	45	450
-118.5	44.6792620122	450
-118.78514953	44.5	450
-119	44.3896816596	450
-119.5	44.2648255676	450
-119.934221119	44.5	450
-119.761773854	45	450
-119.5	45.4216240644	450
-119.439620107	45.5	450
-119	45.9657796323	450
-118.956752956	46	450
-118.5	46.3221111894	450
-118.140352607	46.5	450
-118	46.5668355525	450
> 460 contour -Z460
-118	46.5100412667	460
-117.5	46.5396090969	460
-117.417415671	46.5	460
-117.333001688	46	460
-117.5	45.7369356155	460
-117.642065644	45.5	460
-118	45.1221218109	460
-118.122353762	45	460
-118.5	44.7319179773	460
-118.868908629	44.5	460
-119	44.4326890782	460
-119.5	44.3205606937	460
-119.831312954	44.5	460
-119.71142596	45	460
-119.5	45.3405316174	460
-119.377147436	45.5	460
-119	45.8995895386	460
-118.873103142	46	460
-118.5	46.2631196976	460
-118.021086339	46.5	460
-118	46.5100412667	460
> 470 contour -Z470
-118.5	46.2041282058	470
-118	46.42401281	470
-117.5	46.3548057675	470
-117.40724954	46	470
-117.5	45.8538946807	470
-117.712193847	45.5	470
-118	45.196157515	470
-118.196530044	45	470
-118.5	44.7845739573	470
-118.952667724	44.5	470
-119	44.4756965023	470
-119.5	44.3762958348	470
-119.72840476	44.5	470
-119.661078066	45	470
-119.5	45.2594391704	470
-119.314674795	45.5	470
-119	45.8333994448	470
-118.789453357	46	470
-118.5	46.2041282058	470
> 480 contour -Z480
-118.5	46.1451367438	480
-118	46.3317056894	480
-117.5	46.07077948	480
-117.481497401	46	480
-117.5	45.9708537497	480
-117.782322034	45.5	480
-118	45.2701931894	480
-118.270706341	45	480
-118.5	44.8372299373	480
-119	44.5350731313	480
-119.131437302	44.5	480
-119.5	44.4320309609	480
-119.625496596	44.5	480
-119.610730179	45	480
-119.5	45.1783467233	480
-119.252202123	45.5	480
-119	45.7672093511	480
-118.705803558	46	480
-118.5	46.1451367438	480
> 490 contour -Z490
-118.5	46.086145252	490
-118	46.2393985391	490
-117.612250656	46	490
-117.852450222	45.5	490
-118	45.3442288637	490
-118.344882637	45	490
-118.5	44.8898859024	490
-119	44.6157195568	490
-119.433661558	44.5	490
-119.5	44.4877660973	490
-119.522588419	44.5	490
-119.560382288	45	490
-119.5	45.0972542688	490
-119.189729452	45.5	490
-119	45.7010192722	490
-118.622153766	46	490
-118.5	46.086145252	490
> 500 contour -Z500
-118.5	46.0271537602	500
-118	46.1470914036	500
-117.761758804	46	500
-117.922578417	45.5	500
-118	45.4182645455	500
-118.419058926	45	500
-118.5	44.9425418712	500
-119	44.6963659823	500
-119.5	44.89829503	500
-119.510034393	45	500
-119.5	45.0161618181	500
-119.127256796	45.5	500
-119	45.6348291785	500
-118.538503975	46	500
-118.5	46.0271537602	500
> 510 contour -Z510
-118	46.0547842681	510
-117.911266953	46	510
-117.992706608	45.5	510
-118	45.4923002259	510
-118.493235216	45	510
-118.5	44.9951978424	510
-119	44.7770124227	510
-119.387722105	45	510
-119.064784124	45.5	510
-119	45.5686390921	510
-118.5	45.9300508201	510
-118.261868924	46	510
-118	46.0547842681	510
> 520 contour -Z520
-119	45.5024490058	520
-118.5	45.8004433811	520
-118.139385611	45.5	520
-118.5	45.1408162713	520
-118.669945389	45	520
-119	44.8576588482	520
-119.247497231	45	520
-119.002311458	45.5	520
-119	45.5024490058	520
> 530 contour -Z530
-118.5	45.670835942	530
-118.294950038	45.5	530
-118.5	45.2957635373	530
-118.78891784	45.5	530
-118.5	45.670835942	530
> 530 contour -Z530
-119	45.2213544846	530
-118.856944919	45	530
-119	44.9383052848	530
-119.107272364	45	530
-119	45.2213544846	530
> 540 contour -Z540
-118.5	45.541228503	540
-118.45051448	45.5	540
-118.5	45.450710807	540
-118.569725692	45.5	540
-118.5	45.541228503	540
