> 10 contour -Z10
-118	51.5396496058	10
-117.5	51.6459999084	10
-117	51.697439298	10
-116.5	51.7032198012	10
-116	51.6512961537	10
-115.5	51.5553524531	10
-115.193641514	51.5	10
-115	51.4708696008	10
-114.5	51.4121918678	10
-114	51.353574723	10
-113.5	51.2703032494	10
-113	51.1470589042	10
-112.536727607	51	10
-112.5	50.9894078672	10
-112	50.8260405064	10
-111.5	50.6223879978	10
-111.247847497	50.5	10
-111	50.3545126915	10
-110.501522988	50	10
-110.5	49.9984862506	10
-110.054553777	49.5	10
-110	49.3704493642	10
-109.864526287	49	10
-109.901135743	48.5	10
-110	48.3010754436	10
-110.124237418	48	10
-110.5	47.5032990575	10
-110.50205946	47.5	10
-111	47.0085817873	10
-111.007527769	47	10
-111.5	46.5451883972	10
-111.546202719	46.5	10
-112	46.091719985	10
-112.098589003	46	10
-112.5	45.6540380418	10
-112.674311936	45.5	10
-113	45.2301958501	10
-113.276315808	45	10
-113.5	44.8204225749	10
-113.904948324	44.5	10
-114	44.4231654182	10
-114.5	44.0274089873	10
-114.531223685	44	10
-115	43.5949673355	10
-115.100821972	43.5	10
-115.5	43.1259027123	10
-115.633384287	43	10
-116	42.6409839988	10
-116.153521866	42.5	10
-116.5	42.1492290199	10
-116.657010376	42	10
-117	41.6615208685	10
-117.17400682	41.5	10
-117.5	41.2149973512	10
-117.781757191	41	10
-118	40.8306407034	10
-118.5	40.5437829792	10
-118.610739917	40.5	10
-119	40.3258620501	10
-119.5	40.1987883151	10
-120	40.1440400183	10
-120.5	40.1512767375	10
-121	40.2317841053	10
-121.5	40.408226192	10
-121.646760553	40.5	10
-122	40.5646225214	10
-122.5	40.8266034424	10
-122.674584463	41	10
-123	41.136039257	10
-123.367968857	41.5	10
-123.5	41.6929854751	10
-123.77424854	42	10
-123.992895663	42.5	10
-124	42.5684302151	10
-124.26053381	43	10
-124.326986283	43.5	10
-124.326319814	44	10
-124.272368222	44.5	10
-124.176709741	45	10
-124.100927472	45.5	10
-124	45.9599557221	10
-123.993247092	46	10
-123.848725438	46.5	10
-123.605083369	47	10
-123.5	47.1664502025	10
-123.295460552	47.5	10
-123	47.8935643137	10
-122.917871714	48	10
-122.5	48.4953104258	10
-122.495891154	48.5	10
-122.046445802	49	10
-122	49.0529221371	10
-121.513276664	49.5	10
-121.5	49.514665314	10
-121	49.966984421	10
-120.949267447	50	10
-120.5	50.3931624293	10
-120.333825797	50.5	10
-120	50.7339545041	10
-119.5	50.9989720285	10
-119.497584492	51	10
-119	51.2334542274	10
-118.5	51.4056272507	10
-118.131297708	51.5	10
-118	51.5396496058	10
> 20 contour -Z20
-119.5	49.5452926457	20
-119	49.7574430704	20
-118.5	49.9052606821	20
-118	49.9811187387	20
-117.5	49.9935670197	20
-117	49.9539884627	20
-116.5	49.8912194967	20
-116	49.8349876404	20
-115.5	49.7934227288	20
-115	49.7443239093	20
-114.5	49.6722598374	20
-114	49.5352134407	20
-113.91219902	49.5	20
-113.5	49.2958829403	20
-113.092690766	49	20
-113	48.8962654769	20
-112.675957322	48.5	20
-112.507848024	48	20
-112.575992674	47.5	20
-112.793495908	47	20
-113	46.7426023483	20
-113.153147429	46.5	20
-113.5	46.118383944	20
-113.586718887	46	20
-114	45.5693101883	20
-114.054531664	45.5	20
-114.5	45.055883348	20
-114.547745943	45	20
-115	44.5513004065	20
-115.046872973	44.5	20
-115.5	44.0462805629	20
-115.544255555	44	20
-116	43.5524247885	20
-116.054353356	43.5	20
-116.5	43.0842536688	20
-116.597660035	43	20
-117	42.6431013346	20
-117.179013312	42.5	20
-117.5	42.207434237	20
-117.755224377	42	20
-118	41.7823637128	20
-118.390397951	41.5	20
-118.5	41.4205343276	20
-119	41.1447252929	20
-119.4038596	41	20
-119.5	40.9628020413	20
-120	40.7835805714	20
-120.5	40.6788919568	20
-121	40.6558510959	20
-121.5	40.6886212528	20
-122	40.822288081	20
-122.250108778	41	20
-122.5	41.0382438004	20
-123	41.3707920611	20
-123.130630836	41.5	20
-123.496275306	42	20
-123.5	42.0085051656	20
-123.928427786	42.5	20
-123.987805635	43	20
-123.996076226	43.5	20
-123.971806467	44	20
-123.855992764	44.5	20
-123.58408457	45	20
-123.5	45.1745322645	20
-123.344877124	45.5	20
-123.158969879	46	20
-123	46.3287712336	20
-122.916967303	46.5	20
-122.594606593	47	20
-122.5	47.1234610528	20
-122.201087922	47.5	20
-122	47.7301117927	20
-121.750195295	48	20
-121.5	48.2555865645	20
-121.219551191	48.5	20
-121	48.6871949583	20
-120.524198353	49	20
-120.5	49.0168842059	20
-120	49.3092706501	20
-119.582993403	49.5	20
-119.5	49.5452926457	20
> 30 contour -Z30
-120	48.5226395726	30
-119.5	48.728720516	30
-119	48.8591212332	30
-118.5	48.9377425909	30
-118	48.9614140987	30
-117.5	48.9316912293	30
-117	48.8870790005	30
-116.5	48.861536175	30
-116	48.8359030783	30
-115.5	48.7634888589	30
-115	48.6106995642	30
-114.78103447	48.5	30
-114.5	48.2687942982	30
-114.273933724	48	30
-114.112415403	47.5	30
-114.142950296	47	30
-114.274819717	46.5	30
-114.5	46.0722489357	30
-114.530241907	46	30
-114.846086338	45.5	30
-115	45.3193681091	30
-115.232035875	45	30
-115.5	44.7079537213	30
-115.675020009	44.5	30
-116	44.1614614129	30
-116.148960739	44	30
-116.5	43.6597740352	30
-116.669206411	43.5	30
-117	43.2073889077	30
-117.256040409	43	30
-117.5	42.7971296906	30
-117.89505244	42.5	30
-118	42.4113107175	30
-118.5	42.0524022281	30
-118.578684747	42	30
-119	41.7288947403	30
-119.383645028	41.5	30
-119.5	41.4387707599	30
-120	41.13155213	30
-120.5	41.0050986111	30
-120.551779568	41	30
-121	40.8985342011	30
-121.5	40.8991830498	30
-121.803383529	41	30
-122	41.0096200705	30
-122.5	41.093742013	30
-122.971067458	41.5	30
-123	41.5152179897	30
-123.46388641	42	30
-123.5	42.0824631155	30
-123.863959879	42.5	30
-123.94782421	43	30
-123.949750781	43.5	30
-123.883035928	44	30
-123.623984993	44.5	30
-123.5	44.6955360919	30
-123.314726561	45	30
-123	45.4115232229	30
-122.919278592	45.5	30
-122.556832425	46	30
-122.5	46.0957080424	30
-122.23422353	46.5	30
-122	46.81017524	30
-121.850065917	47	30
-121.5	47.3902187645	30
-121.394480497	47.5	30
-121	47.8786585331	30
-120.844233751	48	30
-120.5	48.2572134137	30
-120.039106771	48.5	30
-120	48.5226395726	30
> 40 contour -Z40
-119.5	48.1190149784	40
-119	48.2212539017	40
-118.5	48.2513827085	40
-118	48.221790418	40
-117.5	48.2033654153	40
-117	48.1979551017	40
-116.5	48.1768779159	40
-116	48.079171516	40
-115.801473469	48	40
-115.5	47.8164385259	40
-115.214372545	47.5	40
-115.098240763	47	40
-115.122750252	46.5	40
-115.255575746	46	40
-115.5	45.5406919718	40
-115.518565863	45.5	40
-115.824164495	45	40
-116	44.7913406342	40
-116.219445318	44.5	40
-116.5	44.1978335381	40
-116.689557582	44	40
-117	43.7056952417	40
-117.246515781	43.5	40
-117.5	43.2933579087	40
-117.918189414	43	40
-118	42.9387056939	40
-118.5	42.5629546344	40
-118.550768822	42.5	40
-119	42.1175457835	40
-119.145110101	42	40
-119.5	41.7113193572	40
-119.797396332	41.5	40
-120	41.3630764633	40
-120.5	41.1106595397	40
-121	41.0284550488	40
-121.5	41.0161733925	40
-122	41.0406226516	40
-122.5	41.1492402256	40
-122.906715751	41.5	40
-123	41.5490657985	40
-123.431497544	42	40
-123.5	42.1564210355	40
-123.799492002	42.5	40
-123.907842755	43	40
-123.903425306	43.5	40
-123.794265419	44	40
-123.5	44.438420862	40
-123.462595224	44.5	40
-123.092068911	45	40
-123	45.1203854308	40
-122.653660223	45.5	40
-122.5	45.6956242472	40
-122.180928752	46	40
-122	46.2241546214	40
-121.661328644	46.5	40
-121.5	46.6948424131	40
-121.199075177	47	40
-121	47.2063639611	40
-120.676137969	47.5	40
-120.5	47.6421039402	40
-120	47.9413744211	40
-119.838589072	48	40
-119.5	48.1190149784	40
> 50 contour -Z50
-119.5	47.5271173418	50
-119	47.594165802	50
-118.5	47.6237404048	50
-118	47.6612228155	50
-117.5	47.6852439046	50
-117	47.6774349511	50
-116.5	47.5834016651	50
-116.312926978	47.5	50
-116	47.2481497228	50
-115.836696371	47	50
-115.788030997	46.5	50
-115.85225606	46	50
-116	45.6694079936	50
-116.063345671	45.5	50
-116.362481639	45	50
-116.5	44.8154150397	50
-116.737885296	44.5	50
-117	44.2262789905	50
-117.249144673	44	50
-117.5	43.7915736288	50
-117.929104947	43.5	50
-118	43.4514179826	50
-118.393801421	43	50
-118.5	42.9160370603	50
-118.835506842	42.5	50
-119	42.3599582911	50
-119.444367934	42	50
-119.5	41.9547468089	50
-120	41.5467270315	50
-120.065969169	41.5	50
-120.5	41.2162204981	50
-121	41.0773552954	50
-121.5	41.0472044349	50
-122	41.0716252029	50
-122.5	41.2047384381	50
-122.842364013	41.5	50
-123	41.5829136372	50
-123.399108678	42	50
-123.5	42.2303789556	50
-123.735024124	42.5	50
-123.867861301	43	50
-123.857099831	43.5	50
-123.705494896	44	50
-123.5	44.3061632216	50
-123.382258445	44.5	50
-123	44.9451325536	50
-122.935052693	45	50
-122.5	45.4515539408	50
-122.43327105	45.5	50
-122	45.9241259396	50
-121.873436034	46	50
-121.5	46.336673826	50
-121.143830121	46.5	50
-121	46.6454265565	50
-120.5	46.9955128431	50
-120.491109848	47	50
-120	47.3328699172	50
-119.576225497	47.5	50
-119.5	47.5271173418	50
> 60 contour -Z60
-119	47.0282664895	60
-118.5	47.1674069464	60
-118	47.2531755865	60
-117.5	47.2700290382	60
-117	47.1996394098	60
-116.594057381	47	60
-116.5	46.8740637004	60
-116.345842674	46.5	60
-116.373231664	46	60
-116.5	45.617413938	60
-116.53385213	45.5	60
-116.841287494	45	60
-117	44.7980939597	60
-117.273300916	44.5	60
-117.5	44.2918688059	60
-117.878208496	44	60
-118	43.9133254513	60
-118.221859962	43.5	60
-118.5	43.2009067535	60
-118.600785464	43	60
-119	42.5613558292	60
-119.053651273	42.5	60
-119.5	42.0940634012	60
-119.607750744	42	60
-120	41.6610859334	60
-120.227420926	41.5	60
-120.5	41.3217814267	60
-121	41.1262555122	60
-121.5	41.0782354474	60
-122	41.102627784	60
-122.5	41.2602366358	60
-122.778012305	41.5	60
-123	41.616761446	60
-123.366719812	42	60
-123.5	42.3043368906	60
-123.670556247	42.5	60
-123.827879846	43	60
-123.810774386	43.5	60
-123.616724379	44	60
-123.5	44.1739055961	60
-123.301921666	44.5	60
-123	44.8515819311	60
-122.824315637	45	60
-122.5	45.3366167247	60
-122.274958014	45.5	60
-122	45.7691544592	60
-121.614931218	46	60
-121.5	46.1036170274	60
-121	46.3635689318	60
-120.503393808	46.5	60
-120.5	46.5024161632	60
-120	46.744502753	60
-119.5	46.9073272645	60
-119.103066072	47	60
-119	47.0282664895	60
> 70 contour -Z70
-119	46.6582510471	70
-118.5	46.8204997778	70
-118	46.9048623741	70
-117.5	46.8795648515	70
-117	46.6356315315	70
-116.883585386	46.5	70
-116.829709426	46	70
-116.973489977	45.5	70
-117	45.4579558633	70
-117.273256868	45	70
-117.5	44.7577131689	70
-117.749161839	44.5	70
-118	44.2906443328	70
-118.147335917	44	70
-118.466982052	43.5	70
-118.5	43.4644947015	70
-118.73301509	43	70
-119	42.7066455483	70
-119.180696696	42.5	70
-119.5	42.2096062005	70
-119.740106404	42	70
-120	41.7754448354	70
-120.388872698	41.5	70
-120.5	41.4273423702	70
-121	41.1751557589	70
-121.5	41.1092664897	70
-122	41.1336303353	70
-122.5	41.3157348335	70
-122.713660583	41.5	70
-123	41.6506092548	70
-123.334330916	42	70
-123.5	42.3782948181	70
-123.606088355	42.5	70
-123.787898391	43	70
-123.764448911	43.5	70
-123.527953856	44	70
-123.5	44.0416479558	70
-123.221584886	44.5	70
-123	44.7580313087	70
-122.713578582	45	70
-122.5	45.2216794789	70
-122.116644986	45.5	70
-122	45.6141829491	70
-121.5	45.9457998276	70
-121.310585916	46	70
-121	46.1732884645	70
-120.5	46.3005091846	70
-120	46.3864306509	70
-119.5	46.4698647559	70
-119.382486105	46.5	70
-119	46.6582510471	70
> 80 contour -Z80
-118.5	46.5215818882	80
-118	46.5943613201	80
-117.603263706	46.5	80
-117.5	46.440238744	80
-117.256355435	46	80
-117.360259295	45.5	80
-117.5	45.2776084989	80
-117.652735889	45	80
-118	44.643497169	80
-118.06999734	44.5	80
-118.329187155	44	80
-118.5	43.7397484481	80
-118.585884154	43.5	80
-118.865244746	43	80
-119	42.8519352376	80
-119.307742119	42.5	80
-119.5	42.3251490146	80
-119.872462064	42	80
-120	41.8898037449	80
-120.5	41.516885519	80
-120.526172578	41.5	80
-121	41.2240560055	80
-121.5	41.1402975321	80
-122	41.1646328866	80
-122.5	41.3712330461	80
-122.649308875	41.5	80
-123	41.6844570935	80
-123.30194205	42	80
-123.5	42.4522527494	80
-123.541620474	42.5	80
-123.747916952	43	80
-123.718123451	43.5	80
-123.5	43.9364895523	80
-123.479049951	44	80
-123.141248122	44.5	80
-123	44.6644807011	80
-122.602841534	45	80
-122.5	45.1067422405	80
-122	45.4843245447	80
-121.965652198	45.5	80
-121.5	45.8482121825	80
-121	45.9918688238	80
-120.924103498	46	80
-120.5	46.1000360474	80
-120	46.1697365195	80
-119.5	46.2466405332	80
-119	46.3648374677	80
-118.557048023	46.5	80
-118.5	46.5215818882	80
> 90 contour -Z90
-119.5	46.0234163105	90
-119	46.1237342581	90
-118.5	46.2375686318	90
-118	46.2032821327	90
-117.733337045	46	90
-117.72248289	45.5	90
-117.988418895	45	90
-118	44.9881107882	90
-118.238098443	44.5	90
-118.5	44.0187496841	90
-118.505334139	44	90
-118.685137779	43.5	90
-118.997474389	43	90
-119	42.9972249393	90
-119.434787542	42.5	90
-119.5	42.4406918362	90
-120	42.0021064579	90
-120.002288014	42	90
-120.5	41.5710578561	90
-120.610139877	41.5	90
-121	41.2729562372	90
-121.5	41.1713285744	90
-122	41.1956354678	90
-122.5	41.4267312512	90
-122.58495716	41.5	90
-123	41.7183049023	90
-123.269553185	42	90
-123.492513567	42.5	90
-123.5	42.5318980217	90
-123.707935497	43	90
-123.671797976	43.5	90
-123.5	43.8437871039	90
-123.448470414	44	90
-123.060911346	44.5	90
-123	44.5709300861	90
-122.5	44.997199744	90
-122.495050967	45	90
-122	45.4247674048	90
-121.835151613	45.5	90
-121.5	45.7506245673	90
-121	45.9008140266	90
-120.5	45.953977555	90
-120	45.9787269533	90
-119.663091183	46	90
-119.5	46.0234163105	90
> 100 contour -Z100
-121.5	45.6530369222	100
-121	45.8097592592	100
-120.5	45.862116456	100
-120	45.8805587888	100
-119.5	45.890817523	100
-119	45.9044854045	100
-118.5	45.9289076924	100
-118.088348061	45.5	100
-118.207108825	45	100
-118.406199552	44.5	100
-118.5	44.3276394457	100
-118.593210667	44	100
-118.784391373	43.5	100
-119	43.1555403769	100
-119.071716845	43	100
-119.5	42.5383560359	100
-119.530079216	42.5	100
-120	42.059976846	100
-120.065145493	42	100
-120.5	41.6252302229	100
-120.694107175	41.5	100
-121	41.3218564689	100
-121.5	41.202359587	100
-122	41.2266380191	100
-122.5	41.4822294544	100
-122.520605441	41.5	100
-123	41.7521527261	100
-123.237164304	42	100
-123.471389323	42.5	100
-123.5	42.6219038069	100
-123.667954057	43	100
-123.625472516	43.5	100
-123.5	43.7510846257	100
-123.417890877	44	100
-123	44.4913068414	100
-122.989841521	44.5	100
-122.5	44.9579252005	100
-122.425639302	45	100
-122	45.3652102649	100
-121.704651013	45.5	100
-121.5	45.6530369222	100
> 110 contour -Z110
-121.5	45.5554492772	110
-121	45.7187044621	110
-120.5	45.770255357	110
-120	45.7823906243	110
-119.5	45.7688394785	110
-119	45.7082761079	110
-118.515562415	45.5	110
-118.5	45.4573212564	110
-118.421618268	45	110
-118.5	44.773718074	110
-118.542720973	44.5	110
-118.681087226	44	110
-118.883644991	43.5	110
-119	43.3141094744	110
-119.144830137	43	110
-119.5	42.6171644628	110
-119.591881633	42.5	110
-120	42.117847234	110
-120.128003001	42	110
-120.5	41.6794025898	110
-120.778074488	41.5	110
-121	41.3707567155	110
-121.5	41.2333906293	110
-122	41.2576405853	110
-122.459998608	41.5	110
-122.5	41.5143435299	110
-123	41.7860005498	110
-123.204775423	42	110
-123.45026511	42.5	110
-123.5	42.7119095623	110
-123.627972603	43	110
-123.579147048	43.5	110
-123.5	43.6583821625	110
-123.387311339	44	110
-123	44.4553550184	110
-122.947829664	44.5	110
-122.5	44.9186506867	110
-122.356227636	45	110
-122	45.3056531549	110
-121.574150428	45.5	110
-121.5	45.5554492772	110
> 120 contour -Z120
-121	45.6276496947	120
-120.5	45.6783942431	120
-120	45.6842224449	120
-119.5	45.6468614638	120
-119	45.512066829	120
-118.971933288	45.5	120
-118.599560708	45	120
-118.639374822	44.5	120
-118.768963769	44	120
-118.982898606	43.5	120
-119	43.4726785533	120
-119.21794346	43	120
-119.5	42.6959728599	120
-119.65368405	42.5	120
-120	42.1757175922	120
-120.19086051	42	120
-120.5	41.7335749269	120
-120.862041786	41.5	120
-121	41.4196569473	120
-121.5	41.2644216716	120
-122	41.2886431515	120
-122.40115568	41.5	120
-122.5	41.535443157	120
-123	41.8198483735	120
-123.172386542	42	120
-123.429140866	42.5	120
-123.5	42.8019153476	120
-123.587991156	43	120
-123.532821588	43.5	120
-123.5	43.5656796917	120
-123.356731772	44	120
-123	44.4194031954	120
-122.905817807	44.5	120
-122.5	44.879376173	120
-122.286815941	45	120
-122	45.246096015	120
-121.5	45.4791378677	120
-121.382259876	45.5	120
-121	45.6276496947	120
> 130 contour -Z130
-121	45.5365948975	130
-120.5	45.5865331441	130
-120	45.5860542804	130
-119.5	45.524883436	130
-119.41072236	45.5	130
-119	45.311614275	130
-118.75644806	45	130
-118.736028641	44.5	130
-118.856840312	44	130
-119	43.6684508324	130
-119.050245255	43.5	130
-119.291056767	43	130
-119.5	42.7747812867	130
-119.715486437	42.5	130
-120	42.2335879803	130
-120.253718019	42	130
-120.5	41.7877472937	130
-120.946009088	41.5	130
-121	41.4685571827	130
-121.5	41.2954526991	130
-122	41.3196457028	130
-122.342312783	41.5	130
-122.5	41.556542784	130
-123	41.8536961824	130
-123.139997676	42	130
-123.408016622	42.5	130
-123.5	42.8919211105	130
-123.548009705	43	130
-123.5	43.4023319185	130
-123.494163126	43.5	130
-123.326152235	44	130
-123	44.3834513724	130
-122.86380592	44.5	130
-122.5	44.8401016295	130
-122.217404291	45	130
-122	45.18653889	130
-121.5	45.4308235645	130
-121.109587111	45.5	130
-121	45.5365948975	130
> 140 contour -Z140
-122	45.126981765	140
-121.5	45.3825092614	140
-121	45.4699123502	140
-120.5	45.4968765974	140
-120	45.4912879467	140
-119.5	45.4169205725	140
-119	45.1108836383	140
-118.913335398	45	140
-118.83268249	44.5	140
-118.94471686	44	140
-119	43.8719675988	140
-119.110949904	43.5	140
-119.364170074	43	140
-119.5	42.8535896987	140
-119.777288854	42.5	140
-120	42.2914583385	140
-120.316575527	42	140
-120.5	41.8419196457	140
-121	41.5088281631	140
-121.030006617	41.5	140
-121.5	41.3264837414	140
-122	41.3506482691	140
-122.283469856	41.5	140
-122.5	41.577642411	140
-123	41.8875440061	140
-123.107608795	42	140
-123.386892408	42.5	140
-123.5	42.9819268808	140
-123.508028258	43	140
-123.5	43.067278564	140
-123.474139571	43.5	140
-123.295572698	44	140
-123	44.3474995494	140
-122.821794063	44.5	140
-122.5	44.8008271158	140
-122.147992611	45	140
-122	45.126981765	140
> 150 contour -Z150
-122	45.0674246252	150
-121.5	45.3341949582	150
-121	45.4196070135	150
-120.5	45.443025142	150
-120	45.4206874073	150
-119.5	45.3125495315	150
-119.065016538	45	150
-119	44.8101299405	150
-118.929336332	44.5	150
-119	44.1682848632	150
-119.022473067	44	150
-119.171654552	43.5	150
-119.437283382	43	150
-119.5	42.9323981181	150
-119.839091271	42.5	150
-120	42.3493287265	150
-120.379433021	42	150
-120.5	41.8960920051	150
-121	41.5335569084	150
-121.114058554	41.5	150
-121.5	41.3575147688	150
-122	41.3816508353	150
-122.224626929	41.5	150
-122.5	41.598742038	150
-123	41.9213918298	150
-123.075219922	42	150
-123.365768164	42.5	150
-123.484399766	43	150
-123.454116017	43.5	150
-123.264993161	44	150
-123	44.3115477264	150
-122.779782206	44.5	150
-122.5	44.7615526021	150
-122.078580946	45	150
-122	45.0674246252	150
> 160 contour -Z160
-122	45.0078674853	160
-121.5	45.2858806252	160
-121	45.3693016469	160
-120.5	45.3891737163	160
-120	45.3500868678	160
-119.5	45.2081784755	160
-119.210272491	45	160
-119.022366166	44.5	160
-119.083063692	44	160
-119.232359201	43.5	160
-119.5	43.0156225562	160
-119.505474597	43	160
-119.900893681	42.5	160
-120	42.4071990922	160
-120.442290526	42	160
-120.5	41.9502643608	160
-121	41.5582856238	160
-121.198110521	41.5	160
-121.5	41.3885458112	160
-122	41.412653394	160
-122.165784016	41.5	160
-122.5	41.619841665	160
-123	41.9552396461	160
-123.042831045	42	160
-123.34464395	42.5	160
-123.46487993	43	160
-123.434092462	43.5	160
-123.234413609	44	160
-123	44.2755959034	160
-122.737770334	44.5	160
-122.5	44.7222780734	160
-122.009169276	45	160
-122	45.0078674853	160
> 170 contour -Z170
-121.5	45.2375663221	170
-121	45.3189963102	170
-120.5	45.3353222609	170
-120	45.2794863582	170
-119.5	45.1038074344	170
-119.355528444	45	170
-119.105542868	44.5	170
-119.143654346	44	170
-119.293063864	43.5	170
-119.5	43.1254861057	170
-119.543974042	43	170
-119.962696094	42.5	170
-120	42.4650694691	170
-120.5	42.0018751621	170
-120.50241673	42	170
-121	41.5830143392	170
-121.282162488	41.5	170
-121.5	41.4195768461	170
-122	41.4436559565	170
-122.106941096	41.5	170
-122.5	41.640941292	170
-123	41.9890874662	170
-123.01044217	42	170
-123.323519707	42.5	170
-123.445360124	43	170
-123.414068937	43.5	170
-123.203834057	44	170
-123	44.2396440804	170
-122.695758462	44.5	170
-122.5	44.6830035448	170
-122	44.9795330763	170
-121.924987048	45	170
-121.5	45.2375663221	170
> 180 contour -Z180
-121.5	45.1892520189	180
-121	45.2686909437	180
-120.5	45.2814708054	180
-120	45.2088858187	180
-119.500910908	45	180
-119.5	44.9992795587	180
-119.188719571	44.5	180
-119.204245001	44	180
-119.353768528	43.5	180
-119.5	43.2353496552	180
-119.582473487	43	180
-120	42.5176312625	180
-120.009370029	42.5	180
-120.5	42.0247709155	180
-120.531925201	42	180
-121	41.6077430844	180
-121.366214439	41.5	180
-121.5	41.4506078772	180
-122	41.474658519	180
-122.048098177	41.5	180
-122.5	41.6620409191	180
-122.979706377	42	180
-123	42.0225976706	180
-123.302395493	42.5	180
-123.425840318	43	180
-123.394045383	43.5	180
-123.17325452	44	180
-123	44.2036922425	180
-122.653746605	44.5	180
-122.5	44.6437290162	180
-122	44.9559509456	180
-121.838556617	45	180
-121.5	45.1892520189	180
> 190 contour -Z190
-121.5	45.1409377158	190
-121	45.218385607	190
-120.5	45.22761935	190
-120	45.1382852942	190
-119.669596136	45	190
-119.5	44.8658679426	190
-119.271896258	44.5	190
-119.264835626	44	190
-119.414473183	43.5	190
-119.5	43.3452132046	190
-119.620972931	43	190
-120	42.5621097088	190
-120.033007771	42.5	190
-120.5	42.0476666987	190
-120.561433643	42	190
-121	41.6324717999	190
-121.450266395	41.5	190
-121.5	41.481638914	190
-121.882086962	41.5	190
-122	41.5034176409	190
-122.5	41.6831405461	190
-122.949757099	42	190
-123	42.0559472442	190
-123.281271249	42.5	190
-123.406320512	43	190
-123.374021828	43.5	190
-123.142674968	44	190
-123	44.1677404195	190
-122.611734733	44.5	190
-122.5	44.604454495	190
-122	44.9323688149	190
-121.752126217	45	190
-121.5	45.1409377158	190
> 200 contour -Z200
-121.5	45.0926233828	200
-121	45.1680802554	200
-120.5	45.1737678945	200
-120	45.0676847696	200
-119.838281378	45	200
-119.5	44.7324563414	200
-119.35507296	44.5	200
-119.325426266	44	200
-119.475177839	43.5	200
-119.5	43.4550767466	200
-119.659472376	43	200
-120	42.606588155	200
-120.056645513	42.5	200
-120.5	42.0705624521	200
-120.590942085	42	200
-121	41.6572005153	200
-121.5	41.507671386	200
-122	41.5221339166	200
-122.5	41.7042401731	200
-122.919807851	42	200
-123	42.089296788	200
-123.260147005	42.5	200
-123.386800677	43	200
-123.353998274	43.5	200
-123.11209543	44	200
-123	44.1317885965	200
-122.569722869	44.5	200
-122.5	44.5651799738	200
-122	44.9087867141	200
-121.665695786	45	200
-121.5	45.0926233828	200
> 210 contour -Z210
-121.5	45.0443090796	210
-121	45.1177749038	210
-120.5	45.1199164391	210
-120.009104401	45	210
-120	44.9973072112	210
-119.5	44.5990447253	210
-119.438249655	44.5	210
-119.386016905	44	210
-119.5	43.6195445061	210
-119.521372199	43.5	210
-119.697971821	43	210
-120	42.6510666013	210
-120.080283284	42.5	210
-120.5	42.0934582055	210
-120.620450526	42	210
-121	41.6819292605	210
-121.5	41.5264599919	210
-122	41.5408501923	210
-122.5	41.7253398001	210
-122.889858574	42	210
-123	42.1226463616	210
-123.239022791	42.5	210
-123.367280871	43	210
-123.333974719	43.5	210
-123.081515886	44	210
-123	44.0958367735	210
-122.527710998	44.5	210
-122.5	44.5259054489	210
-122	44.8852045834	210
-121.579265378	45	210
-121.5	45.0443090796	210
> 220 contour -Z220
-121	45.0674695373	220
-120.5	45.0660649911	220
-120.229553252	45	220
-120	44.9321053922	220
-119.518707901	44.5	220
-119.5	44.386898309	220
-119.446607549	44	220
-119.5	43.8217853904	220
-119.557528883	43.5	220
-119.736471266	43	220
-120	42.6955450177	220
-120.103921026	42.5	220
-120.5	42.1163539886	220
-120.649958998	42	220
-121	41.7066579759	220
-121.5	41.5452485681	220
-122	41.5595664978	220
-122.5	41.7464394271	220
-122.859909326	42	220
-123	42.1559959054	220
-123.217898563	42.5	220
-123.347761065	43	220
-123.313951194	43.5	220
-123.050936341	44	220
-123	44.0598849468	220
-122.5	44.4946217537	220
-122.489141911	44.5	220
-122	44.8616224527	220
-121.5	44.9981161952	220
-121.470894068	45	220
-121	45.0674695373	220
> 230 contour -Z230
-121	45.0171642005	230
-120.5	45.0122135384	230
-120.450002085	45	230
-120	44.8669036031	230
-119.591331661	44.5	230
-119.505319506	44	230
-119.593685567	43.5	230
-119.77497071	43	230
-120	42.740023464	230
-120.127558798	42.5	230
-120.5	42.139249742	230
-120.67946744	42	230
-121	41.7313866913	230
-121.5	41.5640371442	230
-122	41.5782827735	230
-122.5	41.7675390691	230
-122.829960048	42	230
-123	42.189345479	230
-123.196774319	42.5	230
-123.328241259	43	230
-123.29392764	43.5	230
-123.020356795	44	230
-123	44.0239331219	230
-122.5	44.4788219035	230
-122.457244009	44.5	230
-122	44.8380403221	230
-121.5	44.9753922224	230
-121.119795069	45	230
-121	45.0171642005	230
> 240 contour -Z240
-122	44.8144582063	240
-121.5	44.9526682496	240
-121	44.9822009504	240
-120.5	44.9697524607	240
-120	44.8017017841	240
-119.66395539	44.5	240
-119.550096303	44	240
-119.629842252	43.5	240
-119.813470155	43	240
-120	42.7845019102	240
-120.151196539	42.5	240
-120.5	42.1621454954	240
-120.708975881	42	240
-121	41.7561154366	240
-121.5	41.5828257501	240
-122	41.5969990492	240
-122.5	41.7886386961	240
-122.800010771	42	240
-123	42.2226950526	240
-123.17565009	42.5	240
-123.308721453	43	240
-123.273904085	43.5	240
-123	43.9880721271	240
-122.994360596	44	240
-122.5	44.463022083	240
-122.425346076	44.5	240
-122	44.8144582063	240
> 250 contour -Z250
-122	44.7908760756	250
-121.5	44.9299443066	250
-121	44.9551835656	250
-120.5	44.9306325018	250
-120	44.736499995	250
-119.73657915	44.5	250
-119.594873071	44	250
-119.665998966	43.5	250
-119.8519696	43	250
-120	42.8289803416	250
-120.174834311	42.5	250
-120.5	42.1850412786	250
-120.738484353	42	250
-121	41.780844152	250
-121.5	41.6016143262	250
-122	41.6157153249	250
-122.5	41.8097383231	250
-122.770061523	42	250
-123	42.2560446113	250
-123.154525861	42.5	250
-123.289201617	43	250
-123.253880531	43.5	250
-123	43.9523919821	250
-122.977491379	44	250
-122.5	44.4472222328	250
-122.393448144	44.5	250
-122	44.7908760756	250
> 260 contour -Z260
-122	44.7672939599	260
-121.5	44.9072203338	260
-121	44.9281661808	260
-120.5	44.891512543	260
-120	44.671298191	260
-119.80920288	44.5	260
-119.639649868	44	260
-119.70215565	43.5	260
-119.890469037	43	260
-120	42.8734587878	260
-120.198472053	42.5	260
-120.5	42.207937032	260
-120.767992795	42	260
-121	41.8055728823	260
-121.5	41.6204029024	260
-122	41.6344316304	260
-122.5	41.8308379501	260
-122.74011226	42	260
-123	42.28939417	260
-123.133401632	42.5	260
-123.269681811	43	260
-123.233856991	43.5	260
-123	43.9167118371	260
-122.960622162	44	260
-122.5	44.4314224124	260
-122.361550242	44.5	260
-122	44.7672939599	260
> 270 contour -Z270
-122	44.7437118292	270
-121.5	44.884496361	270
-121	44.9011487961	270
-120.5	44.8523925841	270
-120	44.6060963944	270
-119.881826624	44.5	270
-119.684426665	44	270
-119.738312334	43.5	270
-119.928968482	43	270
-120	42.9179372266	270
-120.222109795	42.5	270
-120.5	42.2308327854	270
-120.797501236	42	270
-121	41.8303016126	270
-121.5	41.6391915083	270
-122	41.6531479061	270
-122.5	41.8519375771	270
-122.710162997	42	270
-123	42.3227437288	270
-123.112277403	42.5	270
-123.250162005	43	270
-123.213833436	43.5	270
-123	43.8810317218	270
-122.943752974	44	270
-122.5	44.4156225622	270
-122.329652309	44.5	270
-122	44.7437118292	270
> 280 contour -Z280
-122	44.7201296985	280
-121.5	44.8617723882	280
-121	44.8741313815	280
-120.5	44.8132726252	280
-120	44.5408945903	280
-119.954450365	44.5	280
-119.729203463	44	280
-119.774469018	43.5	280
-119.967467923	43	280
-120	42.9624156654	280
-120.245747566	42.5	280
-120.5	42.2537285686	280
-120.827009693	42	280
-121	41.855030328	280
-121.5	41.6579800844	280
-122	41.6718641818	280
-122.5	41.8730372041	280
-122.68021372	42	280
-123	42.3560933024	280
-123.091153175	42.5	280
-123.230642185	43	280
-123.193809897	43.5	280
-123	43.8453515768	280
-122.926883757	44	280
-122.5	44.3998227417	280
-122.297754377	44.5	280
-122	44.7201296985	280
> 290 contour -Z290
-122	44.6965475976	290
-121.5	44.8390484154	290
-121	44.8471139967	290
-120.5	44.7741526365	290
-120.025254697	44.5	290
-120	44.4656120539	290
-119.773980245	44	290
-119.810625702	43.5	290
-120	43.0143714249	290
-120.002585083	43	290
-120.269385308	42.5	290
-120.5	42.2766243219	290
-120.856518134	42	290
-121	41.8797590584	290
-121.5	41.6767686605	290
-122	41.6905804873	290
-122.5	41.8941368312	290
-122.650264457	42	290
-123	42.3894428611	290
-123.070028938	42.5	290
-123.211122379	43	290
-123.173786342	43.5	290
-123	43.8096714318	290
-122.91001454	44	290
-122.5	44.3840228915	290
-122.265856475	44.5	290
-122	44.6965475976	290
> 300 contour -Z300
-122	44.672965467	300
-121.5	44.8163244426	300
-121	44.820096612	300
-120.5	44.7350326926	300
-120.092998058	44.5	300
-120	44.3733696043	300
-119.818757027	44	300
-119.846782386	43.5	300
-120	43.107091099	300
-120.019263208	43	300
-120.293023065	42.5	300
-120.5	42.2995200902	300
-120.886026584	42	300
-121	41.9044877887	300
-121.5	41.6955572665	300
-122	41.7092967629	300
-122.5	41.9152364582	300
-122.620315194	42	300
-123	42.4227924198	300
-123.04890471	42.5	300
-123.191602558	43	300
-123.153762802	43.5	300
-123	43.7739912868	300
-122.893145353	44	300
-122.5	44.3682230711	300
-122.233958542	44.5	300
-122	44.672965467	300
> 310 contour -Z310
-122	44.6493833363	310
-121.5	44.7936004996	310
-121	44.7930792272	310
-120.5	44.6959127188	310
-120.160741389	44.5	310
-120	44.2811271846	310
-119.863533825	44	310
-119.882939078	43.5	310
-120	43.1998107433	310
-120.035941333	43	310
-120.316660821	42.5	310
-120.5	42.3224158585	310
-120.915535033	42	310
-121	41.9292165115	310
-121.5	41.7143458426	310
-122	41.7280130386	310
-122.5	41.9363360852	310
-122.590365931	42	310
-123	42.456141986	310
-123.027780479	42.5	310
-123.172082752	43	310
-123.133739248	43.5	310
-123	43.7383111566	310
-122.876276135	44	310
-122.5	44.3524232209	310
-122.20206061	44.5	310
-122	44.6493833363	310
> 320 contour -Z320
-122	44.6258012056	320
-121.5	44.7708765268	320
-121	44.7660618424	320
-120.5	44.6567927599	320
-120.22848475	44.5	320
-120	44.1888847351	320
-119.908310615	44	320
-119.91909577	43.5	320
-120	43.2925304174	320
-120.052619457	43	320
-120.340298578	42.5	320
-120.5	42.3453116119	320
-120.945043486	42	320
-121	41.9539452381	320
-121.5	41.7331344187	320
-122	41.7467293441	320
-122.5	41.9574357122	320
-122.560416665	42	320
-123	42.4894915493	320
-123.006656247	42.5	320
-123.152562931	43	320
-123.113715701	43.5	320
-123	43.7026310116	320
-122.859406918	44	320
-122.5	44.3366234004	320
-122.170162693	44.5	320
-122	44.6258012056	320
> 330 contour -Z330
-122	44.6022191048	330
-121.5	44.748152554	330
-121	44.7390444428	330
-120.5	44.6176727936	330
-120.296228096	44.5	330
-120	44.0966423079	330
-119.953087404	44	330
-119.955252457	43.5	330
-120	43.3852500841	330
-120.069297552	43	330
-120.363936335	42.5	330
-120.5	42.3682073802	330
-120.974551935	42	330
-121	41.9786739647	330
-121.5	41.7519230098	330
-122	41.7654456198	330
-122.5	41.9785353411	330
-122.5304674	42	330
-122.995241165	42.5	330
-123	42.5456557274	330
-123.133043125	43	330
-123.093692154	43.5	330
-123	43.6669508815	330
-122.842537701	44	330
-122.5	44.3208235502	330
-122.13826476	44.5	330
-122	44.6022191048	330
> 340 contour -Z340
-122	44.5786369741	340
-121.5	44.7254285812	340
-121	44.712027058	340
-120.5	44.5785528347	340
-120.363971442	44.5	340
-120	44.0043998696	340
-119.997864193	44	340
-119.991409145	43.5	340
-120	43.4779697433	340
-120.085975677	43	340
-120.387574084	42.5	340
-120.5	42.391103141	340
-121	42.0015401542	340
-121.005574852	42	340
-121.5	41.7707116008	340
-122	41.7841619104	340
-122.5	41.9996349677	340
-122.500518135	42	340
-122.988292962	42.5	340
-123	42.6123161912	340
-123.113523312	43	340
-123.073668607	43.5	340
-123	43.6312707365	340
-122.825668514	44	340
-122.5	44.3050237298	340
-122.106366843	44.5	340
-122	44.5786369741	340
> 350 contour -Z350
-122	44.5550548434	350
-121.5	44.7027046084	350
-121	44.6850096732	350
-120.5	44.5394328721	350
-120.431714796	44.5	350
-120.027341574	44	350
-120.013664484	43.5	350
-120.102653801	43	350
-120.411211841	42.5	350
-120.5	42.4139989093	350
-121	42.0127331018	350
-121.04608953	42	350
-121.5	41.7895001769	350
-122	41.8028781861	350
-122.457328856	42	350
-122.5	42.0069934726	350
-122.98134473	42.5	350
-123	42.678976655	350
-123.094003499	43	350
-123.053645059	43.5	350
-123	43.5955906063	350
-122.808799297	44	350
-122.5	44.2892238796	350
-122.074468918	44.5	350
-122	44.5550548434	350
> 360 contour -Z360
-122	44.5314727128	360
-121.5	44.6799806505	360
-121	44.6579922736	360
-120.5	44.5003129072	360
-120.499458144	44.5	360
-120.056052595	44	360
-120.031587511	43.5	360
-120.119331926	43	360
-120.434849598	42.5	360
-120.5	42.4368946701	360
-121	42.0239260495	360
-121.086604238	42	360
-121.5	41.8082887679	360
-122	41.8215944767	360
-122.413906485	42	360
-122.5	42.0141100287	360
-122.974396527	42.5	360
-123	42.7456371188	360
-123.074483685	43	360
-123.033621509	43.5	360
-123	43.559910465	360
-122.791930079	44	360
-122.5	44.2734240592	360
-122.042570997	44.5	360
-122	44.5314727128	360
> 370 contour -Z370
-122	44.5078906119	370
-121.5	44.6572566777	370
-121	44.6309748888	370
-120.584934503	44.5	370
-120.5	44.4679059386	370
-120.084763646	44	370
-120.049510509	43.5	370
-120.136010051	43	370
-120.458487347	42.5	370
-120.5	42.4597904347	370
-121	42.0351189971	370
-121.127118915	42	370
-121.5	41.827077359	370
-122	41.8403107524	370
-122.370484114	42	370
-122.5	42.0212265849	370
-122.967448294	42.5	370
-123	42.8122975528	370
-123.054963868	43	370
-123.013597962	43.5	370
-123	43.5242303293	370
-122.775060862	44	370
-122.5	44.2576242089	370
-122.010673071	44.5	370
-122	44.5078906119	370
> 380 contour -Z380
-121.5	44.6345327199	380
-121	44.603957504	380
-120.670553863	44.5	380
-120.5	44.4355531335	380
-120.113474697	44	380
-120.067433536	43.5	380
-120.152688146	43	380
-120.482125102	42.5	380
-120.5	42.4826861974	380
-121	42.0463119447	380
-121.167633623	42	380
-121.5	41.8458659351	380
-122	41.859027043	380
-122.327061743	42	380
-122.5	42.0283431411	380
-122.960500091	42.5	380
-123	42.8789580166	380
-123.035444055	43	380
-123	43.4249072373	380
-122.996978849	43.5	380
-122.758191675	44	380
-122.5	44.2418243736	380
-122	44.4918810129	380
-121.949481517	44.5	380
-121.5	44.6345327199	380
> 390 contour -Z390
-121.5	44.6118087471	390
-121	44.5769401118	390
-120.756173223	44.5	390
-120.5	44.4032002985	390
-120.142185748	44	390
-120.085356534	43.5	390
-120.16936627	43	390
-120.5	42.5060742497	390
-120.503064543	42.5	390
-121	42.0575048923	390
-121.208148301	42	390
-121.5	41.8646545261	390
-122	41.8777433261	390
-122.283639342	42	390
-122.5	42.0354596972	390
-122.953551859	42.5	390
-123	42.9456184693	390
-123.015924243	43	390
-123	43.1909015775	390
-122.987564117	43.5	390
-122.741322458	44	390
-122.5	44.2260245383	390
-122	44.4796792865	390
-121.873559445	44.5	390
-121.5	44.6118087471	390
> 400 contour -Z400
-121.5	44.5890847743	400
-121	44.5499227233	400
-120.841792583	44.5	400
-120.5	44.3708474636	400
-120.170896798	44	400
-120.103279561	43.5	400
-120.186044395	43	400
-120.5	42.5309892893	400
-120.515634567	42.5	400
-121	42.0686978102	400
-121.248663008	42	400
-121.5	41.8834431097	400
-122	41.8964596167	400
-122.240216985	42	400
-122.5	42.0425762236	400
-122.946603656	42.5	400
-122.998726696	43	400
-122.978149414	43.5	400
-122.724453256	44	400
-122.5	44.210224703	400
-122	44.4674775898	400
-121.797637343	44.5	400
-121.5	44.5890847743	400
> 410 contour -Z410
-121.5	44.5663608015	410
-121	44.5229053348	410
-120.927411936	44.5	410
-120.5	44.3384946287	410
-120.199607849	44	410
-120.121202558	43.5	410
-120.20272252	43	410
-120.5	42.5559043288	410
-120.52820459	42.5	410
-121	42.0798907578	410
-121.289177701	42	410
-121.5	41.9022316933	410
-122	41.9151758999	410
-122.196794599	42	410
-122.5	42.0496927798	410
-122.939655423	42.5	410
-122.991814256	43	410
-122.968734711	43.5	410
-122.707584038	44	410
-122.5	44.1944248676	410
-122	44.4552758932	410
-121.721715271	44.5	410
-121.5	44.5663608015	410
> 420 contour -Z420
-121.5	44.5436368287	420
-121.036718994	44.5	420
-121	44.497567296	420
-120.5	44.3061417937	420
-120.2283189	44	420
-120.139125556	43.5	420
-120.219400644	43	420
-120.5	42.5808193684	420
-120.540774614	42.5	420
-121	42.0910837054	420
-121.329692394	42	420
-121.5	41.9210202843	420
-122	41.933892183	420
-122.153372228	42	420
-122.5	42.0568093359	420
-122.93270722	42.5	420
-122.984901786	43	420
-122.959320009	43.5	420
-122.690714836	44	420
-122.5	44.1786250323	420
-122	44.4430741966	420
-121.645793185	44.5	420
-121.5	44.5436368287	420
> 430 contour -Z430
-121.5	44.5209128857	430
-121.277973458	44.5	430
-121	44.4815836549	430
-120.5	44.2737889886	430
-120.257029951	44	430
-120.157048583	43.5	430
-120.236078739	43	430
-120.5	42.6057344079	430
-120.553344607	42.5	430
-121	42.1022766531	430
-121.370207086	42	430
-121.5	41.9398088679	430
-122	41.9526084661	430
-122.109949857	42	430
-122.5	42.0639258921	430
-122.925758988	42.5	430
-122.977989346	43	430
-122.949905306	43.5	430
-122.673845619	44	430
-122.5	44.162825197	430
-122	44.4308724999	430
-121.569871113	44.5	430
-121.5	44.5209128857	430
> 440 contour -Z440
-122.5	44.1470253468	440
-122	44.4186708033	440
-121.5	44.4989930093	440
-121	44.4656000137	440
-120.5	44.2414361537	440
-120.285741001	44	440
-120.174971581	43.5	440
-120.252756864	43	440
-120.5	42.6306494474	440
-120.565914631	42.5	440
-121	42.1134696007	440
-121.410721779	42	440
-121.5	41.9585974514	440
-122	41.971324753	440
-122.066527486	42	440
-122.5	42.0710424483	440
-122.918810785	42.5	440
-122.971076876	43	440
-122.940490603	43.5	440
-122.656976417	44	440
-122.5	44.1470253468	440
> 450 contour -Z450
-122.5	44.1312254965	450
-122	44.4064691067	450
-121.5	44.4863581359	450
-121	44.4496163726	450
-120.5	44.2090833187	450
-120.314452052	44	450
-120.192894608	43.5	450
-120.269434988	43	450
-120.5	42.655564487	450
-120.578484654	42.5	450
-121	42.1246625483	450
-121.451236472	42	450
-121.5	41.9773860388	450
-122	41.9900410371	450
-122.023105107	42	450
-122.5	42.0781590044	450
-122.911862552	42.5	450
-122.964164436	43	450
-122.931075901	43.5	450
-122.6401072	44	450
-122.5	44.1312254965	450
> 460 contour -Z460
-122.5	44.1154256761	460
-122	44.39426741	460
-121.5	44.4737232625	460
-121	44.4336327612	460
-120.5	44.1767304838	460
-120.343163088	44	460
-120.210817605	43.5	460
-120.286113098	43	460
-120.5	42.6804795265	460
-120.591054678	42.5	460
-121	42.1358554959	460
-121.491751165	42	460
-121.5	41.9961746237	460
-121.651601776	42	460
-122	42.0026129186	460
-122.5	42.0852755606	460
-122.904914349	42.5	460
-122.957251966	43	460
-122.921661168	43.5	460
-122.623237997	44	460
-122.5	44.1154256761	460
> 470 contour -Z470
-122.5	44.0996258259	470
-122	44.3820657134	470
-121.5	44.4610883594	470
-121	44.4176491201	470
-120.5	44.1443776637	470
-120.371874139	44	470
-120.228740633	43.5	470
-120.302791223	43	470
-120.5	42.7053945661	470
-120.603624672	42.5	470
-121	42.1470484436	470
-121.5	42.0054071546	470
-122	42.0081973672	470
-122.5	42.0923921168	470
-122.897966117	42.5	470
-122.950339526	43	470
-122.912246466	43.5	470
-122.606368788	44	470
-122.5	44.0996258259	470
> 480 contour -Z480
-122.5	44.0838260055	480
-122	44.3698640168	480
-121.5	44.448453486	480
-121	44.4016654789	480
-120.5	44.1120248288	480
-120.400585189	44	480
-120.24666363	43.5	480
-120.319469348	43	480
-120.5	42.7303096056	480
-120.616194695	42.5	480
-121	42.1582413614	480
-121.5	42.01219666	480
-122	42.013781786	480
-122.5	42.099508673	480
-122.891017914	42.5	480
-122.943427056	43	480
-122.902831763	43.5	480
-122.589499578	44	480
-122.5	44.0838260055	480
> 490 contour -Z490
-122.5	44.068026185	490
-122	44.3576623201	490
-121.5	44.4358186126	490
-121	44.3856818378	490
-120.5	44.0796720013	490
-120.42929624	44	490
-120.264586657	43.5	490
-120.336147457	43	490
-120.5	42.7552246451	490
-120.628764719	42.5	490
-121	42.169434309	490
-121.5	42.0189861655	490
-122	42.0193662047	490
-122.5	42.1066252291	490
-122.884069681	42.5	490
-122.936514616	43	490
-122.89341706	43.5	490
-122.572630368	44	490
-122.5	44.068026185	490
> 500 contour -Z500
-122.5	44.0522263348	500
-122	44.3454606235	500
-121.5	44.4231837392	500
-121	44.3696982265	500
-120.5	44.0473191738	500
-120.458007287	44	500
-120.282509655	43.5	500
-120.352825582	43	500
-120.5	42.7801396847	500
-120.641334742	42.5	500
-121	42.1806272566	500
-121.5	42.025775671	500
-122	42.0249506533	500
-122.5	42.1137417853	500
-122.877121478	42.5	500
-122.929602146	43	500
-122.884002358	43.5	500
-122.555761158	44	500
-122.5	44.0522263348	500
> 510 contour -Z510
-122.5	44.0364265144	510
-122	44.3332588971	510
-121.5	44.4105488658	510
-121	44.3537145853	510
-120.5	44.0149663426	510
-120.486718336	44	510
-120.300432667	43.5	510
-120.369503692	43	510
-120.5	42.8050547242	510
-120.653904736	42.5	510
-121	42.1918202043	510
-121.5	42.0325651467	510
-122	42.0305350721	510
-122.5	42.1208583415	510
-122.870173246	42.5	510
-122.922689706	43	510
-122.874587655	43.5	510
-122.538891949	44	510
-122.5	44.0364265144	510
> 520 contour -Z520
-122.5	44.0206266642	520
-122	44.3210572004	520
-121.5	44.3979139924	520
-121	44.3377309442	520
-120.512401283	44	520
-120.5	43.974822104	520
-120.31835568	43.5	520
-120.386181816	43	520
-120.5	42.8299697638	520
-120.66647476	42.5	520
-121	42.2030131519	520
-121.5	42.0393546522	520
-122	42.0361194909	520
-122.5	42.1279748976	520
-122.863225043	42.5	520
-122.915777236	43	520
-122.865172952	43.5	520
-122.522022741	44	520
-122.5	44.0206266642	520
> 530 contour -Z530
-122.5	44.0048268437	530
-122	44.3088555038	530
-121.5	44.3852790892	530
-121	44.321747303	530
-120.535477638	44	530
-120.5	43.9279709458	530
-120.336278692	43.5	530
-120.402859934	43	530
-120.5	42.8548848033	530
-120.679044783	42.5	530
-121	42.2142060995	530
-121.5	42.0461441576	530
-122	42.0417039096	530
-122.5	42.1350914538	530
-122.85627681	42.5	530
-122.908864796	43	530
-122.85575822	43.5	530
-122.505153531	44	530
-122.5	44.0048268437	530
> 540 contour -Z540
-122	44.2966538072	540
-121.5	44.3726442158	540
-121	44.3057636917	540
-120.558553994	44	540
-120.5	43.8811198175	540
-120.354201704	43.5	540
-120.419538051	43	540
-120.5	42.8797998428	540
-120.691614807	42.5	540
-121	42.2253990471	540
-121.5	42.0529336631	540
-122	42.0472883582	540
-122.5	42.14220801	540
-122.849328607	42.5	540
-122.901952326	43	540
-122.846343517	43.5	540
-122.5	43.9907355309	540
-122.486113876	44	540
-122	44.2966538072	540
> 550 contour -Z550
-122	44.2844521105	550
-121.5	44.3600093424	550
-121	44.2897800505	550
-120.581630349	44	550
-120.5	43.8342686892	550
-120.372124717	43.5	550
-120.436216176	43	550
-120.5	42.9047148824	550
-120.7041848	42.5	550
-121	42.2365919948	550
-121.5	42.0597231686	550
-122	42.052872777	550
-122.5	42.1493245661	550
-122.842380375	42.5	550
-122.895039886	43	550
-122.836928815	43.5	550
-122.5	43.9773958027	550
-122.466119468	44	550
-122	44.2844521105	550
> 560 contour -Z560
-122	44.2722504139	560
-121.5	44.347374469	560
-121	44.2737964094	560
-120.604706705	44	560
-120.5	43.7874175608	560
-120.390047729	43.5	560
-120.452894289	43	560
-120.5	42.9296299145	560
-120.716754824	42.5	560
-121	42.2477849424	560
-121.5	42.0665126741	560
-122	42.0584571958	560
-122.5	42.1564411223	560
-122.835432172	42.5	560
-122.888127416	43	560
-122.827514112	43.5	560
-122.5	43.9640560746	560
-122.44612506	44	560
-122	44.2722504139	560
> 570 contour -Z570
-122	44.2600487173	570
-121.5	44.3347395957	570
-121	44.2578127682	570
-120.62778306	44	570
-120.5	43.7405664325	570
-120.407970741	43.5	570
-120.46957241	43	570
-120.5	42.9545449577	570
-120.729324847	42.5	570
-121	42.2589778751	570
-121.5	42.0733021796	570
-122	42.0640416443	570
-122.5	42.1635576785	570
-122.828483939	42.5	570
-122.881214976	43	570
-122.818099409	43.5	570
-122.5	43.9507163465	570
-122.426130682	44	570
-122	44.2600487173	570
> 580 contour -Z580
-122	44.2478470206	580
-121.5	44.3221047223	580
-121	44.241829142	580
-120.650859416	44	580
-120.5	43.6937153041	580
-120.425893754	43.5	580
-120.486250528	43	580
-120.5	42.9794599954	580
-120.741894871	42.5	580
-121	42.2701708227	580
-121.5	42.0800916851	580
-122	42.0696260631	580
-122.5	42.1706742346	580
-122.821535736	42.5	580
-122.874302506	43	580
-122.808684707	43.5	580
-122.5	43.9373765886	580
-122.406136274	44	580
-122	44.2478470206	580
> 590 contour -Z590
-122	44.235645324	590
-121.5	44.3094698489	590
-121	44.2258455157	590
-120.673935771	44	590
-120.5	43.6468641758	590
-120.443816762	43.5	590
-120.5	43.0265230238	590
-120.502016485	43	590
-120.754464865	42.5	590
-121	42.2813637555	590
-121.5	42.0868811905	590
-122	42.0752104819	590
-122.5	42.1777907908	590
-122.814587504	42.5	590
-122.867390066	43	590
-122.799270004	43.5	590
-122.5	43.9240368605	590
-122.386141866	44	590
-122	44.235645324	590
> 600 contour -Z600
-122	44.2234436274	600
-121.5	44.2968349457	600
-121	44.2098618746	600
-120.697012126	44	600
-120.5	43.60001304	600
-120.461739775	43.5	600
-120.5	43.1775668859	600
-120.513500035	43	600
-120.767034888	42.5	600
-121	42.2925567031	600
-121.5	42.0936706662	600
-122	42.0807949007	600
-122.5	42.184907347	600
-122.807639301	42.5	600
-122.860477597	43	600
-122.789855272	43.5	600
-122.5	43.9106971323	600
-122.366147459	44	600
-122	44.2234436274	600
> 610 contour -Z610
-122	44.2112419307	610
-121.5	44.2842000723	610
-121	44.1938782334	610
-120.720088482	44	610
-120.5	43.5531619079	610
-120.479662785	43.5	610
-120.5	43.3286107481	610
-120.524983555	43	610
-120.779604897	42.5	610
-121	42.3037496507	610
-121.5	42.1004601717	610
-122	42.0863793492	610
-122.5	42.1920239031	610
-122.800691068	42.5	610
-122.853565156	43	610
-122.780440569	43.5	610
-122.5	43.8973574042	610
-122.34615308	44	610
-122	44.2112419307	610
> 620 contour -Z620
-122	44.1990402043	620
-121.5	44.2715651989	620
-121	44.1778946072	620
-120.743164837	44	620
-120.5	43.5063107763	620
-120.497585797	43.5	620
-120.5	43.4796546195	620
-120.536467105	43	620
-120.79217492	42.5	620
-121	42.3149425983	620
-121.5	42.1072496772	620
-122	42.091963768	620
-122.5	42.1991404593	620
-122.793742865	42.5	620
-122.846652687	43	620
-122.771025866	43.5	620
-122.5	43.8840176463	620
-122.326158673	44	620
-122	44.1990402043	620
> 630 contour -Z630
-122	44.1868385077	630
-121.5	44.2589303255	630
-121	44.161910966	630
-120.766241193	44	630
-120.511659056	43.5	630
-120.547950625	43	630
-120.804744929	42.5	630
-121	42.3261355311	630
-121.5	42.1140391827	630
-122	42.0975481868	630
-122.5	42.2062570155	630
-122.786794633	42.5	630
-122.839740247	43	630
-122.761611164	43.5	630
-122.5	43.8706779182	630
-122.306164265	44	630
-122	44.1868385077	630
> 640 contour -Z640
-122	44.174636811	640
-121.5	44.2462954521	640
-121	44.1459273398	640
-120.789317548	44	640
-120.525133014	43.5	640
-120.559434175	43	640
-120.817314953	42.5	640
-121	42.3373284787	640
-121.5	42.1208286881	640
-122	42.1031326354	640
-122.5	42.2133735716	640
-122.77984643	42.5	640
-122.832827777	43	640
-122.752196461	43.5	640
-122.5	43.8573381901	640
-122.286169857	44	640
-122	44.174636811	640
> 650 contour -Z650
-122	44.1624351144	650
-121.5	44.2336605638	650
-121	44.1299436986	650
-120.812393904	44	650
-120.538606972	43.5	650
-120.570917696	43	650
-120.829884961	42.5	650
-121	42.3485214263	650
-121.5	42.1276181936	650
-122	42.1087170541	650
-122.5	42.2204901278	650
-122.772898197	42.5	650
-122.825915337	43	650
-122.742781758	43.5	650
-122.5	43.8439984322	650
-122.266175449	44	650
-122	44.1624351144	650
> 660 contour -Z660
-122	44.1502334177	660
-121.5	44.2210256904	660
-121	44.1139600724	660
-120.835470259	44	660
-120.552080929	43.5	660
-120.582401216	43	660
-120.842454985	42.5	660
-121	42.3597143739	660
-121.5	42.1344076991	660
-122	42.1143014729	660
-122.5	42.227606684	660
-122.765949994	42.5	660
-122.819002867	43	660
-122.733367041	43.5	660
-122.5	43.830658704	660
-122.246181056	44	660
-122	44.1502334177	660
> 670 contour -Z670
-122	44.1380317211	670
-121.5	44.208390817	670
-121	44.0979764387	670
-120.858546615	44	670
-120.565554917	43.5	670
-120.593884766	43	670
-120.855024993	42.5	670
-121	42.3709073216	670
-121.5	42.1411972046	670
-122	42.1198858917	670
-122.5	42.2347232401	670
-122.759001762	42.5	670
-122.812090427	43	670
-122.723952338	43.5	670
-122.5	43.8173189759	670
-122.226186663	44	670
-122	44.1380317211	670
> 680 contour -Z680
-122	44.1258300245	680
-121.5	44.1957559288	680
-121	44.081992805	680
-120.88162297	44	680
-120.579028875	43.5	680
-120.605368286	43	680
-120.867595017	42.5	680
-121	42.3821002617	680
-121.5	42.1479867101	680
-122	42.1254703403	680
-122.5	42.2418397963	680
-122.752053559	42.5	680
-122.805177957	43	680
-122.714537635	43.5	680
-122.5	43.8039792478	680
-122.206192255	44	680
-122	44.1258300245	680
> 690 contour -Z690
-122	44.1136283278	690
-121.5	44.1831210554	690
-121	44.0660091713	690
-120.904699326	44	690
-120.592502832	43.5	690
-120.616851836	43	690
-120.880165033	42.5	690
-121	42.3932932019	690
-121.5	42.1547761858	690
-122	42.131054759	690
-122.5	42.2489563525	690
-122.745105326	42.5	690
-122.798265517	43	690
-122.705122918	43.5	690
-122.5	43.7906394899	690
-122.186197862	44	690
-122	44.1136283278	690
> 700 contour -Z700
-122	44.1014266312	700
-121.5	44.170486182	700
-121	44.0500255339	700
-120.927775681	44	700
-120.60597679	43.5	700
-120.628335357	43	700
-120.892735049	42.5	700
-121	42.4044861495	700
-121.5	42.1615656912	700
-122	42.1366391778	700
-122.5	42.2560729235	700
-122.738157108	42.5	700
-122.791353047	43	700
-122.695708215	43.5	700
-122.5	43.7772997618	700
-122.166203454	44	700
-122	44.1014266312	700
> 710 contour -Z710
-122	44.0892249346	710
-121.5	44.1578512937	710
-121	44.0340419002	710
-120.95085204	44	710
-120.619450778	43.5	710
-120.639818907	43	710
-120.905305065	42.5	710
-121	42.4156790897	710
-121.5	42.1683551967	710
-122	42.1422236264	710
-122.5	42.2631894797	710
-122.731208891	42.5	710
-122.784440607	43	710
-122.686293513	43.5	710
-122.5	43.7639600337	710
-122.146209061	44	710
-122	44.0892249346	710
> 720 contour -Z720
-122	44.0770232379	720
-121.5	44.1452164203	720
-121	44.0180582684	720
-120.973928394	44	720
-120.632924736	43.5	720
-120.651302427	43	720
-120.917875081	42.5	720
-121	42.4268720374	720
-121.5	42.1751447022	720
-122	42.1478080451	720
-122.5	42.2703060359	720
-122.724260673	42.5	720
-122.777528137	43	720
-122.67687881	43.5	720
-122.5	43.7506203055	720
-122.126214653	44	720
-122	44.0770232379	720
> 730 contour -Z730
-122	44.0648215413	730
-121.5	44.1325815469	730
-121	44.0020746335	730
-120.99700475	44	730
-120.646398693	43.5	730
-120.662785977	43	730
-120.930445097	42.5	730
-121	42.4380649813	730
-121.5	42.1819342077	730
-122	42.1533924639	730
-122.5	42.277422592	730
-122.717312455	42.5	730
-122.770615697	43	730
-122.667464092	43.5	730
-122.5	43.7372805625	730
-122.106220253	44	730
-122	44.0648215413	730
> 740 contour -Z740
-122	44.0526198149	740
-121.5	44.1199466661	740
-121.041984022	44	740
-121	43.983338058	740
-120.659872651	43.5	740
-120.674269497	43	740
-120.94301511	42.5	740
-121	42.4492579252	740
-121.5	42.1887237132	740
-122	42.1589769125	740
-122.5	42.2845391482	740
-122.710364237	42.5	740
-122.763703227	43	740
-122.65804939	43.5	740
-122.5	43.7239408195	740
-122.086225852	44	740
-122	44.0526198149	740
> 750 contour -Z750
-122	44.0404181182	750
-121.5	44.1073117852	750
-121.090230256	44	750
-121	43.9641909003	750
-120.673346639	43.5	750
-120.685753047	43	750
-120.955585126	42.5	750
-121	42.4604508691	750
-121.5	42.1955132186	750
-122	42.1645613313	750
-122.5	42.2916557044	750
-122.70341602	42.5	750
-122.756790787	43	750
-122.648634687	43.5	750
-122.5	43.7106010914	750
-122.066231452	44	750
-122	44.0404181182	750
> 760 contour -Z760
-122	44.0282164216	760
-121.5	44.0946769118	760
-121.138476491	44	760
-121	43.9450437129	760
-120.686820596	43.5	760
-120.697236568	43	760
-120.968155142	42.5	760
-121	42.471643813	760
-121.5	42.2023027241	760
-122	42.17014575	760
-122.5	42.2987722605	760
-122.696467802	42.5	760
-122.749878317	43	760
-122.63921997	43.5	760
-122.5	43.6972613484	760
-122.046237051	44	760
-122	44.0282164216	760
> 770 contour -Z770
-122	44.016014725	770
-121.5	44.082042031	770
-121.186722755	44	770
-121	43.9258965254	770
-120.700294554	43.5	770
-120.708720118	43	770
-120.980725158	42.5	770
-121	42.4828367569	770
-121.5	42.2090921998	770
-122	42.1757301688	770
-122.5	42.3058888167	770
-122.689519584	42.5	770
-122.742965862	43	770
-122.629805267	43.5	770
-122.5	43.6839216053	770
-122.026242651	44	770
-122	44.016014725	770
> 780 contour -Z780
-122	44.0038130283	780
-121.5	44.0694071576	780
-121.23496899	44	780
-121	43.9067493379	780
-120.713768542	43.5	780
-120.720203638	43	780
-120.993295173	42.5	780
-121	42.4940297012	780
-121.5	42.2158817053	780
-122	42.1813146174	780
-122.5	42.3130053729	780
-122.682571366	42.5	780
-122.736053407	43	780
-122.620390564	43.5	780
-122.5	43.6705818772	780
-122.00624825	44	780
-122	44.0038130283	780
> 790 contour -Z790
-121.5	44.0567722619	790
-121.283215225	44	790
-121	43.8876021504	790
-120.7272425	43.5	790
-120.731687188	43	790
-121	42.5097895563	790
-121.005647123	42.5	790
-121.5	42.2226712108	790
-122	42.1868990362	790
-122.5	42.320121929	790
-122.675623149	42.5	790
-122.729140952	43	790
-122.610975854	43.5	790
-122.5	43.6572421342	790
-122	43.9921124279	790
-121.933649212	44	790
-121.5	44.0567722619	790
> 800 contour -Z800
-121.5	44.0441373885	800
-121.331461474	44	800
-121	43.868454963	800
-120.740716457	43.5	800
-120.743170708	43	800
-121	42.5307700932	800
-121.017749757	42.5	800
-121.5	42.2294607162	800
-122	42.1924834549	800
-122.5	42.3272384852	800
-122.668674931	42.5	800
-122.722228497	43	800
-122.601561151	43.5	800
-122.5	43.6439024061	800
-122	43.9806395769	800
-121.83713901	44	800
-121.5	44.0441373885	800
> 810 contour -Z810
-121.5	44.0315025151	810
-121.379707716	44	810
-121	43.8493077755	810
-120.75419043	43.5	810
-120.754654258	43	810
-121	42.5517506301	810
-121.02985239	42.5	810
-121.5	42.2362502217	810
-122	42.1980679035	810
-122.5	42.3343550414	810
-122.661726713	42.5	810
-122.715316042	43	810
-122.592146441	43.5	810
-122.5	43.6305626631	810
-122	43.9691667557	810
-121.740628779	44	810
-121.5	44.0315025151	810
> 820 contour -Z820
-121.5	44.0188676417	820
-121.427953966	44	820
-121	43.830160588	820
-120.767664388	43.5	820
-120.766137794	43	820
-121	42.5727311969	820
-121.041955024	42.5	820
-121.5	42.2430397272	820
-122	42.2036523223	820
-122.5	42.3414715976	820
-122.654778495	42.5	820
-122.708403587	43	820
-122.582731739	43.5	820
-122.5	43.617222935	820
-122	43.9576939046	820
-121.644118562	44	820
-121.5	44.0188676417	820
> 830 contour -Z830
-121.5	44.0062327683	830
-121.476200208	44	830
-121	43.8110134304	830
-120.781138361	43.5	830
-120.777621329	43	830
-121	42.5937117338	830
-121.054057658	42.5	830
-121.5	42.2498292327	830
-122	42.2092367411	830
-122.5	42.3485881537	830
-122.647830278	42.5	830
-122.701491132	43	830
-122.573317029	43.5	830
-122.5	43.6038831919	830
-122	43.9462210834	830
-121.547608331	44	830
-121.5	44.0062327683	830
> 840 contour -Z840
-122.5	43.5905434489	840
-122	43.9347482324	840
-121.5	43.9935608804	840
-121	43.7918662429	840
-120.794612318	43.5	840
-120.789104849	43	840
-121	42.6146922708	840
-121.066160291	42.5	840
-121.5	42.2566187233	840
-122	42.2148211598	840
-122.5	42.3557047099	840
-122.640882075	42.5	840
-122.694578677	43	840
-122.563902326	43.5	840
-122.5	43.5905434489	840
> 850 contour -Z850
-122.5	43.5772037208	850
-122	43.9232754111	850
-121.5	43.9808529913	850
-121	43.7727190554	850
-120.808086291	43.5	850
-120.800588384	43	850
-121	42.6356728077	850
-121.078262955	42.5	850
-121.5	42.2634082288	850
-122	42.2204056084	850
-122.5	42.3628212661	850
-122.633933857	42.5	850
-122.687666222	43	850
-122.554487616	43.5	850
-122.5	43.5772037208	850
> 860 contour -Z860
-122.5	43.5638639927	860
-122	43.9118025601	860
-121.5	43.9681450725	860
-121	43.7535718679	860
-120.821560249	43.5	860
-120.812071919	43	860
-121	42.6566533446	860
-121.090365589	42.5	860
-121.5	42.2701977342	860
-122	42.2259900272	860
-122.5	42.3699378222	860
-122.626985639	42.5	860
-122.680753767	43	860
-122.545072909	43.5	860
-122.5	43.5638639927	860
> 870 contour -Z870
-122.5	43.5505242646	870
-122	43.9003297389	870
-121.5	43.9554371834	870
-121	43.7344246805	870
-120.835034221	43.5	870
-120.823555455	43	870
-121	42.6776339114	870
-121.102468222	42.5	870
-121.5	42.2769872397	870
-122	42.231574446	870
-122.5	42.3770543709	870
-122.620037414	42.5	870
-122.673841327	43	870
-122.535658203	43.5	870
-122.5	43.5505242646	870
> 880 contour -Z880
-122.5	43.5371845067	880
-122	43.8888568878	880
-121.5	43.9427292943	880
-121	43.715277493	880
-120.848508179	43.5	880
-120.83503899	43	880
-121	42.6986144483	880
-121.114570856	42.5	880
-121.5	42.2837767303	880
-122	42.2371588945	880
-122.5	42.3841709271	880
-122.613089196	42.5	880
-122.666928872	43	880
-122.526243495	43.5	880
-122.5	43.5371845067	880
> 890 contour -Z890
-122.5	43.5238447785	890
-122	43.8773840666	890
-121.5	43.9300213754	890
-121	43.6961303204	890
-120.861982152	43.5	890
-120.846522525	43	890
-121	42.7195949852	890
-121.12667349	42.5	890
-121.5	42.2905662358	890
-122	42.2427433133	890
-122.5	42.3912874833	890
-122.606140979	42.5	890
-122.660016418	43	890
-122.516828788	43.5	890
-122.5	43.5238447785	890
> 900 contour -Z900
-122.5	43.5105050504	900
-122	43.8659112155	900
-121.5	43.9173134863	900
-121	43.676983133	900
-120.875456117	43.5	900
-120.85800606	43	900
-121	42.7405755222	900
-121.138776124	42.5	900
-121.5	42.2973557413	900
-122	42.2483277321	900
-122.5	42.3984040394	900
-122.599192761	42.5	900
-122.653103963	43	900
-122.507414082	43.5	900
-122.5	43.5105050504	900
> 910 contour -Z910
-122	43.8544383794	910
-121.5	43.9046055973	910
-121	43.6578359455	910
-120.888930082	43.5	910
-120.869489595	43	910
-121	42.761556074	910
-121.150878757	42.5	910
-121.5	42.3041452467	910
-122	42.2539121658	910
-122.5	42.4055205956	910
-122.592244543	42.5	910
-122.646191508	43	910
-122.5	43.4950261116	910
-122.496584296	43.5	910
-122	43.8544383794	910
> 920 contour -Z920
-122	43.8429655433	920
-121.5	43.8918976784	920
-121	43.638688758	920
-120.902404048	43.5	920
-120.880973138	43	920
-121	42.782536611	920
-121.162981421	42.5	920
-121.5	42.3109347522	920
-122	42.2594965994	920
-122.5	42.4126371518	920
-122.585296325	42.5	920
-122.639279053	43	920
-122.5	43.4716194868	920
-122.480510324	43.5	920
-122	43.8429655433	920
> 930 contour -Z930
-122	43.8314927071	930
-121.5	43.8791897893	930
-121	43.619541578	930
-120.915878013	43.5	930
-120.892456666	43	930
-121	42.8035171628	930
-121.175084054	42.5	930
-121.5	42.3177242428	930
-122	42.2650810182	930
-122.5	42.4197537079	930
-122.578348108	42.5	930
-122.632366598	43	930
-122.5	43.4482128918	930
-122.464436352	43.5	930
-122	43.8314927071	930
> 940 contour -Z940
-122	43.820019871	940
-121.5	43.8664819002	940
-121	43.600394398	940
-120.929351978	43.5	940
-120.903940201	43	940
-121	42.8244976997	940
-121.187186688	42.5	940
-121.5	42.3245137483	940
-122	42.2706654519	940
-122.5	42.4268702641	940
-122.57139989	42.5	940
-122.625454143	43	940
-122.5	43.4248062968	940
-122.44836238	43.5	940
-122	43.820019871	940
> 950 contour -Z950
-122	43.8085470349	950
-121.5	43.8537739813	950
-121	43.5812472105	950
-120.942825943	43.5	950
-120.915423736	43	950
-121	42.8454782516	950
-121.199289322	42.5	950
-121.5	42.3313032538	950
-122	42.2762498707	950
-122.5	42.4339868203	950
-122.564451672	42.5	950
-122.61854168	43	950
-122.5	43.4013997018	950
-122.432288408	43.5	950
-122	43.8085470349	950
> 960 contour -Z960
-122	43.7970741987	960
-121.5	43.8410660923	960
-121	43.5621000305	960
-120.956299908	43.5	960
-120.926907271	43	960
-121	42.8664587885	960
-121.211391956	42.5	960
-121.5	42.3380927593	960
-122	42.2818343043	960
-122.5	42.4411033764	960
-122.557503454	42.5	960
-122.611629225	43	960
-122.5	43.3779931068	960
-122.416214466	43.5	960
-122	43.7970741987	960
> 970 contour -Z970
-122	43.7856013626	970
-121.5	43.8283582032	970
-121	43.5429528467	970
-120.969773876	43.5	970
-120.938390806	43	970
-121	42.8874393329	970
-121.223494589	42.5	970
-121.5	42.3448822498	970
-122	42.287418738	970
-122.5	42.4482199326	970
-122.550555237	42.5	970
-122.60471677	43	970
-122.5	43.3545865119	970
-122.400140494	43.5	970
-122	43.7856013626	970
> 980 contour -Z980
-122	43.7741285264	980
-121.5	43.8156502843	980
-121	43.5238056611	980
-120.983247841	43.5	980
-120.949874341	43	980
-121	42.9084198773	980
-121.235597253	42.5	980
-121.5	42.3516717553	980
-122	42.2930031568	980
-122.5	42.4553364888	980
-122.543607019	42.5	980
-122.597804315	43	980
-122.5	43.3311799169	980
-122.384066522	43.5	980
-122	43.7741285264	980
> 990 contour -Z990
-122	43.7626556903	990
-121.5	43.8029423952	990
-121	43.5046584778	990
-120.996721806	43.5	990
-120.961357877	43	990
-121	42.9294004217	990
-121.247699887	42.5	990
-121.5	42.3584612608	990
-122	42.2985875905	990
-122.5	42.462453045	990
-122.536658801	42.5	990
-122.59089186	43	990
-122.5	43.3077733219	990
-122.36799255	43.5	990
-122	43.7626556903	990
> 1000 contour -Z1000
-122	43.7511828542	1000
-121.5	43.7902345061	1000
-121.016034812	43.5	1000
-121	43.3787999153	1000
-120.972841412	43	1000
-121	42.9503809623	1000
-121.25980252	42.5	1000
-121.5	42.3652507663	1000
-122	42.3041720092	1000
-122.5	42.4695695993	1000
-122.529710585	42.5	1000
-122.583979405	43	1000
-122.5	43.2843667269	1000
-122.351918608	43.5	1000
-122	43.7511828542	1000
> 1010 contour -Z1010
-122	43.7397100329	1010
-121.5	43.7775265872	1010
-121.037225187	43.5	1010
-121	43.2186309844	1010
-120.984324947	43	1010
-121	42.9713615067	1010
-121.271905154	42.5	1010
-121.5	42.3720402569	1010
-122	42.3097564429	1010
-122.5	42.4766861554	1010
-122.522762368	42.5	1010
-122.577066951	43	1010
-122.5	43.2609601319	1010
-122.335844636	43.5	1010
-122	43.7397100329	1010
> 1020 contour -Z1020
-122	43.7282371819	1020
-121.5	43.7648186982	1020
-121.058415562	43.5	1020
-121	43.0584620498	1020
-120.995808482	43	1020
-121	42.9923420507	1020
-121.284007788	42.5	1020
-121.5	42.3788297623	1020
-122	42.3153408766	1020
-122.5	42.4838027116	1020
-122.51581415	42.5	1020
-122.570154496	43	1020
-122.5	43.2375535369	1020
-122.319770664	43.5	1020
-122	43.7282371819	1020
> 1030 contour -Z1030
-122	43.7167643607	1030
-121.5	43.7521108091	1030
-121.079605967	43.5	1030
-121.008214563	43	1030
-121.296110436	42.5	1030
-121.5	42.3856192678	1030
-122	42.3209252954	1030
-122.5	42.4909192678	1030
-122.508865933	42.5	1030
-122.563242041	43	1030
-122.5	43.214146927	1030
-122.303696692	43.5	1030
-122	43.7167643607	1030
> 1040 contour -Z1040
-122	43.7052915096	1040
-121.5	43.7394028902	1040
-121.100796342	43.5	1040
-121.021150947	43	1040
-121.30821307	42.5	1040
-121.5	42.3924087733	1040
-122	42.326509729	1040
-122.5	42.4980358237	1040
-122.501917715	42.5	1040
-122.556329589	43	1040
-122.5	43.190740332	1040
-122.28762272	43.5	1040
-122	43.7052915096	1040
> 1050 contour -Z1050
-122	43.6938186586	1050
-121.5	43.7266950011	1050
-121.121986747	43.5	1050
-121.03408733	43	1050
-121.320315704	42.5	1050
-121.5	42.3991982713	1050
-122	42.3320941478	1050
-122.488243252	42.5	1050
-122.5	42.5459798872	1050
-122.549417134	43	1050
-122.5	43.167333737	1050
-122.271548778	43.5	1050
-122	43.6938186586	1050
> 1060 contour -Z1060
-122	43.6823458374	1060
-121.5	43.7139870971	1060
-121.143177122	43.5	1060
-121.047023714	43	1060
-121.332418352	42.5	1060
-121.5	42.4059877768	1060
-122	42.3376785815	1060
-122.472004622	42.5	1060
-122.5	42.6094880998	1060
-122.542504679	43	1060
-122.5	43.143927142	1060
-122.255474806	43.5	1060
-122	43.6823458374	1060
> 1070 contour -Z1070
-122	43.6708729863	1070
-121.5	43.7012791932	1070
-121.164367497	43.5	1070
-121.059960067	43	1070
-121.344520986	42.5	1070
-121.5	42.4127772748	1070
-122	42.3432630002	1070
-122.455766022	42.5	1070
-122.5	42.6729962826	1070
-122.535592224	43	1070
-122.5	43.120520547	1070
-122.239400834	43.5	1070
-122	43.6708729863	1070
> 1080 contour -Z1080
-122	43.6594001651	1080
-121.5	43.6885713041	1080
-121.185557902	43.5	1080
-121.072896451	43	1080
-121.35662362	42.5	1080
-121.5	42.4195667803	1080
-122	42.3488474339	1080
-122.439527392	42.5	1080
-122.5	42.7365044951	1080
-122.528679768	43	1080
-122.5	43.0971139446	1080
-122.223326877	43.5	1080
-122	43.6594001651	1080
> 1090 contour -Z1090
-122	43.647927314	1090
-121.5	43.6758634001	1090
-121.206748277	43.5	1090
-121.085832834	43	1090
-121.368726268	42.5	1090
-121.5	42.4263562784	1090
-122	42.3544318676	1090
-122.423288792	42.5	1090
-122.5	42.8000127077	1090
-122.521767313	43	1090
-122.5	43.0737073496	1090
-122.207252905	43.5	1090
-122	43.647927314	1090
> 1100 contour -Z1100
-122	43.6364544928	1100
-121.5	43.6631554961	1100
-121.227938652	43.5	1100
-121.098769218	43	1100
-121.380828902	42.5	1100
-121.5	42.4331457838	1100
-122	42.3600162864	1100
-122.407050163	42.5	1100
-122.5	42.8635209203	1100
-122.514854859	43	1100
-122.5	43.0503007546	1100
-122.191178948	43.5	1100
-122	43.6364544928	1100
> 1110 contour -Z1110
-122	43.6249816418	1110
-121.5	43.650447607	1110
-121.249129057	43.5	1110
-121.111705601	43	1110
-121.392931536	42.5	1110
-121.5	42.4399352856	1110
-122	42.36560072	1110
-122.390811533	42.5	1110
-122.5	42.9270291328	1110
-122.507942404	43	1110
-122.5	43.0268941578	1110
-122.175104976	43.5	1110
-122	43.6249816418	1110
> 1120 contour -Z1120
-122	43.6135088205	1120
-121.5	43.6377397031	1120
-121.270319432	43.5	1120
-121.124641955	43	1120
-121.405034177	42.5	1120
-121.5	42.4467247874	1120
-122	42.3711851388	1120
-122.374572933	42.5	1120
-122.5	42.9905373389	1120
-122.501029949	43	1120
-122.5	43.0034875602	1120
-122.159031004	43.5	1120
-122	43.6135088205	1120
> 1130 contour -Z1130
-122	43.6020359695	1130
-121.5	43.6250317991	1130
-121.291509822	43.5	1130
-121.137578338	43	1130
-121.417136818	42.5	1130
-121.5	42.4535142891	1130
-122	42.3767695725	1130
-122.358334303	42.5	1130
-122.488907546	43	1130
-122.142957047	43.5	1130
-122	43.6020359695	1130
> 1140 contour -Z1140
-122	43.5905631483	1140
-121.5	43.6123239025	1140
-121.312700212	43.5	1140
-121.150514722	43	1140
-121.429239452	42.5	1140
-121.5	42.4603037909	1140
-122	42.3823539987	1140
-122.342095673	42.5	1140
-122.475872964	43	1140
-122.126883075	43.5	1140
-122	43.5905631483	1140
> 1150 contour -Z1150
-122	43.5790902972	1150
-121.5	43.5996159986	1150
-121.333890602	43.5	1150
-121.163451105	43	1150
-121.441342093	42.5	1150
-121.5	42.4670932926	1150
-122	42.3879384249	1150
-122.325857073	42.5	1150
-122.462838382	43	1150
-122.11080911	43.5	1150
-122	43.5790902972	1150
> 1160 contour -Z1160
-122	43.567617476	1160
-121.5	43.586908102	1160
-121.355080992	43.5	1160
-121.176387489	43	1160
-121.45344473	42.5	1160
-121.5	42.4738827944	1160
-122	42.3935228512	1160
-122.309618443	42.5	1160
-122.449803799	43	1160
-122.094735146	43.5	1160
-122	43.567617476	1160
> 1170 contour -Z1170
-122	43.5561446249	1170
-121.5	43.5742002055	1170
-121.376271375	43.5	1170
-121.189323843	43	1170
-121.465547368	42.5	1170
-121.5	42.4806722961	1170
-122	42.3991072848	1170
-122.293379843	42.5	1170
-122.436769217	43	1170
-122.078661181	43.5	1170
-122	43.5561446249	1170
> 1180 contour -Z1180
-122	43.5446718037	1180
-121.5	43.5614923015	1180
-121.397461757	43.5	1180
-121.202260226	43	1180
-121.477650007	42.5	1180
-121.5	42.4874617988	1180
-122	42.4046917111	1180
-122.277141213	42.5	1180
-122.423734635	43	1180
-122.062587216	43.5	1180
-122	43.5446718037	1180
> 1190 contour -Z1190
-122	43.5331989527	1190
-121.5	43.548784405	1190
-121.418652147	43.5	1190
-121.215196609	43	1190
-121.489752647	42.5	1190
-121.5	42.4942513006	1190
-122	42.4102761373	1190
-122.260902584	42.5	1190
-122.410700053	43	1190
-122.046513252	43.5	1190
-122	43.5331989527	1190
> 1200 contour -Z1200
-122	43.5217261314	1200
-121.5	43.5360765047	1200
-121.43984253	43.5	1200
-121.228132993	43	1200
-121.5	42.5036207736	1200
-121.505035967	42.5	1200
-122	42.4158605635	1200
-122.244663969	42.5	1200
-122.397665501	43	1200
-122.030439287	43.5	1200
-122	43.5217261314	1200
> 1210 contour -Z1210
-122	43.5102532804	1210
-121.5	43.5233686045	1210
-121.461032916	43.5	1210
-121.241069376	43	1210
-121.5	42.5272402167	1210
-121.537887275	42.5	1210
-122	42.4214449897	1210
-122.228425354	42.5	1210
-122.384630919	43	1210
-122.014365322	43.5	1210
-122	43.5102532804	1210
> 1220 contour -Z1220
-121.5	43.510660708	1220
-121.482223304	43.5	1220
-121.254005745	43	1220
-121.5	42.5508596599	1220
-121.570738584	42.5	1220
-122	42.4270294234	1220
-122.212186739	42.5	1220
-122.371596336	43	1220
-122	43.4981426001	1220
-121.943769306	43.5	1220
-121.5	43.510660708	1220
> 1230 contour -Z1230
-122	43.480669111	1230
-121.5	43.4955686331	1230
-121.266942129	43	1230
-121.5	42.5744791031	1230
-121.603589892	42.5	1230
-122	42.4326138496	1230
-122.195948109	42.5	1230
-122.358561754	43	1230
-122	43.480669111	1230
> 1240 contour -Z1240
-122	43.4631956331	1240
-121.5	43.4680610299	1240
-121.279878497	43	1240
-121.5	42.5980985761	1240
-121.636441201	42.5	1240
-122	42.4381982759	1240
-122.179709494	42.5	1240
-122.345527172	43	1240
-122	43.4631956331	1240
> 1250 contour -Z1250
-122	43.4457221553	1250
-121.5	43.4405534267	1250
-121.292814881	43	1250
-121.5	42.6217180192	1250
-121.669292539	42.5	1250
-122	42.4437827021	1250
-122.163470879	42.5	1250
-122.33249259	43	1250
-122	43.4457221553	1250
> 1260 contour -Z1260
-122	43.4282486737	1260
-121.5	43.4130458236	1260
-121.305751249	43	1260
-121.5	42.6453374624	1260
-121.702143848	42.5	1260
-122	42.4493671283	1260
-122.147232264	42.5	1260
-122.319458008	43	1260
-122	43.4282486737	1260
> 1270 contour -Z1270
-122	43.4107751995	1270
-121.5	43.3855382204	1270
-121.318687633	43	1270
-121.5	42.6689569056	1270
-121.734995157	42.5	1270
-122	42.4549515583	1270
-122.130993634	42.5	1270
-122.306423426	43	1270
-122	43.4107751995	1270
> 1280 contour -Z1280
-122	43.3933017179	1280
-121.5	43.3580306172	1280
-121.331624016	43	1280
-121.5	42.6925763786	1280
-121.767846465	42.5	1280
-122	42.4605359845	1280
-122.11475502	42.5	1280
-122.293388844	43	1280
-122	43.3933017179	1280
> 1290 contour -Z1290
-122	43.3758282438	1290
-121.5	43.3305230141	1290
-121.344560385	43	1290
-121.5	42.7161958218	1290
-121.800697774	42.5	1290
-122	42.4661204144	1290
-122.098516405	42.5	1290
-122.280354261	43	1290
-122	43.3758282438	1290
> 1300 contour -Z1300
-122	43.3583547622	1300
-121.5	43.3030154407	1300
-121.357496768	43	1300
-121.5	42.7398152649	1300
-121.833549082	42.5	1300
-122	42.4717048407	1300
-122.082277782	42.5	1300
-122.267319679	43	1300
-122	43.3583547622	1300
> 1310 contour -Z1310
-122	43.3408812881	1310
-121.5	43.2755078375	1310
-121.370433152	43	1310
-121.5	42.7634347081	1310
-121.866400391	42.5	1310
-122	42.4772892669	1310
-122.066039167	42.5	1310
-122.254285097	43	1310
-122	43.3408812881	1310
> 1320 contour -Z1320
-122	43.323407799	1320
-121.5	43.2480002195	1320
-121.38336952	43	1320
-121.5	42.7870541662	1320
-121.899251699	42.5	1320
-122	42.482873695	1320
-122.049800545	42.5	1320
-122.2412505	43	1320
-122	43.323407799	1320
> 1330 contour -Z1330
-122	43.3059343249	1330
-121.5	43.2204926312	1330
-121.396305896	43	1330
-121.5	42.8106736094	1330
-121.932103015	42.5	1330
-122	42.4884581231	1330
-122.033561926	42.5	1330
-122.228215918	43	1330
-122	43.3059343249	1330
> 1340 contour -Z1340
-122	43.2884608507	1340
-121.5	43.192985028	1340
-121.40924228	43	1340
-121.5	42.8342930675	1340
-121.964954324	42.5	1340
-122	42.4940425502	1340
-122.017323308	42.5	1340
-122.215181336	43	1340
-122	43.2884608507	1340
> 1350 contour -Z1350
-122	43.2709873766	1350
-121.5	43.1654774249	1350
-121.422178656	43	1350
-121.5	42.8579125106	1350
-121.997805635	42.5	1350
-122	42.4996269777	1350
-122.001084689	42.5	1350
-122.202146754	43	1350
-122	43.2709873766	1350
> 1360 contour -Z1360
-122	43.2535138875	1360
-121.5	43.1379698217	1360
-121.435115032	43	1360
-121.5	42.8815319687	1360
-122	42.5302169919	1360
-122.189112172	43	1360
-122	43.2535138875	1360
> 1370 contour -Z1370
-122	43.2360404134	1370
-121.5	43.110462226	1370
-121.448051412	43	1370
-121.5	42.9051514193	1370
-122	42.5625968277	1370
-122.176077589	43	1370
-122	43.2360404134	1370
> 1380 contour -Z1380
-122	43.2185669243	1380
-121.5	43.0829546228	1380
-121.460987788	43	1380
-121.5	42.9287708625	1380
-122	42.5949766934	1380
-122.163043022	43	1380
-122	43.2185669243	1380
> 1390 contour -Z1390
-122	43.2010934651	1390
-121.5	43.0554470234	1390
-121.473924166	43	1390
-121.5	42.9523903169	1390
-122	42.627356559	1390
-122.15000844	43	1390
-122	43.2010934651	1390
> 1400 contour -Z1400
-122	43.183619976	1400
-121.5	43.0279394221	1400
-121.486860543	43	1400
-121.5	42.9760097656	1400
-122	42.6597363949	1400
-122.136973858	43	1400
-122	43.183619976	1400
> 1410 contour -Z1410
-122	43.166146487	1410
-121.5	43.000431821	1410
-121.499796922	43	1410
-121.5	42.9996292162	1410
-122	42.6921162605	1410
-122.123939268	43	1410
-122	43.166146487	1410
> 1420 contour -Z1420
-122	43.1486730278	1420
-121.551844656	43	1420
-122	42.7244961262	1420
-122.110904686	43	1420
-122	43.1486730278	1420
> 1430 contour -Z1430
-122	43.1311995387	1430
-121.604516178	43	1430
-122	42.7568759769	1430
-122.097870104	43	1430
-122	43.1311995387	1430
> 1440 contour -Z1440
-122	43.1137260795	1440
-121.65718767	43	1440
-122	42.7892558277	1440
-122.084835522	43	1440
-122	43.1137260795	1440
> 1450 contour -Z1450
-122	43.0962525904	1450
-121.709859192	43	1450
-122	42.8216356933	1450
-122.07180094	43	1450
-122	43.0962525904	1450
> 1460 contour -Z1460
-122	43.0787791014	1460
-121.762530699	43	1460
-122	42.8540155441	1460
-122.058766361	43	1460
-122	43.0787791014	1460
> 1470 contour -Z1470
-122	43.0613056421	1470
-121.815202206	43	1470
-122	42.8863954023	1470
-122.045731779	43	1470
-122	43.0613056421	1470
> 1480 contour -Z1480
-122	43.0438321531	1480
-121.867873728	43	1480
-122	42.9187752604	1480
-122.032697197	43	1480
-122	43.0438321531	1480
> 1490 contour -Z1490
-122	43.026358664	1490
-121.920545235	43	1490
-122	42.9511551149	1490
-122.019662615	43	1490
-122	43.026358664	1490
> 1500 contour -Z1500
-122	43.0088852048	1500
-121.973216742	43	1500
-122	42.9835349694	1500
-122.006628034	43	1500
-122	43.0088852048	1500
