> 10 contour -Z10
-116.5	52.5349719524	10
-116	52.5812191218	10
-115.5	52.588669166	10
-115	52.562067803	10
-114.5	52.5117941368	10
-114.414728723	52.5	10
-114	52.4588567019	10
-113.5	52.3989637494	10
-113	52.3332896829	10
-112.5	52.2654867172	10
-112	52.1975896806	10
-111.5	52.1205397174	10
-111	52.0186838508	10
-110.920422599	52	10
-110.5	51.8989505768	10
-110	51.7440405637	10
-109.5	51.5405652747	10
-109.413339645	51.5	10
-109	51.2617844641	10
-108.614462972	51	10
-108.5	50.9070468843	10
-108.011674821	50.5	10
-108	50.4872582257	10
-107.568146467	50	10
-107.5	49.8563217223	10
-107.339259297	49.5	10
-107.380822718	49	10
-107.5	48.8210716993	10
-107.672354937	48.5	10
-108	48.1498175859	10
-108.11467886	48	10
-108.5	47.6951720119	10
-108.706441969	47.5	10
-109	47.303331852	10
-109.433109872	47	10
-109.5	46.957008034	10
-110	46.6212173998	10
-110.170684248	46.5	10
-110.5	46.2722680718	10
-110.890014507	46	10
-111	45.921487622	10
-111.5	45.5633990169	10
-111.584322393	45.5	10
-112	45.1800954342	10
-112.245584667	45	10
-112.5	44.7929025143	10
-112.904239781	44.5	10
-113	44.4133270457	10
-113.5	44.013184458	10
-113.516591936	44	10
-114	43.538987875	10
-114.045484781	43.5	10
-114.5	43.0220356584	10
-114.523081124	43	10
-114.914269313	42.5	10
-115	42.3737288564	10
-115.238636345	42	10
-115.5	41.6631799042	10
-115.628254294	41.5	10
-116	41.0823583603	10
-116.07961309	41	10
-116.5	40.5574874282	10
-116.56114623	40.5	10
-117	40.1411444545	10
-117.217099756	40	10
-117.5	39.8287236392	10
-118	39.6177539527	10
-118.5	39.5208653212	10
-118.845178008	39.5	10
-119	39.4884797214	10
-119.261802256	39.5	10
-119.5	39.5067889988	10
-120	39.5687980056	10
-120.5	39.6987080276	10
-121	39.9491154142	10
-121.073299028	40	10
-121.5	40.2006156147	10
-121.898288965	40.5	10
-122	40.529317528	10
-122.5	40.7942575365	10
-122.706510425	41	10
-123	41.1656784713	10
-123.336730659	41.5	10
-123.5	41.7283268869	10
-123.746864006	42	10
-123.996579409	42.5	10
-124	42.5279256999	10
-124.259665459	43	10
-124.308980972	43.5	10
-124.285994768	44	10
-124.216784447	44.5	10
-124.130591184	45	10
-124.016176717	45.5	10
-124	45.5949072242	10
-123.949727088	46	10
-123.871933758	46.5	10
-123.728766099	47	10
-123.523581656	47.5	10
-123.5	47.5516208895	10
-123.322437286	48	10
-123.055053942	48.5	10
-123	48.5899590403	10
-122.746452093	49	10
-122.5	49.3285472393	10
-122.357962459	49.5	10
-122	49.8985665143	10
-121.897898346	50	10
-121.5	50.3882767558	10
-121.36590746	50.5	10
-121	50.8050535917	10
-120.713417396	51	10
-120.5	51.1507633477	10
-120	51.4340571761	10
-119.857551455	51.5	10
-119.5	51.6871257424	10
-119	51.8924577534	10
-118.66893518	52	10
-118.5	52.0664357543	10
-118	52.2312179953	10
-117.5	52.3616434932	10
-117	52.4614904225	10
-116.703846246	52.5	10
-116.5	52.5349719524	10
> 20 contour -Z20
-116	51.5205480158	20
-115.5	51.5195520204	20
-115.068627387	51.5	20
-115	51.4976815283	20
-114.5	51.473705411	20
-114	51.4420300126	20
-113.5	51.3887622058	20
-113	51.3108931184	20
-112.5	51.1984848827	20
-112	51.0445117354	20
-111.882687777	51	20
-111.5	50.8121330738	20
-111.017710745	50.5	20
-111	50.4846094847	20
-110.5	50.0294242222	20
-110.46813973	50	20
-110.006535858	49.5	20
-110	49.4913887084	20
-109.65560174	49	20
-109.534674406	48.5	20
-109.711657315	48	20
-110	47.6047619283	20
-110.06333974	47.5	20
-110.5	47.07661286	20
-110.563419998	47	20
-111	46.6352781355	20
-111.138852209	46.5	20
-111.5	46.2058577538	20
-111.736668497	46	20
-112	45.7903490365	20
-112.354177818	45.5	20
-112.5	45.3843670785	20
-112.98400641	45	20
-113	44.9871286191	20
-113.5	44.5764501095	20
-113.59224391	44.5	20
-114	44.1535385251	20
-114.187314361	44	20
-114.5	43.717353791	20
-114.758789971	43.5	20
-115	43.2657168359	20
-115.302932635	43	20
-115.5	42.7891818881	20
-115.804499507	42.5	20
-116	42.2662183046	20
-116.243611723	42	20
-116.5	41.720200628	20
-116.713520199	41.5	20
-117	41.2246433794	20
-117.257306203	41	20
-117.5	40.7874403596	20
-117.920171931	40.5	20
-118	40.448662363	20
-118.5	40.2259812057	20
-119	40.1236072779	20
-119.5	40.0919890106	20
-120	40.1209136546	20
-120.5	40.2183663547	20
-121	40.4100892469	20
-121.155493349	40.5	20
-121.5	40.5763798356	20
-122	40.740083456	20
-122.350859225	41	20
-122.5	41.0355283618	20
-123	41.4106924012	20
-123.08995115	41.5	20
-123.489451975	42	20
-123.5	42.0175432563	20
-123.92410934	42.5	20
-123.989766032	43	20
-123.998894036	43.5	20
-123.969425917	44	20
-123.872852027	44.5	20
-123.710341468	45	20
-123.5	45.4559090137	20
-123.482952595	45.5	20
-123.330013603	46	20
-123.198631704	46.5	20
-123	46.9952071607	20
-122.998103917	47	20
-122.761799455	47.5	20
-122.5	47.9376821816	20
-122.460460842	48	20
-122.105386578	48.5	20
-122	48.6300106794	20
-121.672112495	49	20
-121.5	49.1770222932	20
-121.145886853	49.5	20
-121	49.6300362498	20
-120.51011377	50	20
-120.5	50.0078462074	20
-120	50.3487694561	20
-119.717141122	50.5	20
-119.5	50.6247607544	20
-119	50.8606287837	20
-118.613532752	51	20
-118.5	51.0472448468	20
-118	51.2186228484	20
-117.5	51.3467564583	20
-117	51.4338513315	20
-116.5	51.4885026217	20
-116.288030356	51.5	20
-116	51.5205480158	20
> 30 contour -Z30
-118	50.5688128173	30
-117.5	50.7018577009	30
-117	50.7938401103	30
-116.5	50.8540264964	30
-116	50.8824603558	30
-115.5	50.8809221089	30
-115	50.8638603091	30
-114.5	50.8270940483	30
-114	50.760192126	30
-113.5	50.6426586956	30
-113.087526351	50.5	30
-113	50.4597119689	30
-112.5	50.1662008315	30
-112.272480831	50	30
-112	49.7388447523	30
-111.76566714	49.5	30
-111.5	49.2159346491	30
-111.30635424	49	30
-111	48.5741407201	30
-110.950808764	48.5	30
-110.849251881	48	30
-111	47.6189118028	30
-111.037286729	47.5	30
-111.365924701	47	30
-111.5	46.8694355637	30
-111.813712224	46.5	30
-112	46.3358014226	30
-112.344966456	46	30
-112.5	45.8690847605	30
-112.914676867	45.5	30
-113	45.42927517	30
-113.5	45.0004189014	30
-113.500459462	45	30
-114	44.5725570321	30
-114.084505886	44.5	30
-114.5	44.1456869245	30
-114.674267501	44	30
-115	43.7147266567	30
-115.258668557	43.5	30
-115.5	43.2804629356	30
-115.842558548	43	30
-116	42.8481809199	30
-116.404167622	42.5	30
-116.5	42.3979713172	30
-116.910185866	42	30
-117	41.9081185907	30
-117.433094412	41.5	30
-117.5	41.4395248704	30
-118	41.0513828397	30
-118.094858497	41	30
-118.5	40.7731922865	30
-119	40.624769181	30
-119.5	40.5515843928	30
-120	40.5322729945	30
-120.5	40.5653915405	30
-121	40.6388209164	30
-121.5	40.7441368997	30
-122	40.9508493692	30
-122.066348031	41	30
-122.5	41.1033047736	30
-122.951028764	41.5	30
-123	41.5334125161	30
-123.439884216	42	30
-123.5	42.0999834836	30
-123.851639271	42.5	30
-123.939128011	43	30
-123.940067738	43.5	30
-123.867783368	44	30
-123.671636671	44.5	30
-123.5	44.841719389	30
-123.431403875	45	30
-123.191543341	45.5	30
-123	45.8527801931	30
-122.913785517	46	30
-122.697547555	46.5	30
-122.5	46.8993401825	30
-122.448624164	47	30
-122.143400446	47.5	30
-122	47.7050703019	30
-121.784824818	48	30
-121.5	48.3399387896	30
-121.357578069	48.5	30
-121	48.8593485057	30
-120.841389924	49	30
-120.5	49.2875974774	30
-120.196068078	49.5	30
-120	49.6400202811	30
-119.5	49.9365608692	30
-119.370181918	50	30
-119	50.1987559348	30
-118.5	50.4042051136	30
-118.19052349	50.5	30
-118	50.5688128173	30
> 40 contour -Z40
-118	50.0827046931	40
-117.5	50.2103510201	40
-117	50.3009644747	40
-116.5	50.3588291407	40
-116	50.3811771572	40
-115.5	50.3689292371	40
-115	50.3281393945	40
-114.5	50.2462291121	40
-114	50.0993045568	40
-113.775476113	50	40
-113.5	49.8259125352	40
-113.102725387	49.5	40
-113	49.3932462037	40
-112.62264806	49	40
-112.5	48.8685585856	40
-112.156576127	48.5	40
-112	48.2847577333	40
-111.826601937	48	40
-111.826060563	47.5	40
-112	47.1338118315	40
-112.052987278	47	40
-112.391875304	46.5	40
-112.5	46.3947570547	40
-112.840525836	46	40
-113	45.8562877327	40
-113.364552557	45.5	40
-113.5	45.3812552318	40
-113.918170437	45	40
-114	44.9299807101	40
-114.5	44.5005908608	40
-114.500677109	44.5	40
-115	44.0712624192	40
-115.08587122	44	40
-115.5	43.6455664039	40
-115.683828801	43.5	40
-116	43.2314332724	40
-116.298246413	43	40
-116.5	42.8208058923	40
-116.890455469	42.5	40
-117	42.3929886967	40
-117.440969788	42	40
-117.5	41.9436550997	40
-118	41.5322968364	40
-118.053076267	41.5	40
-118.5	41.2315661013	40
-119	41.0514143407	40
-119.195437521	41	40
-119.5	40.9166544676	40
-120	40.8041598797	40
-120.5	40.7751142979	40
-121	40.8135483414	40
-121.5	40.9118939936	40
-121.703250766	41	40
-122	41.0343167186	40
-122.5	41.1710811853	40
-122.873969346	41.5	40
-123	41.5859893262	40
-123.390316457	42	40
-123.5	42.1824237108	40
-123.779169202	42.5	40
-123.888489962	43	40
-123.881241441	43.5	40
-123.766140819	44	40
-123.5	44.4734215438	40
-123.486416787	44.5	40
-123.257786721	45	40
-123	45.4062380791	40
-122.932328939	45.5	40
-122.599478275	46	40
-122.5	46.1772513688	40
-122.285395116	46.5	40
-122	46.9595826566	40
-121.971975058	47	40
-121.626878262	47.5	40
-121.5	47.6624478549	40
-121.224483505	48	40
-121	48.2460928559	40
-120.743272632	48.5	40
-120.5	48.7212559879	40
-120.139674231	49	40
-120	49.1052124947	40
-119.5	49.4251476228	40
-119.357526839	49.5	40
-119	49.7000455558	40
-118.5	49.9138393998	40
-118.226498052	50	40
-118	50.0827046931	40
> 50 contour -Z50
-118.5	49.5070376694	50
-118	49.6836249232	50
-117.5	49.8028721213	50
-117	49.8865548968	50
-116.5	49.9349123836	50
-116	49.9411957264	50
-115.5	49.9027219117	50
-115	49.8112871349	50
-114.5	49.6408759654	50
-114.240762115	49.5	50
-114	49.3096238375	50
-113.679913104	49	50
-113.5	48.7885042727	50
-113.244044185	48.5	50
-113	48.2177179754	50
-112.812732726	48	50
-112.57995677	47.5	50
-112.676172733	47	50
-112.9252977	46.5	50
-113	46.4117391333	50
-113.281106591	46	50
-113.5	45.78596358	50
-113.753368646	45.5	50
-114	45.272761181	50
-114.285121605	45	50
-114.5	44.8115554303	50
-114.857030839	44.5	50
-115	44.3772412613	50
-115.454575669	44	50
-115.5	43.9611234255	50
-116	43.5585800707	50
-116.079339534	43.5	50
-116.5	43.1645844877	50
-116.723715961	43	50
-117	42.7681452632	50
-117.341838121	42.5	50
-117.5	42.35688968	50
-117.95300201	42	50
-118	41.9606357105	50
-118.5	41.642706424	50
-118.783771142	41.5	50
-119	41.4023653716	50
-119.5	41.1804808378	50
-120	41.0423903465	50
-120.397301212	41	50
-120.5	40.9848370543	50
-121	40.9882757654	50
-121.061911896	41	50
-121.5	41.0210574865	50
-122	41.0790698528	50
-122.5	41.2388575673	50
-122.796909928	41.5	50
-123	41.6385661066	50
-123.340748668	42	50
-123.5	42.264863953	50
-123.706699148	42.5	50
-123.837851912	43	50
-123.822415143	43.5	50
-123.664498284	44	50
-123.5	44.2926158607	50
-123.39401415	44.5	50
-123.084169582	45	50
-123	45.1326402277	50
-122.734864369	45.5	50
-122.5	45.8175289929	50
-122.346989036	46	50
-122	46.4345144928	50
-121.931623966	46.5	50
-121.556174703	47	50
-121.5	47.0769012794	50
-121.17828083	47.5	50
-121	47.7107336521	50
-120.734229639	48	50
-120.5	48.2321129739	50
-120.193083584	48.5	50
-120	48.6567183733	50
-119.5	48.9975246787	50
-119.495786399	49	50
-119	49.290274322	50
-118.514955076	49.5	50
-118.5	49.5070376694	50
> 60 contour -Z60
-117	49.5173878074	60
-116.5	49.5522691123	60
-116	49.5322647169	60
-115.799847484	49.5	60
-115.5	49.4425376952	60
-115	49.2554740906	60
-114.604562432	49	60
-114.5	48.8954375684	60
-114.148252457	48.5	60
-114	48.3168984652	60
-113.730842829	48	60
-113.5	47.7064736038	60
-113.354348555	47.5	60
-113.269096658	47	60
-113.42151279	46.5	60
-113.5	46.3760663942	60
-113.697466969	46	60
-114	45.6538210213	60
-114.112004608	45.5	60
-114.5	45.1281300783	60
-114.623938292	45	60
-115	44.6668616831	60
-115.193161249	44.5	60
-115.5	44.2398249507	60
-115.805803582	44	60
-116	43.8421231657	60
-116.463364113	43.5	60
-116.5	43.4707882088	60
-117	43.1007129252	60
-117.149262965	43	60
-117.5	42.7247003317	60
-117.817510337	42.5	60
-118	42.355087176	60
-118.5	42.0236002207	60
-118.53610158	42	60
-119	41.6976883709	60
-119.331709579	41.5	60
-119.5	41.4143552259	60
-120	41.1939468384	60
-120.5	41.0902923644	60
-121	41.0564394891	60
-121.5	41.0654077232	60
-122	41.1238229871	60
-122.5	41.3066339642	60
-122.71985051	41.5	60
-123	41.6911428869	60
-123.291180909	42	60
-123.5	42.3473041803	60
-123.634229079	42.5	60
-123.787213892	43	60
-123.763588846	43.5	60
-123.562855735	44	60
-123.5	44.1118101925	60
-123.301611483	44.5	60
-123	44.9318392277	60
-122.940362096	45	60
-122.537399806	45.5	60
-122.5	45.5505633242	60
-122.123125143	46	60
-122	46.1541825682	60
-121.638918221	46.5	60
-121.5	46.6771557331	60
-121.173129305	47	60
-121	47.2189352214	60
-120.756943345	47.5	60
-120.5	47.7767047584	60
-120.272636652	48	60
-120	48.2426197529	60
-119.669257835	48.5	60
-119.5	48.6224871948	60
-119	48.923904866	60
-118.838115901	49	60
-118.5	49.160974279	60
-118	49.3268118799	60
-117.5	49.4401001632	60
-117.102928378	49.5	60
-117	49.5173878074	60
> 70 contour -Z70
-117.5	49.1104370952	70
-117	49.1747782081	70
-116.5	49.1832258105	70
-116	49.1163362116	70
-115.621545076	49	70
-115.5	48.9427713156	70
-115	48.5447857156	70
-114.955214284	48.5	70
-114.562422752	48	70
-114.5	47.9240294993	70
-114.141474754	47.5	70
-114	47.284853071	70
-113.859237209	47	70
-113.897069894	46.5	70
-114	46.2706884444	70
-114.106108099	46	70
-114.451309789	45.5	70
-114.5	45.4533334002	70
-114.938502617	45	70
-115	44.9455218837	70
-115.5	44.5135887563	70
-115.515916467	44.5	70
-116	44.1149735153	70
-116.159873009	44	70
-116.5	43.7448173165	70
-116.865494892	43.5	70
-117	43.4002755359	70
-117.5	43.0666666329	70
-117.594868004	43	70
-118	42.7061983347	70
-118.23082006	42.5	70
-118.5	42.2983406484	70
-118.956375483	42	70
-119	41.9715709351	70
-119.5	41.6163790226	70
-119.691688865	41.5	70
-120	41.3455033153	70
-120.5	41.1876216531	70
-121	41.1169384718	70
-121.5	41.10975793	70
-122	41.1685761213	70
-122.5	41.3744103611	70
-122.642791092	41.5	70
-123	41.743719697	70
-123.24161315	42	70
-123.5	42.4297444075	70
-123.561759014	42.5	70
-123.736575857	43	70
-123.704762563	43.5	70
-123.5	43.9506006539	70
-123.480967939	44	70
-123.209208831	44.5	70
-123	44.7995395958	70
-122.824605256	45	70
-122.5	45.3878776133	70
-122.38991797	45.5	70
-122	45.9322533906	70
-121.919688731	46	70
-121.5	46.4086896479	70
-121.349662423	46.5	70
-121	46.8463915586	70
-120.799132645	47	70
-120.5	47.3404202163	70
-120.34556666	47.5	70
-120	47.8399870694	70
-119.819907814	48	70
-119.5	48.2562088668	70
-119.133184418	48.5	70
-119	48.5832822248	70
-118.5	48.8269193172	70
-118	48.9948796928	70
-117.977071613	49	70
-117.5	49.1104370952	70
> 80 contour -Z80
-118.5	48.5024335384	80
-118	48.6768539995	80
-117.5	48.7831191421	80
-117	48.8268876076	80
-116.5	48.7938052118	80
-116	48.6441338509	80
-115.755895585	48.5	80
-115.5	48.2291555554	80
-115.31269002	48	80
-115	47.5895537436	80
-114.926580407	47.5	80
-114.510205537	47	80
-114.5	46.9745548069	80
-114.374868184	46.5	80
-114.5	46.0743399262	80
-114.519143611	46	80
-114.809652969	45.5	80
-115	45.3022163659	80
-115.259298593	45	80
-115.5	44.7920471728	80
-115.84207429	44.5	80
-116	44.3743903041	80
-116.5	44.0156618357	80
-116.524086714	44	80
-117	43.685790658	80
-117.323175967	43.5	80
-117.5	43.3841269389	80
-118	43.0276156664	80
-118.020660609	43	80
-118.5	42.5499944091	80
-118.55214262	42.5	80
-119	42.1408720613	80
-119.225697577	42	80
-119.5	41.8000000268	80
-119.994132584	41.5	80
-120	41.4970598007	80
-120.5	41.2849509418	80
-121	41.1774374843	80
-121.5	41.1541081667	80
-122	41.2133292854	80
-122.5	41.442186743	80
-122.565731674	41.5	80
-123	41.7962964773	80
-123.192045376	42	80
-123.493672371	42.5	80
-123.5	42.5193470418	80
-123.685937822	43	80
-123.645936266	43.5	80
-123.5	43.8211474419	80
-123.431093633	44	80
-123.116806187	44.5	80
-123	44.6672399491	80
-122.708848447	45	80
-122.5	45.2495573759	80
-122.254114836	45.5	80
-122	45.7817054093	80
-121.741219297	46	80
-121.5	46.2348974645	80
-121.063522987	46.5	80
-121	46.5629287735	80
-120.5	46.9464929402	80
-120.425786346	47	80
-120	47.4391258061	80
-119.935001582	47.5	80
-119.5	47.8892468512	80
-119.354112744	48	80
-119	48.2421501875	80
-118.504914612	48.5	80
-118.5	48.5024335384	80
> 90 contour -Z90
-118.5	48.1725503504	90
-118	48.3510102034	90
-117.5	48.4502677023	90
-117	48.4649504721	90
-116.5	48.3423686624	90
-116.020114183	48	90
-116	47.9753166735	90
-115.654665351	47.5	90
-115.5	47.3066483736	90
-115.239454031	47	90
-115	46.6789630353	90
-114.900791824	46.5	90
-114.938958775	46	90
-115	45.8825333938	90
-115.190130085	45.5	90
-115.5	45.1235241294	90
-115.599834323	45	90
-116	44.6684849262	90
-116.201232821	44.5	90
-116.5	44.2899501175	90
-116.945920948	44	90
-117	43.9642957151	90
-117.5	43.6883489788	90
-117.726737112	43.5	90
-118	43.2952100337	90
-118.220860839	43	90
-118.5	42.7379431129	90
-118.748167217	42.5	90
-119	42.2980602831	90
-119.477536052	42	90
-119.5	41.9836210366	90
-120	41.6202422976	90
-120.223871052	41.5	90
-120.5	41.3822802231	90
-121	41.2379364669	90
-121.5	41.1984584033	90
-122	41.2580824196	90
-122.486762941	41.5	90
-122.5	41.5066391528	90
-123	41.8488732576	90
-123.142477617	42	90
-123.450860113	42.5	90
-123.5	42.6502473652	90
-123.635299787	43	90
-123.587109968	43.5	90
-123.5	43.6916942596	90
-123.381219327	44	90
-123.024403529	44.5	90
-123	44.5349403173	90
-122.593091629	45	90
-122.5	45.1112371385	90
-122.118311681	45.5	90
-122	45.6311573833	90
-121.56274984	46	90
-121.5	46.0611053035	90
-121	46.3829194903	90
-120.719841644	46.5	90
-120.5	46.6692542881	90
-120.041259639	47	90
-120	47.0425522663	90
-119.511560065	47.5	90
-119.5	47.510344144	90
-119	47.8932377994	90
-118.821450651	48	90
-118.5	48.1725503504	90
> 100 contour -Z100
-118	48.0153722167	100
-117.5	48.0732222721	100
-117	48.019595718	100
-116.947780453	48	100
-116.5	47.6921002716	100
-116.339383334	47.5	100
-116	47.0643720999	100
-115.948708966	47	100
-115.540698647	46.5	100
-115.5	46.3906937242	100
-115.400769167	46	100
-115.5	45.759490788	100
-115.604849756	45.5	100
-115.994124987	45	100
-116	44.9951328775	100
-116.5	44.5895192623	100
-116.61720556	44.5	100
-117	44.2663285881	100
-117.472520139	44	100
-117.5	43.9849616271	100
-118	43.5570158362	100
-118.036691368	43.5	100
-118.421061039	43	100
-118.5	42.9258918166	100
-118.944191795	42.5	100
-119	42.4552485086	100
-119.5	42.0998575091	100
-119.651406348	42	100
-120	41.7428634465	100
-120.45217111	41.5	100
-120.5	41.4796095043	100
-121	41.2984354794	100
-121.5	41.2428086102	100
-122	41.3028355539	100
-122.396715045	41.5	100
-122.5	41.5518034101	100
-123	41.9014500529	100
-123.092909843	42	100
-123.408047855	42.5	100
-123.5	42.7811477035	100
-123.584661752	43	100
-123.528283676	43.5	100
-123.5	43.5622410737	100
-123.331345022	44	100
-123	44.4501388967	100
-122.954543769	44.5	100
-122.5	44.9870408475	100
-122.483035266	45	100
-122	45.488709271	100
-121.984577417	45.5	100
-121.5	45.9309522212	100
-121.352159232	46	100
-121	46.2324303985	100
-120.5	46.4407785237	100
-120.333233476	46.5	100
-120	46.7328844219	100
-119.617916346	47	100
-119.5	47.1103588566	100
-119.033566575	47.5	100
-119	47.5257257316	100
-118.5	47.8213617802	100
-118.043802645	48	100
-118	48.0153722167	100
> 110 contour -Z110
-118	47.5962938368	110
-117.5	47.6065045446	110
-117.190901399	47.5	110
-117	47.3973166347	110
-116.631973088	47	110
-116.5	46.8476274014	110
-116.218844801	46.5	110
-116	46.0859533995	110
-115.959815554	46	110
-116	45.8347719908	110
-116.074748486	45.5	110
-116.465108655	45	110
-116.5	44.9717529882	110
-117	44.5971165895	110
-117.129517347	44.5	110
-117.5	44.2926686257	110
-117.767740235	44	110
-118	43.7999465466	110
-118.193024397	43.5	110
-118.5	43.117872566	110
-118.57678166	43	110
-119	42.5882236958	110
-119.106285304	42.5	110
-119.5	42.2094946206	110
-119.817640796	42	110
-120	41.8654845804	110
-120.5	41.5622499585	110
-120.626593411	41.5	110
-121	41.358934477	110
-121.5	41.2871588469	110
-122	41.347588703	110
-122.306667149	41.5	110
-122.5	41.5969676673	110
-123	41.9540268369	110
-123.043342073	42	110
-123.365235597	42.5	110
-123.5	42.9120480418	110
-123.53402371	43	110
-123.5	43.2820501924	110
-123.48041597	43.5	110
-123.281470686	44	110
-123	44.3823836446	110
-122.892774194	44.5	110
-122.5	44.9208551347	110
-122.396392167	45	110
-122	45.4010484219	110
-121.864836991	45.5	110
-121.5	45.8244627416	110
-121.124150656	46	110
-121	46.0819413066	110
-120.5	46.288733542	110
-120	46.4625227749	110
-119.886598349	46.5	110
-119.5	46.7552860081	110
-119.140517995	47	110
-119	47.1167161167	110
-118.5	47.4366122186	110
-118.307983905	47.5	110
-118	47.5962938368	110
> 120 contour -Z120
-118	47.1342456341	120
-117.5	47.0474591777	120
-117.426890209	47	120
-117	46.6434848011	120
-116.874265864	46.5	120
-116.601856649	46	120
-116.626133829	45.5	120
-117	45.0194581449	120
-117.013453245	45	120
-117.5	44.6341334283	120
-117.586025804	44.5	120
-118	44.0503566265	120
-118.025238067	44	120
-118.349357456	43.5	120
-118.5	43.3124780804	120
-118.703546882	43	120
-119	42.7115617096	120
-119.254873738	42.5	120
-119.5	42.3191317171	120
-119.983875239	42	120
-120	41.9881057339	120
-120.5	41.6409975588	120
-120.786736891	41.5	120
-121	41.4194334745	120
-121.5	41.3315090686	120
-122	41.3923418447	120
-122.216619238	41.5	120
-122.5	41.6421319246	120
-122.99219811	42	120
-123	42.0082019567	120
-123.322423369	42.5	120
-123.487033069	43	120
-123.442696333	43.5	120
-123.23159638	44	120
-123	44.3146283627	120
-122.83100462	44.5	120
-122.5	44.8546694219	120
-122.309749067	45	120
-122	45.313387543	120
-121.745096579	45.5	120
-121.5	45.7179732472	120
-121	45.9535554647	120
-120.831856847	46	120
-120.5	46.1366885304	120
-120	46.2934781909	120
-119.5	46.4534093738	120
-119.362251699	46.5	120
-119	46.7362766266	120
-118.5	46.9910835028	120
-118.463084251	47	120
-118	47.1342456341	120
> 130 contour -Z130
-118.5	46.5965440571	130
-118	46.6522517502	130
-117.640169978	46.5	130
-117.5	46.4018945992	130
-117.208002955	46	130
-117.207623452	45.5	130
-117.5	45.081338644	130
-117.531598002	45	130
-117.848699883	44.5	130
-118	44.3356634378	130
-118.168230057	44	130
-118.5	43.5077229738	130
-118.503852814	43.5	130
-118.830312073	43	130
-119	42.8348997086	130
-119.403462179	42.5	130
-119.5	42.428768836	130
-120	42.0656631589	130
-120.10119006	42	130
-120.5	41.7197451591	130
-120.946880385	41.5	130
-121	41.479932474	130
-121.5	41.3758592978	130
-122	41.4370949864	130
-122.126571327	41.5	130
-122.5	41.6872962117	130
-122.930080891	42	130
-123	42.0735042393	130
-123.279611111	42.5	130
-123.447511733	43	130
-123.404976726	43.5	130
-123.181722075	44	130
-123	44.2468731105	130
-122.769235045	44.5	130
-122.5	44.7884837091	130
-122.223105982	45	130
-122	45.2257266939	130
-121.625356168	45.5	130
-121.5	45.6114837751	130
-121	45.8515916467	130
-120.5	45.9895380735	130
-120.439672917	46	130
-120	46.124433592	130
-119.5	46.2626206577	130
-119	46.4167557657	130
-118.703070745	46.5	130
-118.5	46.5965440571	130
> 140 contour -Z140
-119.5	46.0718319416	140
-119	46.1841002107	140
-118.5	46.2267761976	140
-118	46.125586465	140
-117.842242301	46	140
-117.68091324	45.5	140
-117.827736303	45	140
-118	44.7107985914	140
-118.062261462	44.5	140
-118.311222047	44	140
-118.5	43.7198930979	140
-118.609699816	43.5	140
-118.957077283	43	140
-119	42.95823773	140
-119.5	42.5331887603	140
-119.532902569	42.5	140
-120	42.1383798718	140
-120.213249922	42	140
-120.5	41.7984927446	140
-121	41.5339142084	140
-121.135425955	41.5	140
-121.5	41.4202095196	140
-122	41.4818481263	140
-122.036523428	41.5	140
-122.5	41.732460469	140
-122.867963701	42	140
-123	42.1388065219	140
-123.236798853	42.5	140
-123.407990426	43	140
-123.367257118	43.5	140
-123.131847754	44	140
-123	44.1791178435	140
-122.707465485	44.5	140
-122.5	44.7222979814	140
-122.136462882	45	140
-122	45.1380658448	140
-121.505615755	45.5	140
-121.5	45.5049942941	140
-121	45.7496277988	140
-120.5	45.8859540522	140
-120	45.9718889594	140
-119.793956548	46	140
-119.5	46.0718319416	140
> 150 contour -Z150
-121	45.6476639807	150
-120.5	45.7823700011	150
-120	45.8653677702	150
-119.5	45.9250204563	150
-119	45.9636587501	150
-118.5	45.8849592507	150
-118.070489764	45.5	150
-118.076390654	45	150
-118.209104329	44.5	150
-118.454214025	44	150
-118.5	43.9320632145	150
-118.715546817	43.5	150
-119	43.0987517834	150
-119.072071463	43	150
-119.5	42.6279323697	150
-119.626829267	42.5	150
-120	42.2110965848	150
-120.325309813	42	150
-120.5	41.8772403374	150
-121	41.5846612155	150
-121.338068441	41.5	150
-121.5	41.464559745	150
-121.786724031	41.5	150
-122	41.5256758034	150
-122.5	41.7776247263	150
-122.805846483	42	150
-123	42.2041088045	150
-123.19398661	42.5	150
-123.368469119	43	150
-123.329537481	43.5	150
-123.081973448	44	150
-123	44.1113625839	150
-122.645695925	44.5	150
-122.5	44.6561122835	150
-122.049819782	45	150
-122	45.050404992	150
-121.5	45.4219154119	150
-121.301544875	45.5	150
-121	45.6476639807	150
> 160 contour -Z160
-121	45.5457001328	160
-120.5	45.6787859797	160
-120	45.7588465512	160
-119.5	45.804764539	160
-119	45.7895276845	160
-118.5	45.5766218603	160
-118.414510764	45.5	160
-118.259012371	45	160
-118.355947182	44.5	160
-118.5	44.2046605051	160
-118.565228671	44	160
-118.821393833	43.5	160
-119	43.2480590343	160
-119.181039572	43	160
-119.5	42.7226759791	160
-119.720755965	42.5	160
-120	42.2838132828	160
-120.437369682	42	160
-120.5	41.955987934	160
-121	41.6354081929	160
-121.5	41.5086099207	160
-122	41.5688719749	160
-122.5	41.8227889836	160
-122.743729278	42	160
-123	42.2694110721	160
-123.151174352	42.5	160
-123.328947783	43	160
-123.291817874	43.5	160
-123.032099131	44	160
-123	44.0436073169	160
-122.58392635	44.5	160
-122.5	44.5899265632	160
-122	44.9785924554	160
-121.953550905	45	160
-121.5	45.3399884701	160
-121.093324333	45.5	160
-121	45.5457001328	160
> 170 contour -Z170
-120.5	45.5752019584	170
-120	45.652325362	170
-119.5	45.6845086515	170
-119	45.6153966337	170
-118.765697926	45.5	170
-118.5	45.1491923928	170
-118.441634111	45	170
-118.5	44.5280570388	170
-118.502070725	44.5	170
-118.66118139	44	170
-118.927240841	43.5	170
-119	43.3973663002	170
-119.290007651	43	170
-119.5	42.8174196035	170
-119.814682662	42.5	170
-120	42.3565299809	170
-120.5	42.0194780231	170
-120.533287525	42	170
-121	41.6861552	170
-121.5	41.5514665544	170
-122	41.6120681465	170
-122.5	41.8679532558	170
-122.681612074	42	170
-123	42.3347133547	170
-123.108362108	42.5	170
-123.289426476	43	170
-123.254098237	43.5	170
-123	43.9748763144	170
-122.9859007	44	170
-122.522156779	44.5	170
-122.5	44.5237408523	170
-122	44.9282217026	170
-121.844258875	45	170
-121.5	45.258061558	170
-121	45.4507021606	170
-120.784081817	45.5	170
-120.5	45.5752019584	170
> 180 contour -Z180
-120	45.545804143	180
-119.5	45.5642527565	180
-119.193494707	45.5	180
-119	45.4397420287	180
-118.608278424	45	180
-118.611055434	44.5	180
-118.75713408	44	180
-119	43.5549637079	180
-119.027238101	43.5	180
-119.39897573	43	180
-119.5	42.9121632278	180
-119.908609368	42.5	180
-120	42.4292466789	180
-120.5	42.0636359453	180
-120.6087524	42	180
-121	41.7369022071	180
-121.5	41.5943232179	180
-122	41.655264318	180
-122.5	41.9131175131	180
-122.619494863	42	180
-123	42.4000156447	180
-123.065549858	42.5	180
-123.249905154	43	180
-123.216378629	43.5	180
-123	43.9043833017	180
-122.946340293	44	180
-122.5	44.4731084406	180
-122.460621208	44.5	180
-122	44.8778509796	180
-121.734966844	45	180
-121.5	45.176134631	180
-121	45.3613622189	180
-120.5	45.4770041108	180
-120.30539757	45.5	180
-120	45.545804143	180
> 190 contour -Z190
-121.5	45.0942077041	190
-121	45.2720222771	190
-120.5	45.3930777013	190
-120	45.4513751566	190
-119.5	45.4480952322	190
-119	45.2610940635	190
-118.767417759	45	190
-118.720040113	44.5	190
-118.853086784	44	190
-119	43.7307909131	190
-119.114371896	43.5	190
-119.5	43.008102566	190
-119.504799664	43	190
-120	42.501788497	190
-120.001515359	42.5	190
-120.5	42.1077938676	190
-120.684217244	42	190
-121	41.7876491845	190
-121.5	41.6371798813	190
-122	41.6984604895	190
-122.5	41.9582817741	190
-122.557377659	42	190
-123	42.4653179273	190
-123.022737605	42.5	190
-123.210383832	43	190
-123.178659007	43.5	190
-123	43.8338902593	190
-122.906779885	44	190
-122.5	44.4311755002	190
-122.399216503	44.5	190
-122	44.8274802566	190
-121.625674814	45	190
-121.5	45.0942077041	190
> 200 contour -Z200
-121.5	45.012280792	200
-121	45.1826823205	200
-120.5	45.3091512918	200
-120	45.366068393	200
-119.5	45.3366398513	200
-119	45.0824461281	200
-118.926557109	45	200
-118.829024792	44.5	200
-118.949039478	44	200
-119	43.9066180959	200
-119.201505691	43.5	200
-119.5	43.1192482412	200
-119.570638537	43	200
-120	42.568027705	200
-120.057639003	42.5	200
-120.5	42.1519517601	200
-120.759682119	42	200
-121	41.8383961916	200
-121.5	41.680036515	200
-122	41.7416566312	200
-122.493701488	42	200
-122.5	42.0010192692	200
-122.993801177	42.5	200
-123	42.5489231944	200
-123.170862526	43	200
-123.140939385	43.5	200
-123	43.7633972466	200
-122.867219478	44	200
-122.5	44.3892425597	200
-122.337811828	44.5	200
-122	44.7771095335	200
-121.516382797	45	200
-121.5	45.012280792	200
> 210 contour -Z210
-121	45.0933423638	210
-120.5	45.2252248973	210
-120	45.2807616293	210
-119.5	45.2251844406	210
-119.105220944	45	210
-119	44.7568411827	210
-118.938009474	44.5	210
-119	44.2259321511	210
-119.04133898	44	210
-119.288639501	43.5	210
-119.5	43.2303939164	210
-119.636477411	43	210
-120	42.6342669129	210
-120.113762647	42.5	210
-120.5	42.1961096823	210
-120.835146993	42	210
-121	41.8891431838	210
-121.5	41.7228931785	210
-122	41.7848528177	210
-122.411152393	42	210
-122.5	42.014377892	210
-122.980581194	42.5	210
-123	42.6532594264	210
-123.131341204	43	210
-123.103219762	43.5	210
-123	43.6929042041	210
-122.82765907	44	210
-122.5	44.3473096192	210
-122.276407123	44.5	210
-122	44.7267388254	210
-121.5	44.9555902183	210
-121.275687248	45	210
-121	45.0933423638	210
> 220 contour -Z220
-121	45.0040024221	220
-120.5	45.1412984878	220
-120	45.1954548806	220
-119.5	45.1137290373	220
-119.300617471	45	220
-119.04808417	44.5	220
-119.129500628	44	220
-119.375773303	43.5	220
-119.5	43.3415395766	220
-119.702316254	43	220
-120	42.7005061209	220
-120.169886321	42.5	220
-120.5	42.2402675748	220
-120.910611853	42	220
-121	41.9398901761	220
-121.5	41.765749827	220
-122	41.8280489892	220
-122.328603297	42	220
-122.5	42.0277365148	220
-122.967361242	42.5	220
-123	42.7575956434	220
-123.091819882	43	220
-123.06550014	43.5	220
-123	43.622411184	220
-122.788098693	44	220
-122.5	44.3053766787	220
-122.215002432	44.5	220
-122	44.6763680875	220
-121.5	44.903349638	220
-121.01182115	45	220
-121	45.0040024221	220
> 230 contour -Z230
-120.5	45.0573720932	230
-120	45.1101481169	230
-119.5	45.0022736317	230
-119.496014013	45	230
-119.159596741	44.5	230
-119.217662305	44	230
-119.462907106	43.5	230
-119.5	43.4526852444	230
-119.768155113	43	230
-120	42.7667453289	230
-120.226009965	42.5	230
-120.5	42.2844254971	230
-120.986076723	42	230
-121	41.9906371729	230
-121.5	41.8086064905	230
-122	41.8712451458	230
-122.246054173	42	230
-122.5	42.0410951376	230
-122.954141289	42.5	230
-123	42.8619318604	230
-123.052298568	43	230
-123.027780522	43.5	230
-123	43.5519181527	230
-122.748538271	44	230
-122.5	44.2634437382	230
-122.153597742	44.5	230
-122	44.6259973645	230
-121.5	44.8511090279	230
-121	44.9504595101	230
-120.708567187	45	230
-120.5	45.0573720932	230
> 240 contour -Z240
-120	45.0248413384	240
-119.885426469	45	240
-119.5	44.8384670615	240
-119.271109298	44.5	240
-119.305823982	44	240
-119.5	43.6034103632	240
-119.534776956	43.5	240
-119.833993971	43	240
-120	42.8329845369	240
-120.282133609	42.5	240
-120.5	42.3285834044	240
-121	42.0251322091	240
-121.095237523	42	240
-121.5	41.8514631391	240
-122	41.9144413173	240
-122.163505077	42	240
-122.5	42.0544537604	240
-122.940921336	42.5	240
-123	42.9662680812	240
-123.012777248	43	240
-123	43.2754774988	240
-122.992724746	43.5	240
-122.708977878	44	240
-122.5	44.2215107977	240
-122.092193052	44.5	240
-122	44.5756266415	240
-121.5	44.7988684177	240
-121	44.8985955119	240
-120.5	44.9796514213	240
-120.239631385	45	240
-120	45.0248413384	240
> 250 contour -Z250
-122	44.5252559185	250
-121.5	44.7466278225	250
-121	44.8467315435	250
-120.5	44.9153386056	250
-120	44.9287638366	250
-119.5	44.67357032	250
-119.382621862	44.5	250
-119.393985644	44	250
-119.5	43.7834738195	250
-119.595332384	43.5	250
-119.89983283	43	250
-120	42.8992237374	250
-120.338257253	42.5	250
-120.5	42.3727413118	250
-121	42.0559503734	250
-121.212021768	42	250
-121.5	41.8943197951	250
-122	41.9576374888	250
-122.080955967	42	250
-122.5	42.0678123832	250
-122.927701354	42.5	250
-122.988401026	43	250
-122.965114623	43.5	250
-122.669417471	44	250
-122.5	44.1795778573	250
-122.030788358	44.5	250
-122	44.5252559185	250
> 260 contour -Z260
-121.5	44.6943872273	260
-121	44.7948675454	260
-120.5	44.8510257602	260
-120	44.828261286	260
-119.5	44.508673585	260
-119.494134428	44.5	260
-119.482147316	44	260
-119.5	43.9635372609	260
-119.655887812	43.5	260
-119.965671688	43	260
-120	42.9654629491	260
-120.394380905	42.5	260
-120.5	42.4168992266	260
-121	42.0867685378	260
-121.328806013	42	260
-121.5	41.9371764436	260
-121.993502796	42	260
-122	42.0002681017	260
-122.5	42.0811710358	260
-122.914481401	42.5	260
-122.971260548	43	260
-122.9375045	43.5	260
-122.629857063	44	260
-122.5	44.1376449168	260
-122	44.4816544354	260
-121.940918624	44.5	260
-121.5	44.6943872273	260
> 270 contour -Z270
-121.5	44.6421466172	270
-121	44.7430035472	270
-120.5	44.7867129445	270
-120	44.7277587354	270
-119.64740482	44.5	270
-119.564096421	44	270
-119.716443241	43.5	270
-120	43.0463652909	270
-120.022414386	43	270
-120.450504553	42.5	270
-120.5	42.4610571377	270
-121	42.1175866723	270
-121.445590261	42	270
-121.5	41.9800330997	270
-121.656847551	42	270
-122	42.0141605437	270
-122.5	42.0945296586	270
-122.901261449	42.5	270
-122.95412007	43	270
-122.909894377	43.5	270
-122.590296663	44	270
-122.5	44.0957119837	270
-122	44.4448602498	270
-121.822423935	44.5	270
-121.5	44.6421466172	270
> 280 contour -Z280
-121.5	44.5899060369	280
-121	44.6911395639	280
-120.5	44.7224001288	280
-120	44.6272561997	280
-119.80299364	44.5	280
-119.644468069	44	280
-119.776998654	43.5	280
-120	43.1432420015	280
-120.069247514	43	280
-120.5	42.5063387454	280
-120.50512284	42.5	280
-121	42.1484048367	280
-121.5	42.0110346675	280
-122	42.0280529857	280
-122.5	42.1078882813	280
-122.888041496	42.5	280
-122.936979562	43	280
-122.882284254	43.5	280
-122.550736263	44	280
-122.5	44.0537790433	280
-122	44.4080660343	280
-121.70392926	44.5	280
-121.5	44.5899060369	280
> 290 contour -Z290
-121.5	44.5376654267	290
-121	44.6392755806	290
-120.5	44.6580873132	290
-120	44.5267536491	290
-119.958582453	44.5	290
-119.724839717	44	290
-119.837554082	43.5	290
-120	43.2401186824	290
-120.116080642	43	290
-120.5	42.5600115955	290
-120.548500001	42.5	290
-121	42.179223001	290
-121.5	42.0316949785	290
-122	42.0419454277	290
-122.5	42.1212469041	290
-122.874821514	42.5	290
-122.919839084	43	290
-122.854674131	43.5	290
-122.511175862	44	290
-122.5	44.0118461065	290
-122	44.3712718487	290
-121.585434571	44.5	290
-121.5	44.5376654267	290
> 300 contour -Z300
-121	44.5874115825	300
-120.5	44.5937744826	300
-120.167389274	44.5	300
-120	44.3837966025	300
-119.80521135	44	300
-119.898109511	43.5	300
-120	43.3369953781	300
-120.162913799	43	300
-120.5	42.6136844158	300
-120.591877192	42.5	300
-121	42.2100411654	300
-121.5	42.0523552895	300
-122	42.0558378696	300
-122.5	42.1346055269	300
-122.861601561	42.5	300
-122.902698606	43	300
-122.827064008	43.5	300
-122.5	43.9714446664	300
-122.463422775	44	300
-122	44.334477663	300
-121.5	44.4896732271	300
-121.428985775	44.5	300
-121	44.5874115825	300
> 310 contour -Z310
-121	44.5355475843	310
-120.5	44.5294616632	310
-120.395501792	44.5	310
-120	44.2254384905	310
-119.885582991	44	310
-119.958664935	43.5	310
-120	43.4338720739	310
-120.209746927	43	310
-120.5	42.6673572361	310
-120.635254353	42.5	310
-121	42.2408593297	310
-121.5	42.0730155706	310
-122	42.0697303116	310
-122.5	42.1479641497	310
-122.848381609	42.5	310
-122.885558128	43	310
-122.799453884	43.5	310
-122.5	43.931646198	310
-122.412443966	44	310
-122	44.2976834476	310
-121.5	44.4526597559	310
-121.1744553	44.5	310
-121	44.5355475843	310
> 320 contour -Z320
-122	44.2608892471	320
-121.5	44.4156462848	320
-121	44.4864036739	320
-120.5	44.4628621638	320
-120	44.0670803785	320
-119.965954635	44	320
-120	43.7141706944	320
-120.015445769	43.5	320
-120.256580055	43	320
-120.5	42.7210300565	320
-120.678631514	42.5	320
-121	42.2716774791	320
-121.5	42.0936758816	320
-122	42.0836227536	320
-122.5	42.1613227725	320
-122.835161656	42.5	320
-122.868417621	43	320
-122.771843761	43.5	320
-122.5	43.8918477297	320
-122.361465186	44	320
-122	44.2608892471	320
> 330 contour -Z330
-122	44.2240950465	330
-121.5	44.3786328435	330
-121	44.4431858659	330
-120.5	44.3943295777	330
-120.04552713	44	330
-120.064108968	43.5	330
-120.303413182	43	330
-120.5	42.7747028768	330
-120.722008705	42.5	330
-121	42.3024956435	330
-121.5	42.1143361926	330
-122	42.0975151956	330
-122.5	42.1746813953	330
-122.821941674	42.5	330
-122.851277143	43	330
-122.744233638	43.5	330
-122.5	43.8520492613	330
-122.310486376	44	330
-122	44.2240950465	330
> 340 contour -Z340
-122	44.1873008609	340
-121.5	44.3416193724	340
-121	44.3999680281	340
-120.5	44.3257970214	340
-120.124512315	44	340
-120.112772197	43.5	340
-120.35024631	43	340
-120.5	42.828375712	340
-120.765385866	42.5	340
-121	42.3333138078	340
-121.5	42.1349965036	340
-122	42.1114076078	340
-122.5	42.1880400479	340
-122.808721721	42.5	340
-122.834136665	43	340
-122.716623515	43.5	340
-122.5	43.812250793	340
-122.259507567	44	340
-122	44.1873008609	340
> 350 contour -Z350
-122	44.1505066752	350
-121.5	44.304605931	350
-121	44.3567501903	350
-120.5	44.2572644353	350
-120.203497499	44	350
-120.161435425	43.5	350
-120.397079445	43	350
-120.5	42.8820485324	350
-120.808763042	42.5	350
-121	42.3641319573	350
-121.5	42.1556567848	350
-122	42.1253000498	350
-122.5	42.2013986707	350
-122.795501769	42.5	350
-122.816996157	43	350
-122.689013392	43.5	350
-122.5	43.7724523544	350
-122.208528772	44	350
-122	44.1505066752	350
> 360 contour -Z360
-122	44.1137124598	360
-121.5	44.2675924599	360
-121	44.3135323822	360
-120.5	44.1887318641	360
-120.282482684	44	360
-120.210098624	43.5	360
-120.443912581	43	360
-120.5	42.9357213527	360
-120.852140218	42.5	360
-121	42.3949501216	360
-121.5	42.1763170958	360
-122	42.1391924918	360
-122.5	42.2147572935	360
-122.782281816	42.5	360
-122.799855679	43	360
-122.661403283	43.5	360
-122.5	43.7326538861	360
-122.157549977	44	360
-122	44.1137124598	360
> 370 contour -Z370
-122	44.0769182742	370
-121.5	44.2305790037	370
-121	44.2703145444	370
-120.5	44.1201992929	370
-120.361467868	44	370
-120.258761838	43.5	370
-120.490745711	43	370
-120.5	42.9893941795	370
-120.895517386	42.5	370
-121	42.4257682785	370
-121.5	42.1969774067	370
-122	42.1530849338	370
-122.5	42.2281159163	370
-122.769061834	42.5	370
-122.782715201	43	370
-122.63379316	43.5	370
-122.5	43.6928554177	370
-122.106571175	44	370
-122	44.0769182742	370
> 380 contour -Z380
-122	44.0401240587	380
-121.5	44.1935655475	380
-121	44.2270967066	380
-120.5	44.051666718	380
-120.440453056	44	380
-120.307425067	43.5	380
-120.5	43.0842909217	380
-120.530695498	43	380
-120.938894555	42.5	380
-121	42.4565864429	380
-121.5	42.2176376879	380
-122	42.1669773757	380
-122.5	42.241474539	380
-122.755841881	42.5	380
-122.765574694	43	380
-122.60618303	43.5	380
-122.5	43.6530569494	380
-122.055592377	44	380
-122	44.0401240587	380
> 390 contour -Z390
-122	44.0033298731	390
-121.5	44.1565520912	390
-121	44.1838788837	390
-120.527339578	44	390
-120.5	43.9615876973	390
-120.356088281	43.5	390
-120.5	43.1893395782	390
-120.568950176	43	390
-120.982271725	42.5	390
-121	42.4874046007	390
-121.5	42.2382979989	390
-122	42.1808698177	390
-122.5	42.2548331618	390
-122.742621928	42.5	390
-122.748434216	43	390
-122.578572907	43.5	390
-122.5	43.6132584959	390
-122.004613575	44	390
-122	44.0033298731	390
> 400 contour -Z400
-121.5	44.119538635	400
-121	44.1406610608	400
-120.638430953	44	400
-120.5	43.8055035174	400
-120.404751495	43.5	400
-120.5	43.2943882495	400
-120.607204854	43	400
-121	42.5272257328	400
-121.024118513	42.5	400
-121.5	42.2589583099	400
-122	42.1947622597	400
-122.5	42.2681917995	400
-122.729401976	42.5	400
-122.731293738	43	400
-122.550962787	43.5	400
-122.5	43.573460035	400
-122	43.9670241773	400
-121.890133083	44	400
-121.5	44.119538635	400
> 410 contour -Z410
-121.5	44.0825251639	410
-121	44.097443223	410
-120.749522328	44	410
-120.5	43.6494193524	410
-120.453414712	43.5	410
-120.5	43.3994369283	410
-120.645459533	43	410
-121	42.5732696652	410
-121.064907551	42.5	410
-121.5	42.279618606	410
-122	42.2086547017	410
-122.5	42.2815504223	410
-122.716182008	42.5	410
-122.714153245	43	410
-122.523352664	43.5	410
-122.5	43.5336615704	410
-122	43.9307670593	410
-121.769333839	44	410
-121.5	44.0825251639	410
> 420 contour -Z420
-121.5	44.0455117226	420
-121	44.0542253964	420
-120.860613689	44	420
-120.502207696	43.5	420
-120.683714211	43	420
-121	42.6193135679	420
-121.105696559	42.5	420
-121.5	42.3002789021	420
-122	42.2225471437	420
-122.5	42.2949090451	420
-122.702962056	42.5	420
-122.697012752	43	420
-122.5	43.4933809936	420
-122.493013233	43.5	420
-122	43.8945099711	420
-121.648534611	44	420
-121.5	44.0455117226	420
> 430 contour -Z430
-121.5	44.0084982514	430
-121	44.0110075688	430
-120.97170506	44	430
-120.553909719	43.5	430
-120.721968889	43	430
-121	42.6653575003	430
-121.146485597	42.5	430
-121.5	42.320939213	430
-122	42.2364395559	430
-122.5	42.3082676679	430
-122.689742088	42.5	430
-122.679872274	43	430
-122.5	43.450455904	430
-122.447703272	43.5	430
-122	43.8582528532	430
-121.527735382	44	430
-121.5	44.0084982514	430
> 440 contour -Z440
-122	43.821995765	440
-121.5	43.9693275094	440
-121	43.9554959536	440
-120.605611742	43.5	440
-120.760223567	43	440
-121	42.711401403	440
-121.187274605	42.5	440
-121.5	42.3415995091	440
-122	42.2503320128	440
-122.5	42.3216263056	440
-122.676522136	42.5	440
-122.662731782	43	440
-122.5	43.4075308144	440
-122.402393311	43.5	440
-122	43.821995765	440
> 450 contour -Z450
-122	43.7857386619	450
-121.5	43.9295138419	450
-121	43.8957830667	450
-120.657313764	43.5	450
-120.798478246	43	450
-121	42.7574453205	450
-121.228063643	42.5	450
-121.5	42.3622598201	450
-122	42.2642244399	450
-122.5	42.3349849284	450
-122.663302168	42.5	450
-122.645591304	43	450
-122.5	43.3646057248	450
-122.35708335	43.5	450
-122	43.7857386619	450
> 460 contour -Z460
-122	43.7494815588	460
-121.5	43.8897001445	460
-121	43.8360701799	460
-120.709015787	43.5	460
-120.836732924	43	460
-121	42.803489238	460
-121.268852666	42.5	460
-121.5	42.3829201162	460
-122	42.2781168818	460
-122.5	42.3483435512	460
-122.650082216	42.5	460
-122.628450811	43	460
-122.5	43.3216806352	460
-122.31177339	43.5	460
-122	43.7494815588	460
> 470 contour -Z470
-122	43.7132244706	470
-121.5	43.849886477	470
-121	43.7763572931	470
-120.760717824	43.5	470
-120.874987602	43	470
-121	42.8495331556	470
-121.309641689	42.5	470
-121.5	42.4035804197	470
-122	42.2920093238	470
-122.5	42.3617021739	470
-122.636862248	42.5	470
-122.611310326	43	470
-122.5	43.2787555456	470
-122.266463429	43.5	470
-122	43.7132244706	470
> 480 contour -Z480
-122	43.6769673526	480
-121.5	43.8100728095	480
-121	43.7166443914	480
-120.812419847	43.5	480
-120.913242273	43	480
-121	42.8955770656	480
-121.350430712	42.5	480
-121.5	42.4242407233	480
-122	42.3059017658	480
-122.5	42.3750608042	480
-122.623642288	42.5	480
-122.59416984	43	480
-122.5	43.235830456	480
-122.221153483	43.5	480
-122	43.6769673526	480
> 490 contour -Z490
-122	43.6407102644	490
-121.5	43.7702591419	490
-121	43.6569314897	490
-120.864121869	43.5	490
-120.951496951	43	490
-121	42.9416209869	490
-121.391219728	42.5	490
-121.5	42.4449010268	490
-122	42.3197941929	490
-122.5	42.3884194344	490
-122.610422328	42.5	490
-122.577029355	43	490
-122.5	43.1929053664	490
-122.175843522	43.5	490
-122	43.6407102644	490
> 500 contour -Z500
-122	43.6044531465	500
-121.5	43.7304454595	500
-121	43.5972185954	500
-120.915823899	43.5	500
-120.989751627	43	500
-121	42.9876649017	500
-121.432008751	42.5	500
-121.5	42.4655613303	500
-122	42.3336866349	500
-122.5	42.4017780572	500
-122.597202368	42.5	500
-122.559888866	43	500
-122.5	43.1499802768	500
-122.130533561	43.5	500
-122	43.6044531465	500
> 510 contour -Z510
-122	43.5681960583	510
-121.5	43.690631777	510
-121	43.5375057049	510
-120.967525925	43.5	510
-121	43.2691149712	510
-121.034749448	43	510
-121.472797776	42.5	510
-121.5	42.4862216311	510
-122	42.3475790769	510
-122.5	42.4151366875	510
-122.583982408	42.5	510
-122.542748377	43	510
-122.5	43.1070551798	510
-122.0852236	43.5	510
-122	43.5681960583	510
> 520 contour -Z520
-122	43.5319389701	520
-121.5	43.6508181095	520
-121.04469946	43.5	520
-121.082214803	43	520
-121.5	42.5182320476	520
-121.516162664	42.5	520
-122	42.3614715189	520
-122.5	42.4284953102	520
-122.570762448	42.5	520
-122.525607891	43	520
-122.5	43.0641300902	520
-122.039913639	43.5	520
-122	43.5319389701	520
> 530 contour -Z530
-121.5	43.611004442	530
-121.164891839	43.5	530
-121.129680157	43	530
-121.5	42.5729666054	530
-121.564684659	42.5	530
-122	42.3753639534	530
-122.5	42.4418539368	530
-122.557542488	42.5	530
-122.508467405	43	530
-122.5	43.0212050043	530
-122	43.4949001372	530
-121.979516715	43.5	530
-121.5	43.611004442	530
> 540 contour -Z540
-121.5	43.5711907446	540
-121.285084233	43.5	540
-121.177145511	43	540
-121.5	42.6277011633	540
-121.613206685	42.5	540
-122	42.3892563879	540
-122.5	42.4552125633	540
-122.544322532	42.5	540
-122.5	42.9344338775	540
-122.477132022	43	540
-122	43.4520794451	540
-121.807529688	43.5	540
-121.5	43.5711907446	540
> 550 contour -Z550
-121.5	43.5313770771	550
-121.405276611	43.5	550
-121.224610865	43	550
-121.5	42.6824356914	550
-121.66172868	42.5	550
-122	42.4031488299	550
-122.5	42.4685711898	550
-122.53110257	42.5	550
-122.5	42.8048564494	550
-122.43193838	43	550
-122	43.4092587829	550
-121.635542661	43.5	550
-121.5	43.5313770771	550
> 560 contour -Z560
-122	43.3664380908	560
-121.5	43.4788681269	560
-121.272076219	43	560
-121.5	42.7371702492	560
-121.710250676	42.5	560
-122	42.4170412645	560
-122.5	42.4819298163	560
-122.51788261	42.5	560
-122.5	42.675279066	560
-122.386744708	43	560
-122	43.3664380908	560
> 570 contour -Z570
-122	43.3236173987	570
-121.5	43.3791433871	570
-121.319541559	43	570
-121.5	42.7919048071	570
-121.758772701	42.5	570
-122	42.4309337065	570
-122.5	42.4952884424	570
-122.50466265	42.5	570
-122.5	42.5457016602	570
-122.341551065	43	570
-122	43.3236173987	570
> 580 contour -Z580
-122	43.2807967067	580
-121.5	43.2794186175	580
-121.367006913	43	580
-121.5	42.8466393501	580
-121.807294711	42.5	580
-122	42.4448261447	580
-122.429927528	42.5	580
-122.296357423	43	580
-122	43.2807967067	580
> 590 contour -Z590
-122	43.2379760146	590
-121.5	43.1796938628	590
-121.414472267	43	590
-121.5	42.9013739079	590
-121.855816722	42.5	590
-122	42.458718583	590
-122.321674407	42.5	590
-122.251163781	43	590
-122	43.2379760146	590
> 600 contour -Z600
-122	43.1951553226	600
-121.5	43.0799691007	600
-121.461937621	43	600
-121.5	42.9561084621	600
-121.904338725	42.5	600
-122	42.4726110213	600
-122.2134213	42.5	600
-122.205970123	43	600
-122	43.1951553226	600
> 610 contour -Z610
-122	43.1523346603	610
-121.526374161	43	610
-121.952860739	42.5	610
-122	42.4865034586	610
-122.105168186	42.5	610
-122.160776466	43	610
-122	43.1523346603	610
> 620 contour -Z620
-122	43.1095139682	620
-121.659508586	43	620
-122	42.505509913	620
-122.115582816	43	620
-122	43.1095139682	620
> 630 contour -Z630
-122	43.0666932762	630
-121.792642996	43	630
-122	42.6988588274	630
-122.070389166	43	630
-122	43.0666932762	630
> 640 contour -Z640
-122	43.0238725841	640
-121.925777406	43	640
-122	42.8922077492	640
-122.025195515	43	640
-122	43.0238725841	640
