> 10 contour -Z10
-115	53.0227625072	10
-114.5	53.0494742915	10
-114	53.0565476306	10
-113.5	53.0359232351	10
-113.197260469	53	10
-113	52.9807280302	10
-112.5	52.8864391744	10
-112	52.7304180264	10
-111.505651981	52.5	10
-111.5	52.4974497855	10
-111	52.2288689464	10
-110.65906319	52	10
-110.5	51.9291712046	10
-110	51.7384233624	10
-109.5	51.5693786889	10
-109.291740641	51.5	10
-109	51.395747453	10
-108.5	51.1735892743	10
-108.187588096	51	10
-108	50.8310038745	10
-107.678791612	50.5	10
-107.59136048	50	10
-107.819095537	49.5	10
-108	49.2896972746	10
-108.202186733	49	10
-108.5	48.7406391203	10
-108.724480599	48.5	10
-109	48.3063492179	10
-109.399641059	48	10
-109.5	47.9358000532	10
-110	47.6005499661	10
-110.13759166	47.5	10
-110.5	47.2604897469	10
-110.902621731	47	10
-111	46.931569472	10
-111.5	46.5873935223	10
-111.621700883	46.5	10
-112	46.202359736	10
-112.278789192	46	10
-112.5	45.8088877499	10
-112.903604619	45.5	10
-113	45.4073522389	10
-113.469212746	45	10
-113.5	44.9677694105	10
-113.973226262	44.5	10
-114	44.4705758989	10
-114.427861638	44	10
-114.5	43.918378368	10
-114.870264068	43.5	10
-115	43.3459791094	10
-115.291371733	43	10
-115.5	42.7368484735	10
-115.685328573	42.5	10
-116	42.0944268703	10
-116.073512703	42	10
-116.5	41.5420142412	10
-116.541225791	41.5	10
-117	41.0966297984	10
-117.129681975	41	10
-117.5	40.6989659071	10
-117.835377619	40.5	10
-118	40.3877640516	10
-118.5	40.1289393902	10
-118.916968442	40	10
-119	39.9648642652	10
-119.5	39.8038152456	10
-120	39.7103436589	10
-120.5	39.6816306412	10
-121	39.7277896106	10
-121.5	39.868963331	10
-121.747566894	40	10
-122	40.1435323954	10
-122.366611332	40.5	10
-122.5	40.6297577918	10
-122.761102974	41	10
-123	41.3142520785	10
-123.119329117	41.5	10
-123.45251894	42	10
-123.5	42.2160728872	10
-123.703727186	42.5	10
-123.894729525	43	10
-123.966174603	43.5	10
-124	43.8056058586	10
-124.089976951	44	10
-124.258121759	44.5	10
-124.363429815	45	10
-124.409410208	45.5	10
-124.431309104	46	10
-124.412589312	46.5	10
-124.330709547	47	10
-124.189532503	47.5	10
-124	47.9853610694	10
-123.995394051	48	10
-123.78661254	48.5	10
-123.5	48.9370755851	10
-123.460096329	49	10
-123.049928948	49.5	10
-123	49.5524841473	10
-122.537094351	50	10
-122.5	50.033149235	10
-122	50.4267444611	10
-121.892960817	50.5	10
-121.5	50.7739691734	10
-121.073508285	51	10
-121	51.0428730026	10
-120.5	51.3153679371	10
-120.064351335	51.5	10
-120	51.5329583921	10
-119.5	51.7775926888	10
-119	51.9714704156	10
-118.920623422	52	10
-118.5	52.1938549727	10
-118	52.3839561045	10
-117.636610389	52.5	10
-117.5	52.5576629415	10
-117	52.7347057164	10
-116.5	52.8573212326	10
-116	52.9358015954	10
-115.5	52.984978497	10
-115.262499928	53	10
-115	53.0227625072	10
> 20 contour -Z20
-115.5	52.0311421156	20
-115	52.0567642935	20
-114.5	52.0647750571	20
-114	52.0420889668	20
-113.685090065	52	20
-113.5	51.9790910482	20
-113	51.86857903	20
-112.5	51.679298833	20
-112.147613615	51.5	20
-112	51.4425209761	20
-111.5	51.254685998	20
-111	51.0643037334	20
-110.839376226	51	20
-110.5	50.8490530252	20
-110	50.5609356686	20
-109.908500195	50.5	20
-109.5	50.0148100052	20
-109.4889992	50	20
-109.40494296	49.5	20
-109.5	49.2519839853	20
-109.573951811	49	20
-109.882443681	48.5	20
-110	48.3901890665	20
-110.336829811	48	20
-110.5	47.8741610646	20
-110.927671254	47.5	20
-111	47.4475566261	20
-111.5	47.0560705662	20
-111.564403117	47	20
-112	46.6583766937	20
-112.191717684	46.5	20
-112.5	46.2497300506	20
-112.800919488	46	20
-113	45.8288335204	20
-113.391146183	45.5	20
-113.5	45.3987038583	20
-113.949214067	45	20
-114	44.9495005943	20
-114.478111181	44.5	20
-114.5	44.4770381991	20
-114.95703977	44	20
-115	43.9543256834	20
-115.422359005	43.5	20
-115.5	43.4155505672	20
-115.90159218	43	20
-116	42.8883839995	20
-116.37594448	42.5	20
-116.5	42.3571057022	20
-116.842128158	42	20
-117	41.8402593881	20
-117.375643015	41.5	20
-117.5	41.3965298086	20
-118	41.0423708558	20
-118.080434769	41	20
-118.5	40.7446157932	20
-119	40.5632285774	20
-119.271116748	40.5	20
-119.5	40.4226120263	20
-120	40.3269383609	20
-120.5	40.313079834	20
-121	40.413497068	20
-121.186408028	40.5	20
-121.5	40.6036430001	20
-122	40.9320740327	20
-122.06894365	41	20
-122.5	41.1941553354	20
-122.782067508	41.5	20
-123	41.6447184086	20
-123.30311361	42	20
-123.447808921	42.5	20
-123.5	42.7909381837	20
-123.61645703	43	20
-123.715986967	43.5	20
-123.733325526	44	20
-123.713329136	44.5	20
-123.718734518	45	20
-123.733944952	45.5	20
-123.748875394	46	20
-123.696130469	46.5	20
-123.552131739	47	20
-123.5	47.1295760423	20
-123.367642045	47.5	20
-123.131428584	48	20
-123	48.2148026824	20
-122.825175315	48.5	20
-122.5	48.8990165591	20
-122.413207591	49	20
-122	49.406519115	20
-121.895726293	49.5	20
-121.5	49.8333333433	20
-121.264119238	50	20
-121	50.1871414185	20
-120.5	50.4817060232	20
-120.465053827	50.5	20
-120	50.7680252492	20
-119.5	50.9906598032	20
-119.476887167	51	20
-119	51.2306457311	20
-118.5	51.4203600287	20
-118.249254167	51.5	20
-118	51.6000398993	20
-117.5	51.763762325	20
-117	51.8772868514	20
-116.5	51.9480312765	20
-116	51.9945174456	20
-115.903191775	52	20
-115.5	52.0311421156	20
> 30 contour -Z30
-118	51.0888502002	30
-117.5	51.2281288505	30
-117	51.3181188405	30
-116.5	51.3800610006	30
-116	51.4212446213	30
-115.5	51.4471926987	30
-115	51.4595121741	30
-114.5	51.4490821064	30
-114	51.4010820091	30
-113.5	51.2975595593	30
-113	51.1248487458	30
-112.706542253	51	30
-112.5	50.9356094599	30
-112	50.773180455	30
-111.5	50.5680682063	30
-111.359449401	50.5	30
-111	50.2599859238	30
-110.701562107	50	30
-110.5	49.6183249205	30
-110.441799015	49.5	30
-110.451400064	49	30
-110.5	48.8961127996	30
-110.642160445	48.5	30
-110.981179193	48	30
-111	47.9833027124	30
-111.45345775	47.5	30
-111.5	47.4626738504	30
-112	47.0239348412	30
-112.023926347	47	30
-112.5	46.5926816165	30
-112.599322021	46.5	30
-113	46.1528075933	30
-113.164038777	46	30
-113.5	45.7025662661	30
-113.719794959	45.5	30
-114	45.2403929532	30
-114.260391727	45	30
-114.5	44.7691246271	30
-114.788932577	44.5	30
-115	44.2833778262	30
-115.28016077	44	30
-115.5	43.7699986845	30
-115.757295832	43.5	30
-116	43.2523411363	30
-116.255144551	43	30
-116.5	42.7506748885	30
-116.772937238	42.5	30
-117	42.2674527168	30
-117.307169855	42	30
-117.5	41.8183545023	30
-117.918928549	41.5	30
-118	41.4372531772	30
-118.5	41.1306372881	30
-118.852634937	41	30
-119	40.9321233556	30
-119.5	40.7818121463	30
-120	40.704197973	30
-120.5	40.6991885304	30
-121	40.7938204408	30
-121.450104982	41	30
-121.5	41.0067051351	30
-122	41.1202904284	30
-122.5	41.4800983891	30
-122.518354408	41.5	30
-123	41.8198375106	30
-123.153708234	42	30
-123.358195186	42.5	30
-123.457928151	43	30
-123.490431041	43.5	30
-123.48260802	44	30
-123.436082393	44.5	30
-123.373898685	45	30
-123.311078191	45.5	30
-123.299218625	46	30
-123.228382573	46.5	30
-123.057091899	47	30
-123	47.1240318045	30
-122.835244477	47.5	30
-122.542138901	48	30
-122.5	48.0604961812	30
-122.192273006	48.5	30
-122	48.7148349136	30
-121.732975408	49	30
-121.5	49.2152672261	30
-121.150187597	49.5	30
-121	49.6171736345	30
-120.5	49.9554005563	30
-120.421941489	50	30
-120	50.259695977	30
-119.5	50.4954212904	30
-119.488916665	50.5	30
-119	50.7359589487	30
-118.5	50.922010541	30
-118.238441586	51	30
-118	51.0888502002	30
> 40 contour -Z40
-115.5	51.0078640282	40
-115	51.0061207083	40
-114.919547781	51	40
-114.5	50.9723531902	40
-114	50.8975285888	40
-113.5	50.7777728438	40
-113	50.621642977	40
-112.653336942	50.5	40
-112.5	50.4489327669	40
-112	50.2292445749	40
-111.632996947	50	40
-111.5	49.8593269289	40
-111.222315431	49.5	40
-111.105784446	49	40
-111.211248487	48.5	40
-111.477812802	48	40
-111.5	47.9763952643	40
-111.864212349	47.5	40
-112	47.379578881	40
-112.379444003	47	40
-112.5	46.8968548849	40
-112.925288491	46.5	40
-113	46.435261555	40
-113.467252828	46	40
-113.5	45.9710082207	40
-114	45.5082641244	40
-114.008399308	45.5	40
-114.5	45.0374937952	40
-114.539166719	45	40
-115	44.5623091459	40
-115.067359596	44.5	40
-115.5	44.0637594163	40
-115.566046953	44	40
-116	43.5499203205	40
-116.049329102	43.5	40
-116.5	43.0530852079	40
-116.554262072	43	40
-117	42.5800575018	40
-117.090545744	42.5	40
-117.5	42.1254010797	40
-117.666156024	42	40
-118	41.7202985585	40
-118.38724672	41.5	40
-118.5	41.4273379669	40
-119	41.2052107453	40
-119.5	41.078379482	40
-120	41.0105529726	40
-120.5	41.0060269535	40
-121	41.0418383181	40
-121.5	41.1075339317	40
-122	41.2552358955	40
-122.330478817	41.5	40
-122.5	41.5674447417	40
-123	41.9949566019	40
-123.004302848	42	40
-123.26858142	42.5	40
-123.385577619	43	40
-123.420431435	43.5	40
-123.395778358	44	40
-123.297612786	44.5	40
-123.147991657	45	40
-123	45.4482687414	40
-122.984767884	45.5	40
-122.941631556	46	40
-122.85965395	46.5	40
-122.67007257	47	40
-122.5	47.3140289187	40
-122.407968491	47.5	40
-122.09611354	48	40
-122	48.1251706183	40
-121.712283894	48.5	40
-121.5	48.7227668464	40
-121.213066593	49	40
-121	49.1833986193	40
-120.568520509	49.5	40
-120.5	49.5499512888	40
-120	49.8648216128	40
-119.728684217	50	40
-119.5	50.1261723489	40
-119	50.3533316255	40
-118.582719162	50.5	40
-118.5	50.5347738117	40
-118	50.7036445737	40
-117.5	50.8159849048	40
-117	50.8921745718	40
-116.5	50.947750479	40
-116	50.985827446	40
-115.650673673	51	40
-115.5	51.0078640282	40
> 50 contour -Z50
-117	50.5459141433	50
-116.5	50.6069189012	50
-116	50.6443207711	50
-115.5	50.6564642489	50
-115	50.6368622035	50
-114.5	50.5796418488	50
-114.105447441	50.5	50
-114	50.4837247133	50
-113.5	50.3771705627	50
-113	50.2231473327	50
-112.5	50.0079379203	50
-112.484717243	50	50
-112	49.6267163455	50
-111.878358036	49.5	50
-111.652023673	49	50
-111.679535866	48.5	50
-111.886984304	48	50
-112	47.8516961932	50
-112.219021082	47.5	50
-112.5	47.2189280689	50
-112.685177952	47	50
-113	46.7034417391	50
-113.193892449	46.5	50
-113.5	46.2114846408	50
-113.707143158	46	50
-114	45.7257405221	50
-114.229432821	45.5	50
-114.5	45.2454458475	50
-114.756397456	45	50
-115	44.7686308473	50
-115.290404618	44.5	50
-115.5	44.2886604816	50
-115.799016878	44	50
-116	43.7915478945	50
-116.288095146	43.5	50
-116.5	43.2898612618	50
-116.796287343	43	50
-117	42.8080764413	50
-117.348437205	42.5	50
-117.5	42.3613391966	50
-117.978773262	42	50
-118	41.9822157975	50
-118.5	41.6587144732	50
-118.907149769	41.5	50
-119	41.4566944949	50
-119.5	41.3104088008	50
-120	41.1996747255	50
-120.5	41.1442592144	50
-121	41.1464080215	50
-121.5	41.2083627284	50
-122	41.3901813626	50
-122.148276374	41.5	50
-122.5	41.6399347782	50
-122.918225735	42	50
-123	42.1635953486	50
-123.178967655	42.5	50
-123.313227117	43	50
-123.350431859	43.5	50
-123.308948666	44	50
-123.15914315	44.5	50
-123	44.8845870495	50
-122.95839563	45	50
-122.783284962	45.5	50
-122.674865291	46	50
-122.55288665	46.5	50
-122.5	46.6200556383	50
-122.351432264	47	50
-122.065971293	47.5	50
-122	47.5991468281	50
-121.740275756	48	50
-121.5	48.2920579314	50
-121.318030447	48.5	50
-121	48.8099282086	50
-120.773955166	49	50
-120.5	49.2160805464	50
-120.048460271	49.5	50
-120	49.5313771814	50
-119.5	49.8121182919	50
-119.060899038	50	50
-119	50.0295602661	50
-118.5	50.2327657193	50
-118	50.3747360706	50
-117.5	50.4676947594	50
-117.267987221	50.5	50
-117	50.5459141433	50
> 60 contour -Z60
-118	50.0893967748	60
-117.5	50.1862900257	60
-117	50.2586130202	60
-116.5	50.31082201	60
-116	50.3410155177	60
-115.5	50.3456662297	60
-115	50.3205757737	60
-114.5	50.2686996162	60
-114	50.1834424585	60
-113.5	50.0495380685	60
-113.364077583	50	60
-113	49.8475495279	60
-112.5	49.5216290057	60
-112.473900763	49.5	60
-112.138646722	49	60
-112.088198602	48.5	60
-112.242729247	48	60
-112.5	47.5827145576	60
-112.541871637	47.5	60
-112.96536845	47	60
-113	46.9673775323	60
-113.44543948	46.5	60
-113.5	46.4485751092	60
-113.93936649	46	60
-114	45.9432169124	60
-114.450466361	45.5	60
-114.5	45.4533979185	60
-114.973628175	45	60
-115	44.974952532	60
-115.5	44.5099226832	60
-115.510971636	44.5	60
-116	44.0243009031	60
-116.026799679	44	60
-116.5	43.5221736133	60
-116.523363531	43.5	60
-117	43.0322613716	60
-117.033882707	43	60
-117.5	42.5795946121	60
-117.597794145	42.5	60
-118	42.1773536503	60
-118.299556494	42	60
-118.5	41.8689044863	60
-119	41.6610192358	60
-119.5	41.5301934481	60
-119.618627548	41.5	60
-120	41.3887964636	60
-120.5	41.2824915051	60
-121	41.2509777099	60
-121.5	41.3091915399	60
-121.955210268	41.5	60
-122	41.5086200535	60
-122.5	41.7124248147	60
-122.834026545	42	60
-123	42.3320419192	60
-123.089353889	42.5	60
-123.240876585	43	60
-123.280432284	43.5	60
-123.222119004	44	60
-123.020673519	44.5	60
-123	44.5499598421	60
-122.837768376	45	60
-122.581802018	45.5	60
-122.5	45.7704862654	60
-122.428091347	46	60
-122.30893898	46.5	60
-122.079130769	47	60
-122	47.1323676258	60
-121.787984639	47.5	60
-121.5	47.8987125158	60
-121.422289193	48	60
-121	48.4683709145	60
-120.967142493	48.5	60
-120.5	48.906843245	60
-120.369026065	49	60
-120	49.2542722523	60
-119.546823457	49.5	60
-119.5	49.5267138761	60
-119	49.7692599893	60
-118.5	49.9502449632	60
-118.30096066	50	60
-118	50.0893967748	60
> 70 contour -Z70
-116.5	50.0351728499	70
-116	50.0656699762	70
-115.5	50.0664301887	70
-115	50.0349594131	70
-114.688232154	50	70
-114.5	49.9837732613	70
-114	49.9011081159	70
-113.5	49.7413141578	70
-113.044156492	49.5	70
-113	49.4642891288	70
-112.585018694	49	70
-112.5	48.6878053099	70
-112.454928976	48.5	70
-112.5	48.3286395967	70
-112.566789508	48	70
-112.818252221	47.5	70
-113	47.2856584787	70
-113.198361278	47	70
-113.5	46.6850600243	70
-113.655087739	46.5	70
-114	46.1489417553	70
-114.135458678	46	70
-114.5	45.6403378546	70
-114.63653481	45.5	70
-115	45.1492136717	70
-115.153773457	45	70
-115.5	44.6744775474	70
-115.692922145	44.5	70
-116	44.2012920678	70
-116.221990198	44	70
-116.5	43.7192723453	70
-116.731039256	43.5	70
-117	43.2360602021	70
-117.247923791	43	70
-117.5	42.772644788	70
-117.834985763	42.5	70
-118	42.3676268905	70
-118.5	42.0664770603	70
-118.668141186	42	70
-119	41.8555339128	70
-119.5	41.6952753365	70
-120	41.5464424491	70
-120.209031016	41.5	70
-120.5	41.420723781	70
-121	41.3555473983	70
-121.5	41.4100203365	70
-121.714663774	41.5	70
-122	41.5549146235	70
-122.5	41.7849148363	70
-122.74982737	42	70
-122.999940932	42.5	70
-123	42.5006217062	70
-123.168526068	43	70
-123.210432708	43.5	70
-123.135289326	44	70
-123	44.3234183192	70
-122.944702268	44.5	70
-122.717141122	45	70
-122.5	45.3759450018	70
-122.423622876	45.5	70
-122.219357967	46	70
-122.078077458	46.5	70
-122	46.6614166647	70
-121.844838113	47	70
-121.525296774	47.5	70
-121.5	47.5350231901	70
-121.143255815	48	70
-121	48.1588883996	70
-120.645640403	48.5	70
-120.5	48.6268409938	70
-120	48.9849815369	70
-119.97522366	49	70
-119.5	49.2849177122	70
-119.031236893	49.5	70
-119	49.5153368628	70
-118.5	49.7101143152	70
-118	49.8352288902	70
-117.5	49.9201814234	70
-117	49.9838362932	70
-116.821734726	50	70
-116.5	50.0351728499	70
> 80 contour -Z80
-118	49.5952826738	80
-117.5	49.684031561	80
-117	49.7552126348	80
-116.5	49.8092197478	80
-116	49.8388973773	80
-115.5	49.8422740698	80
-115	49.8184826672	80
-114.5	49.7641956806	80
-114	49.646952644	80
-113.632375449	49.5	80
-113.5	49.429366231	80
-113.001103759	49	80
-113	48.9978321493	80
-112.788500801	48.5	80
-112.85015583	48	80
-113	47.6965106428	80
-113.078417093	47.5	80
-113.424697772	47	80
-113.5	46.9213771895	80
-113.853131071	46.5	80
-114	46.3505140096	80
-114.318783432	46	80
-114.5	45.8212089092	80
-114.812504411	45.5	80
-115	45.3190448731	80
-115.328794479	45	80
-115.5	44.8390324414	80
-115.874872655	44.5	80
-116	44.3782832026	80
-116.417180732	44	80
-116.5	43.9163710773	80
-116.93871497	43.5	80
-117	43.4398590364	80
-117.46196489	43	80
-117.5	42.9656949751	80
-118	42.5549297631	80
-118.086532414	42.5	80
-118.5	42.2431367636	80
-119	42.04538396	80
-119.116615236	42	80
-119.5	41.8603572398	80
-120	41.6591667533	80
-120.5	41.5295712352	80
-120.763955817	41.5	80
-121	41.4601170905	80
-121.389979899	41.5	80
-121.5	41.5043963194	80
-122	41.6012092233	80
-122.5	41.8574048728	80
-122.665628195	42	80
-122.979567021	42.5	80
-123	42.7150115669	80
-123.096175544	43	80
-123.140433133	43.5	80
-123.048459653	44	80
-123	44.1158460826	80
-122.879699647	44.5	80
-122.596513867	45	80
-122.5	45.167098254	80
-122.295041889	45.5	80
-122.010624586	46	80
-122	46.0357094668	80
-121.865394831	46.5	80
-121.626115456	47	80
-121.5	47.1947577596	80
-121.289876282	47.5	80
-121	47.8596319854	80
-120.870598912	48	80
-120.5	48.3590641618	80
-120.325629503	48.5	80
-120	48.745069772	80
-119.579434946	49	80
-119.5	49.0476247817	80
-119	49.2932854891	80
-118.5	49.4727478921	80
-118.380291134	49.5	80
-118	49.5952826738	80
> 90 contour -Z90
-117	49.5265889764	90
-116.5	49.5905353352	90
-116	49.6273376942	90
-115.5	49.6353119165	90
-115	49.6116489172	90
-114.5	49.5446181111	90
-114.337440193	49.5	90
-114	49.3909738958	90
-113.5	49.0901071504	90
-113.395301223	49	90
-113.107091427	48.5	90
-113.114103049	48	90
-113.307438701	47.5	90
-113.5	47.2212386131	90
-113.625867605	47	90
-114	46.5576296747	90
-114.04129377	46.5	90
-114.5	46.0019951761	90
-114.501676202	46	90
-114.988474012	45.5	90
-115	45.4888760773	90
-115.5	45.0030164123	90
-115.503160924	45	90
-116	44.5417636335	90
-116.048136503	44.5	90
-116.5	44.0820717216	90
-116.598316193	44	90
-117	43.6152927876	90
-117.135370314	43.5	90
-117.5	43.1511025429	90
-117.679706275	43	90
-118	42.7354417145	90
-118.370898008	42.5	90
-118.5	42.4197964743	90
-119	42.2217694521	90
-119.5	42.0181906223	90
-119.535381377	42	90
-120	41.7718910724	90
-120.5	41.5989058912	90
-121	41.5284471214	90
-121.5	41.5452543199	90
-122	41.6475037932	90
-122.5	41.9298949018	90
-122.581429012	42	90
-122.95919314	42.5	90
-123	42.929401435	90
-123.023825021	43	90
-123.07043355	43.5	90
-123	43.847420752	90
-122.985708177	44	90
-122.814697057	44.5	90
-122.5	44.9801733494	90
-122.485922128	45	90
-122.166460916	45.5	90
-122	45.7884967029	90
-121.823014975	46	90
-121.662002176	46.5	90
-121.5	46.8264611065	90
-121.410772949	47	90
-121.057361472	47.5	90
-121	47.5711649135	90
-120.604669668	48	90
-120.5	48.1014118642	90
-120.006853566	48.5	90
-120	48.5051580151	90
-119.5	48.823335737	90
-119.147077098	49	90
-119	49.07328289	90
-118.5	49.2547309399	90
-118	49.3720989525	90
-117.5	49.4565054476	90
-117.172552094	49.5	90
-117	49.5265889764	90
> 100 contour -Z100
-118.5	49.0367140174	100
-118	49.159955889	100
-117.5	49.2594300508	100
-117	49.3420554399	100
-116.5	49.4038051069	100
-116	49.4381351471	100
-115.5	49.4459096491	100
-115	49.4207508564	100
-114.5	49.335167557	100
-114	49.1324958354	100
-113.794466764	49	100
-113.5	48.6483431906	100
-113.40706744	48.5	100
-113.356257305	48	100
-113.5	47.605738759	100
-113.53065905	47.5	100
-113.814489946	47	100
-114	46.7806548029	100
-114.201099455	46.5	100
-114.5	46.1754918098	100
-114.647436053	46	100
-115	45.6393403411	100
-115.132504344	45.5	100
-115.5	45.141382575	100
-115.648155689	45	100
-116	44.6754927933	100
-116.202271968	44.5	100
-116.5	44.2246314883	100
-116.769092828	44	100
-117	43.7788518071	100
-117.327412069	43.5	100
-117.5	43.3348585069	100
-117.898247331	43	100
-118	42.915953666	100
-118.5	42.5996932387	100
-118.74301222	42.5	100
-119	42.398154974	100
-119.5	42.1362348795	100
-119.764981404	42	100
-120	41.8846153915	100
-120.5	41.668240577	100
-121	41.5744334459	100
-121.5	41.5861123502	100
-122	41.693798393	100
-122.497525215	42	100
-122.5	42.0007626116	100
-122.93881923	42.5	100
-122.988079041	43	100
-123	43.4954205579	100
-123.000433973	43.5	100
-123	43.5021406147	100
-122.953366429	44	100
-122.749694452	44.5	100
-122.5	44.8809906244	100
-122.415497601	45	100
-122.037879944	45.5	100
-122	45.565650478	100
-121.636538237	46	100
-121.5	46.3912577033	100
-121.457440943	46.5	100
-121.200033665	47	100
-121	47.2787665129	100
-120.819629371	47.5	100
-120.5	47.8438159525	100
-120.327521414	48	100
-120	48.2703050971	100
-119.660572961	48.5	100
-119.5	48.6023118868	100
-119	48.8553111255	100
-118.600802034	49	100
-118.5	49.0367140174	100
> 110 contour -Z110
-117.5	49.0623546839	110
-117	49.1633244157	110
-116.5	49.2396500111	110
-116	49.2827350199	110
-115.5	49.2896693647	110
-115	49.2485448718	110
-114.5	49.128299579	110
-114.220025212	49	110
-114	48.8409372568	110
-113.698916376	48.5	110
-113.589531243	48	110
-113.723240763	47.5	110
-114	47.0056755841	110
-114.002657622	47	110
-114.360905111	46.5	110
-114.5	46.3489884734	110
-114.793195888	46	110
-115	45.7884471714	110
-115.274296016	45.5	110
-115.5	45.2797487527	110
-115.79315047	45	110
-116	44.809221983	110
-116.356407389	44.5	110
-116.5	44.3671912849	110
-116.939869478	44	110
-117	43.9424108118	110
-117.5	43.5135710835	110
-117.519672215	43.5	110
-118	43.088835746	110
-118.154737085	43	110
-118.5	42.7822815776	110
-119	42.5645387471	110
-119.084378242	42.5	110
-119.5	42.2542791367	110
-119.994581438	42	110
-120	41.9973397055	110
-120.5	41.737575233	110
-121	41.6204197407	110
-121.5	41.6269703805	110
-122	41.740092963	110
-122.422304451	42	110
-122.5	42.0239416659	110
-122.918445319	42.5	110
-122.970305115	43	110
-122.979335874	43.5	110
-122.92102468	44	110
-122.684691861	44.5	110
-122.5	44.7818078697	110
-122.345073074	45	110
-122	45.4370774031	110
-121.928735942	45.5	110
-121.5	45.97032094	110
-121.4530406	46	110
-121.248305976	46.5	110
-121	46.9794845581	110
-120.987898916	47	110
-120.580188669	47.5	110
-120.5	47.5862566009	110
-120.043091167	48	110
-120	48.0355633609	110
-119.5	48.3739556372	110
-119.271407813	48.5	110
-119	48.6383537203	110
-118.5	48.8264534771	110
-118	48.9552890062	110
-117.781294554	49	110
-117.5	49.0623546839	110
> 120 contour -Z120
-116.5	49.0754949152	120
-116	49.1273348778	120
-115.5	49.1334290951	120
-115	49.0763388872	120
-114.730713069	49	120
-114.5	48.9107571542	120
-114	48.5145877758	120
-113.987117453	48.5	120
-113.809834301	48	120
-113.915822491	47.5	120
-114	47.3496491015	120
-114.163724482	47	120
-114.5	46.5292233527	120
-114.517487496	46.5	120
-114.938955728	46	120
-115	45.9375540055	120
-115.416087694	45.5	120
-115.5	45.4181149155	120
-115.938145246	45	120
-116	44.9429511502	120
-116.5	44.5072652996	120
-116.508925289	44.5	120
-117	44.0734363496	120
-117.098801315	44	120
-117.5	43.6475403011	120
-117.713869631	43.5	120
-118	43.2550702244	120
-118.44428993	43	120
-118.5	42.9648699351	120
-119	42.7172571123	120
-119.28404285	42.5	120
-119.5	42.3723233938	120
-120	42.0600817204	120
-120.129795551	42	120
-120.5	41.806909889	120
-121	41.6664060652	120
-121.5	41.6678283811	120
-122	41.7863875479	120
-122.347083688	42	120
-122.5	42.0471207201	120
-122.898071408	42.5	120
-122.952531189	43	120
-122.958542824	43.5	120
-122.888682961	44	120
-122.619689256	44.5	120
-122.5	44.6826251298	120
-122.274648547	45	120
-122	45.3478761017	120
-121.827709526	45.5	120
-121.5	45.8594955206	120
-121.277688116	46	120
-121.039171003	46.5	120
-121	46.5756401122	120
-120.74969022	47	120
-120.5	47.3059008121	120
-120.308405757	47.5	120
-120	47.7789327502	120
-119.705790505	48	120
-119.5	48.1392799616	120
-119	48.4186427593	120
-118.804500252	48.5	120
-118.5	48.617763631	120
-118	48.7735369205	120
-117.5	48.8949891031	120
-117	48.9885667264	120
-116.921076745	49	120
-116.5	49.0754949152	120
> 130 contour -Z130
-118	48.5917848647	130
-117.5	48.7413745373	130
-117	48.8559302092	130
-116.5	48.9333407283	130
-116	48.9774605036	130
-115.5	48.9793223739	130
-115	48.9011365473	130
-114.5	48.6757837087	130
-114.280409738	48.5	130
-114.029510677	48	130
-114.095526576	47.5	130
-114.324791357	47	130
-114.5	46.7547126263	130
-114.652422041	46.5	130
-115	46.0920464396	130
-115.068434417	46	130
-115.5	45.5501055717	130
-115.546605617	45.5	130
-116	45.0630872548	130
-116.068062574	45	130
-116.5	44.6134832799	130
-116.639412254	44.5	130
-117	44.1867816448	130
-117.251296133	44	130
-117.5	43.7815095186	130
-117.908067062	43.5	130
-118	43.4213047028	130
-118.5	43.1086710393	130
-118.743399471	43	130
-119	42.8699754775	130
-119.483707482	42.5	130
-119.5	42.4903676566	130
-120	42.1216156185	130
-120.262728319	42	130
-120.5	41.8762445599	130
-121	41.71239236	130
-121.5	41.7086864114	130
-122	41.8326821327	130
-122.271862894	42	130
-122.5	42.0702997744	130
-122.877697527	42.5	130
-122.934757262	43	130
-122.937749773	43.5	130
-122.856341213	44	130
-122.554686651	44.5	130
-122.5	44.58344239	130
-122.204224035	45	130
-122	45.2586748004	130
-121.72668311	45.5	130
-121.5	45.7486701012	130
-121.102335669	46	130
-121	46.2089808583	130
-120.805126667	46.5	130
-120.511481531	47	130
-120.5	47.0140662687	130
-120.02033744	47.5	130
-120	47.5183938798	130
-119.5	47.8978231847	130
-119.340061367	48	130
-119	48.1940852106	130
-118.5	48.4221463501	130
-118.26841715	48.5	130
-118	48.5917848647	130
> 140 contour -Z140
-117.5	48.5877599716	140
-117	48.723293677	140
-116.5	48.80992046	140
-116	48.8526570797	140
-115.5	48.8376953602	140
-115	48.7235481739	140
-114.583371878	48.5	140
-114.5	48.412101388	140
-114.245232522	48	140
-114.265230954	47.5	140
-114.485858233	47	140
-114.5	46.9802019075	140
-114.7873566	46.5	140
-115	46.2504196465	140
-115.186181247	46	140
-115.5	45.6728531718	140
-115.660779119	45.5	140
-116	45.1731103659	140
-116.186762542	45	140
-116.5	44.7197012603	140
-116.769899234	44.5	140
-117	44.3001269102	140
-117.403790936	44	140
-117.5	43.9154787436	140
-118	43.5536788702	140
-118.108140409	43.5	140
-118.5	43.2432315648	140
-119	43.0106388628	140
-119.010697514	43	140
-119.5	42.5595181286	140
-119.575680703	42.5	140
-120	42.1831495464	140
-120.395661086	42	140
-120.5	41.9455792271	140
-121	41.7583786845	140
-121.5	41.7495444417	140
-122	41.8789767101	140
-122.196642131	42	140
-122.5	42.0934788287	140
-122.857323617	42.5	140
-122.916983336	43	140
-122.916956723	43.5	140
-122.823999494	44	140
-122.5	44.4922027588	140
-122.494422287	44.5	140
-122.133799508	45	140
-122	45.1694734842	140
-121.625656694	45.5	140
-121.5	45.6378446966	140
-121	45.9720153511	140
-120.937647849	46	140
-120.565341584	46.5	140
-120.5	46.6112882271	140
-120.228258863	47	140
-120	47.231216222	140
-119.692678884	47.5	140
-119.5	47.6464658231	140
-119	47.9753882289	140
-118.95471248	48	140
-118.5	48.2434600592	140
-118	48.4325079918	140
-117.767888993	48.5	140
-117.5	48.5877599716	140
> 150 contour -Z150
-117	48.5906571448	150
-116.5	48.6865002364	150
-116	48.7278536558	150
-115.5	48.6960683465	150
-115	48.5459598228	150
-114.9143444	48.5	150
-114.5	48.0631585643	150
-114.460954394	48	150
-114.434935346	47.5	150
-114.5	47.3520376086	150
-114.627103955	47	150
-114.922291152	46.5	150
-115	46.408792831	150
-115.303928062	46	150
-115.5	45.7956007868	150
-115.774952635	45.5	150
-116	45.283133477	150
-116.305462524	45	150
-116.5	44.8259192556	150
-116.900386207	44.5	150
-117	44.413472183	150
-117.5	44.031503886	150
-117.549244761	44	150
-118	43.6556135714	150
-118.313496009	43.5	150
-118.5	43.3777921125	150
-119	43.0822331309	150
-119.082686603	43	150
-119.5	42.624324441	150
-119.658085585	42.5	150
-120	42.2446834445	150
-120.5	42.0063356459	150
-120.524064183	42	150
-121	41.8043649942	150
-121.5	41.7904024571	150
-122	41.925271295	150
-122.121421359	42	150
-122.5	42.1166578829	150
-122.836949706	42.5	150
-122.89920941	43	150
-122.896163672	43.5	150
-122.791657746	44	150
-122.5	44.4430709183	150
-122.45927611	44.5	150
-122.063374981	45	150
-122	45.0802721903	150
-121.524630276	45.5	150
-121.5	45.5270192754	150
-121	45.9048092663	150
-120.787906945	46	150
-120.5	46.3627463281	150
-120.362388045	46.5	150
-120	46.9526295066	150
-119.958176792	47	150
-119.5	47.4201736152	150
-119.397640228	47.5	150
-119	47.7940184772	150
-118.620978549	48	150
-118.5	48.0647737756	150
-118	48.2961604297	150
-117.5	48.4524385035	150
-117.307273924	48.5	150
-117	48.5906571448	150
> 160 contour -Z160
-116.5	48.563079983	160
-116	48.6030502319	160
-115.5	48.5544413403	160
-115.329246834	48.5	160
-115	48.3279719055	160
-114.68345958	48	160
-114.599906057	47.5	160
-114.766441882	47	160
-115	46.6009617448	160
-115.050138295	46.5	160
-115.421674892	46	160
-115.5	45.9183483869	160
-115.889126129	45.5	160
-116	45.3931565806	160
-116.4241625	45	160
-116.5	44.9321372434	160
-117	44.5192548633	160
-117.025034368	44.5	160
-117.5	44.1168572307	160
-117.6826635	44	160
-118	43.7575482726	160
-118.5	43.5066455305	160
-118.509315997	43.5	160
-119	43.1538273692	160
-119.154675663	43	160
-119.5	42.6891307235	160
-119.740490466	42.5	160
-120	42.3062173724	160
-120.5	42.0357900262	160
-120.635938495	42	160
-121	41.8503513038	160
-121.5	41.8312604725	160
-122	41.9715658762	160
-122.046200585	42	160
-122.5	42.1398369372	160
-122.816575795	42.5	160
-122.881435484	43	160
-122.875370622	43.5	160
-122.759316027	44	160
-122.5	44.3939390779	160
-122.424129933	44.5	160
-122	44.9958866239	160
-121.994208127	45	160
-121.5	45.4593335986	160
-121.434580266	45.5	160
-121	45.8376031518	160
-120.638166025	46	160
-120.5	46.1740812957	160
-120.173230529	46.5	160
-120	46.7163681984	160
-119.749582723	47	160
-119.5	47.2288812548	160
-119.15234983	47.5	160
-119	47.6126487255	160
-118.5	47.9217772186	160
-118.323856026	48	160
-118	48.1598128825	160
-117.5	48.3414950669	160
-117	48.4678406715	160
-116.808784515	48.5	160
-116.5	48.563079983	160
> 170 contour -Z170
-118	48.0234653056	170
-117.5	48.2305516303	170
-117	48.3662311435	170
-116.5	48.4490388632	170
-116	48.4786570072	170
-115.5	48.3991942704	170
-115	48.095877938	170
-114.907463893	48	170
-114.761933371	47.5	170
-114.905779794	47	170
-115	46.8390230834	170
-115.168361157	46.5	170
-115.5	46.0533122122	170
-115.534011334	46	170
-116	45.5031304359	170
-116.002661556	45.5	170
-116.5	45.0313377976	170
-116.534270287	45	170
-117	44.6006363928	170
-117.130843252	44.5	170
-117.5	44.2022106051	170
-117.816082239	44	170
-118	43.8594829738	170
-118.5	43.5790368915	170
-118.610797614	43.5	170
-119	43.2254216373	170
-119.226664722	43	170
-119.5	42.7539370209	170
-119.822895378	42.5	170
-120	42.3677512854	170
-120.5	42.0652444065	170
-120.747812808	42	170
-121	41.8963376209	170
-121.5	41.8721185029	170
-121.945131809	42	170
-122	42.0045699775	170
-122.5	42.1630159914	170
-122.796201915	42.5	170
-122.863661557	43	170
-122.854577601	43.5	170
-122.726974279	44	170
-122.5	44.3448072374	170
-122.388983756	44.5	170
-122	44.9547942281	170
-121.936347812	45	170
-121.5	45.4055562913	170
-121.348069072	45.5	170
-121	45.7703970373	170
-120.5	45.9961287081	170
-120.492723644	46	170
-120	46.4920844138	170
-119.991135955	46.5	170
-119.540988658	47	170
-119.5	47.0375888795	170
-119	47.4573445022	170
-118.932730854	47.5	170
-118.5	47.7990747988	170
-118.04755177	48	170
-118	48.0234653056	170
> 180 contour -Z180
-117.5	48.1196081936	180
-117	48.2646216452	180
-116.5	48.3448027074	180
-116	48.3562070131	180
-115.5	48.2354424596	180
-115.144935071	48	180
-115	47.7221641093	180
-114.923960693	47.5	180
-115	47.2041361034	180
-115.040979117	47	180
-115.286584035	46.5	180
-115.5	46.2125478089	180
-115.635598093	46	180
-116	45.6114493012	180
-116.094756126	45.5	180
-116.5	45.1181222796	180
-116.629175782	45	180
-117	44.6820179224	180
-117.236652166	44.5	180
-117.5	44.2875639498	180
-117.949500963	44	180
-118	43.9614176787	180
-118.5	43.6514282823	180
-118.71227926	43.5	180
-119	43.2970159054	180
-119.298653811	43	180
-119.5	42.8187433183	180
-119.90530026	42.5	180
-120	42.4292851985	180
-120.5	42.0946988165	180
-120.85968715	42	180
-121	41.9423239343	180
-121.5	41.9129765183	180
-121.802912623	42	180
-122	42.0164154172	180
-122.5	42.1861950457	180
-122.775828004	42.5	180
-122.845887661	43	180
-122.83378455	43.5	180
-122.694632545	44	180
-122.5	44.2956753969	180
-122.353837579	44.5	180
-122	44.9137018323	180
-121.878487498	45	180
-121.5	45.3517789841	180
-121.261557877	45.5	180
-121	45.7031909227	180
-120.5	45.9460470676	180
-120.398591816	46	180
-120	46.3980747163	180
-119.885861695	46.5	180
-119.5	46.9100988805	180
-119.396081179	47	180
-119	47.3447673917	180
-118.755192906	47.5	180
-118.5	47.6763723642	180
-118	47.9216077626	180
-117.782817394	48	180
-117.5	48.1196081936	180
> 190 contour -Z190
-117.5	48.008664757	190
-117	48.163012132	190
-116.5	48.2405665666	190
-116	48.2337570041	190
-115.5	48.0716906413	190
-115.391885117	48	190
-115.089208364	47.5	190
-115.167535722	47	190
-115.404806919	46.5	190
-115.5	46.3717834502	190
-115.737184852	46	190
-116	45.7197681963	190
-116.186850727	45.5	190
-116.5	45.2049067318	190
-116.724081278	45	190
-117	44.7633994669	190
-117.34246105	44.5	190
-117.5	44.3729173243	190
-118	44.0391876101	190
-118.070042342	44	190
-118.5	43.7238196433	190
-118.813760877	43.5	190
-119	43.3686101735	190
-119.370642886	43	190
-119.5	42.8835496083	190
-119.987705154	42.5	190
-120	42.4908191133	190
-120.5	42.1241531968	190
-120.971561464	42	190
-121	41.9883102449	190
-121.5	41.9538345374	190
-121.660693407	42	190
-122	42.0282608867	190
-122.5	42.2093741	190
-122.755454093	42.5	190
-122.828113735	43	190
-122.8129915	43.5	190
-122.662290812	44	190
-122.5	44.2465435416	190
-122.318691432	44.5	190
-122	44.8726094365	190
-121.820627183	45	190
-121.5	45.298001647	190
-121.175046697	45.5	190
-121	45.6359848082	190
-120.5	45.8959654272	190
-120.304459959	46	190
-120	46.3040649891	190
-119.780587465	46.5	190
-119.5	46.7982120216	190
-119.266748548	47	190
-119	47.2321902961	190
-118.577654973	47.5	190
-118.5	47.5536699519	190
-118	47.8269197643	190
-117.520488072	48	190
-117.5	48.008664757	190
> 200 contour -Z200
-117	48.0614026189	200
-116.5	48.1363304108	200
-116	48.1113070101	200
-115.691068441	48	200
-115.5	47.8598705232	200
-115.257303774	47.5	200
-115.294092342	47	200
-115.5	46.5534635484	200
-115.520474225	46.5	200
-115.838771626	46	200
-116	45.8280870765	200
-116.278945312	45.5	200
-116.5	45.2916911989	200
-116.818986773	45	200
-117	44.8447810113	200
-117.448269948	44.5	200
-117.5	44.4582706764	200
-118	44.1022408903	200
-118.182741255	44	200
-118.5	43.7962110341	200
-118.915242501	43.5	200
-119	43.4402044341	200
-119.442631952	43	200
-119.5	42.948355902	200
-120	42.5296725035	200
-120.033732176	42.5	200
-120.5	42.1536075771	200
-121	42.0115160346	200
-121.425830893	42	200
-121.5	41.9946925594	200
-121.518474216	42	200
-122	42.0401063263	200
-122.5	42.2325531542	200
-122.735080197	42.5	200
-122.810339808	43	200
-122.792198449	43.5	200
-122.629949078	44	200
-122.5	44.1974117011	200
-122.283545256	44.5	200
-122	44.8315170109	200
-121.762766868	45	200
-121.5	45.2442243248	200
-121.088535495	45.5	200
-121	45.5687786937	200
-120.5	45.8458837867	200
-120.210328132	46	200
-120	46.2100552619	200
-119.675313205	46.5	200
-119.5	46.6863251776	200
-119.137415916	47	200
-119	47.1196131781	200
-118.5	47.454066664	200
-118.406705916	47.5	200
-118	47.732231766	200
-117.5	47.922031492	200
-117.197975427	48	200
-117	48.0614026189	200
> 210 contour -Z210
-116.5	48.03209427	210
-116.114064187	48	210
-116	47.9854965806	210
-115.5	47.6106182486	210
-115.425399192	47.5	210
-115.420648947	47	210
-115.5	46.8279173523	210
-115.625578076	46.5	210
-115.940358385	46	210
-116	45.9364059567	210
-116.371039897	45.5	210
-116.5	45.378475666	210
-116.913892269	45	210
-117	44.9261625484	210
-117.5	44.5320506692	210
-117.543913394	44.5	210
-118	44.1652941704	210
-118.295440182	44	210
-118.5	43.86860241	210
-119	43.5073464811	210
-119.006497115	43.5	210
-119.5	43.0079829991	210
-119.508003145	43	210
-120	42.5645485222	210
-120.073379785	42.5	210
-120.5	42.1830619574	210
-121	42.0269571841	210
-121.5	42.0099307597	210
-122	42.051951766	210
-122.5	42.2557321936	210
-122.714706287	42.5	210
-122.792565882	43	210
-122.771405399	43.5	210
-122.597607337	44	210
-122.5	44.1482798606	210
-122.248399079	44.5	210
-122	44.7904246151	210
-121.704906538	45	210
-121.5	45.1904470026	210
-121.002024306	45.5	210
-121	45.5015725795	210
-120.5	45.795802176	210
-120.11619629	46	210
-120	46.1160455421	210
-119.570038959	46.5	210
-119.5	46.5744383186	210
-119.008083289	47	210
-119	47.0070360694	210
-118.5	47.3724220395	210
-118.240879491	47.5	210
-118	47.6375437826	210
-117.5	47.8374577463	210
-117	47.9645207524	210
-116.718803063	48	210
-116.5	48.03209427	210
> 220 contour -Z220
-118	47.5428557992	220
-117.5	47.7528840005	220
-117	47.8748587966	220
-116.5	47.9236412644	220
-116	47.8261188269	220
-115.606862813	47.5	220
-115.547141135	47	220
-115.730681926	46.5	220
-116	46.0693879426	220
-116.038018137	46	220
-116.463134483	45.5	220
-116.5	45.4652601257	220
-117	45.0069872737	220
-117.007071048	45	220
-117.5	44.5947599709	220
-117.629832894	44.5	220
-118	44.2283474505	220
-118.408139102	44	220
-118.5	43.9409937821	220
-119	43.5519248843	220
-119.045921534	43.5	220
-119.5	43.0472887158	220
-119.547407985	43	220
-120	42.599424541	220
-120.113027394	42.5	220
-120.5	42.2125163674	220
-121	42.0423983335	220
-121.5	42.0213441253	220
-122	42.0637972355	220
-122.5	42.2789112478	220
-122.694332391	42.5	220
-122.774791956	43	220
-122.750612348	43.5	220
-122.565265596	44	220
-122.5	44.0991480201	220
-122.213252902	44.5	220
-122	44.7493322194	220
-121.647046223	45	220
-121.5	45.1366696954	220
-121	45.4614025354	220
-120.916998088	45.5	220
-120.5	45.7457205206	220
-120.022064449	46	220
-120	46.0220358241	220
-119.5	46.4790035486	220
-119.472596556	46.5	220
-119	46.9301384389	220
-118.895810187	47	220
-118.5	47.290777415	220
-118.075053059	47.5	220
-118	47.5428557992	220
> 230 contour -Z230
-117.5	47.668310225	230
-117	47.7851968706	230
-116.5	47.8133122921	230
-116	47.666741088	230
-115.79899314	47.5	230
-115.673525065	47	230
-115.835785806	46.5	230
-116	46.2374382913	230
-116.130094051	46	230
-116.5	45.5649432838	230
-116.548831493	45.5	230
-117	45.0823622644	230
-117.083349854	45	230
-117.5	44.6574692428	230
-117.715752423	44.5	230
-118	44.2914007604	230
-118.5	44.0093076229	230
-118.510009408	44	230
-119	43.5965032578	230
-119.085345924	43.5	230
-119.5	43.0865944028	230
-119.586812794	43	230
-120	42.6343005598	230
-120.152675003	42.5	230
-120.5	42.2419707477	230
-121	42.057839483	230
-121.5	42.0327574909	230
-122	42.0756426752	230
-122.5	42.3020903021	230
-122.67395848	42.5	230
-122.75701803	43	230
-122.729819313	43.5	230
-122.532923862	44	230
-122.5	44.0500161797	230
-122.178106725	44.5	230
-122	44.7082398236	230
-121.589185908	45	230
-121.5	45.0828923658	230
-121	45.421880275	230
-120.832007438	45.5	230
-120.5	45.6956388801	230
-120	45.9690573812	230
-119.948279321	46	230
-119.5	46.4162714481	230
-119.390721947	46.5	230
-119	46.8556194305	230
-118.784674406	47	230
-118.5	47.2091327757	230
-118	47.4610823691	230
-117.892137945	47.5	230
-117.5	47.668310225	230
> 240 contour -Z240
-117.5	47.5837364793	240
-117	47.6955348998	240
-116.5	47.7029833347	240
-116	47.5073633413	240
-115.991123471	47.5	240
-115.799908981	47	240
-115.94088966	46.5	240
-116	46.4054886103	240
-116.222169995	46	240
-116.5	45.6732363701	240
-116.630258113	45.5	240
-117	45.1577372849	240
-117.159628659	45	240
-117.5	44.7201785445	240
-117.801671922	44.5	240
-118	44.3544540405	240
-118.5	44.0596464276	240
-118.564143628	44	240
-119	43.6410816312	240
-119.124770343	43.5	240
-119.5	43.1259001195	240
-119.626217633	43	240
-120	42.6691765785	240
-120.192322642	42.5	240
-120.5	42.271425128	240
-121	42.0732806325	240
-121.5	42.0441708267	240
-122	42.0874881148	240
-122.5	42.3252693564	240
-122.653584585	42.5	240
-122.739244118	43	240
-122.709026262	43.5	240
-122.500582128	44	240
-122.5	44.0008843372	240
-122.142960548	44.5	240
-122	44.6671474278	240
-121.531325586	45	240
-121.5	45.0291150492	240
-121	45.3823580444	240
-120.747016788	45.5	240
-120.5	45.6455572546	240
-120	45.9286412597	240
-119.880723625	46	240
-119.5	46.3535393476	240
-119.308847308	46.5	240
-119	46.7811004519	240
-118.67353861	47	240
-118.5	47.1274881363	240
-118	47.3899869323	240
-117.695093617	47.5	240
-117.5	47.5837364793	240
> 250 contour -Z250
-117	47.6058729589	250
-116.5	47.5926543772	250
-116.2658896	47.5	250
-116	47.1897203177	250
-115.926292889	47	250
-116	46.7143418789	250
-116.04446438	46.5	250
-116.314245924	46	250
-116.5	45.7815294415	250
-116.711684734	45.5	250
-117	45.2331122756	250
-117.235907465	45	250
-117.5	44.7828878313	250
-117.887591437	44.5	250
-118	44.4175073355	250
-118.5	44.1099852026	250
-118.618277878	44	250
-119	43.6856600046	250
-119.164194733	43.5	250
-119.5	43.1652058065	250
-119.665622473	43	250
-120	42.7040525973	250
-120.231970251	42.5	250
-120.5	42.3008795083	250
-121	42.088721782	250
-121.5	42.0555841923	250
-122	42.0993335843	250
-122.5	42.3484484106	250
-122.633210674	42.5	250
-122.721470192	43	250
-122.688233227	43.5	250
-122.5	43.9510697722	250
-122.483074963	44	250
-122.107814379	44.5	250
-122	44.6260550171	250
-121.5	44.9882557988	250
-121.47489354	45	250
-121	45.342835784	250
-120.662026137	45.5	250
-120.5	45.5954756141	250
-120	45.888225168	250
-119.81316793	46	250
-119.5	46.2908072174	250
-119.226972699	46.5	250
-119	46.7065814435	250
-118.562402811	47	250
-118.5	47.0458435081	250
-118	47.3188914955	250
-117.5	47.4992180467	250
-117.495842814	47.5	250
-117	47.6058729589	250
> 260 contour -Z260
-117	47.5162110031	260
-116.734895617	47.5	260
-116.5	47.4743312001	260
-116.061709762	47	260
-116.146073848	46.5	260
-116.406321846	46	260
-116.5	45.8898225054	260
-116.793111339	45.5	260
-117	45.3084872812	260
-117.312186271	45	260
-117.5	44.845597133	260
-117.973510947	44.5	260
-118	44.4805606212	260
-118.5	44.1603239775	260
-118.672412097	44	260
-119	43.730238378	260
-119.203619152	43.5	260
-119.5	43.2045115232	260
-119.705027282	43	260
-120	42.738928616	260
-120.27161786	42.5	260
-120.5	42.3303339034	260
-121	42.1041629612	260
-121.5	42.0669975579	260
-122	42.111179024	260
-122.5	42.3716274649	260
-122.612836778	42.5	260
-122.703696266	43	260
-122.667440176	43.5	260
-122.5	43.9012426734	260
-122.465839714	44	260
-122.07266821	44.5	260
-122	44.5849626213	260
-121.5	44.9626469314	260
-121.420147598	45	260
-121	45.3033135235	260
-120.577035487	45.5	260
-120.5	45.5453939736	260
-120	45.8478090465	260
-119.745612219	46	260
-119.5	46.228075102	260
-119.145098075	46.5	260
-119	46.6320624501	260
-118.5	46.9722120464	260
-118.44412455	47	260
-118	47.2477960587	260
-117.5	47.4202316105	260
-117.075922228	47.5	260
-117	47.5162110031	260
> 270 contour -Z270
-118	47.1767006218	270
-117.5	47.3412451446	270
-117	47.4153999984	270
-116.5	47.3141003847	270
-116.209765792	47	270
-116.247683346	46.5	270
-116.498397775	46	270
-116.5	45.9981155789	270
-116.87453796	45.5	270
-117	45.3838622794	270
-117.388465069	45	270
-117.5	44.9083064198	270
-118	44.5395320058	270
-118.05370754	44.5	270
-118.5	44.2106627524	270
-118.726546317	44	270
-119	43.7748167515	270
-119.243043542	43.5	270
-119.5	43.2438172102	270
-119.744432122	43	270
-120	42.7738046348	270
-120.311265469	42.5	270
-120.5	42.3597882837	270
-121	42.1196041107	270
-121.5	42.0784109235	270
-122	42.1230244637	270
-122.5	42.3948065117	270
-122.592462875	42.5	270
-122.68592234	43	270
-122.646647125	43.5	270
-122.5	43.8514155746	270
-122.448604465	44	270
-122.037522037	44.5	270
-122	44.5438702255	270
-121.5	44.9370380938	270
-121.365401655	45	270
-121	45.2637912631	270
-120.5	45.4968700111	270
-120.493921489	45.5	270
-120	45.807392925	270
-119.678056523	46	270
-119.5	46.1653430015	270
-119.063223459	46.5	270
-119	46.5575434566	270
-118.5	46.9088414907	270
-118.31670028	47	270
-118	47.1767006218	270
> 280 contour -Z280
-118	47.105605185	280
-117.5	47.2622587085	280
-117	47.3121283054	280
-116.5	47.1538695842	280
-116.357821837	47	280
-116.349292815	46.5	280
-116.5	46.1992455423	280
-116.585531175	46	280
-116.955964573	45.5	280
-117	45.4592372775	280
-117.464743868	45	280
-117.5	44.9710157067	280
-118	44.5966840088	280
-118.131353319	44.5	280
-118.5	44.2610015422	280
-118.780680552	44	280
-119	43.8193951249	280
-119.282467961	43.5	280
-119.5	43.283122927	280
-119.783836946	43	280
-120	42.8086806387	280
-120.350913092	42.5	280
-120.5	42.3892426789	280
-121	42.1350452602	280
-121.5	42.0898242891	280
-122	42.1348699331	280
-122.5	42.417985566	280
-122.572088972	42.5	280
-122.668148428	43	280
-122.62585409	43.5	280
-122.5	43.8015884757	280
-122.431369185	44	280
-122.002375863	44.5	280
-122	44.5027778251	280
-121.5	44.9114292264	280
-121.310655743	45	280
-121	45.2242690176	280
-120.5	45.4634301066	280
-120.428980529	45.5	280
-120	45.7669768035	280
-119.61050082	46	280
-119.5	46.1026108861	280
-119	46.48687765	280
-118.979944944	46.5	280
-118.5	46.8454709053	280
-118.18927604	47	280
-118	47.105605185	280
> 290 contour -Z290
-118	47.0345097482	290
-117.5	47.1832722723	290
-117	47.2088566273	290
-116.50962618	47	290
-116.5	46.962038368	290
-116.450902294	46.5	290
-116.5	46.4020195752	290
-116.672577053	46	290
-117	45.5543986857	290
-117.036303341	45.5	290
-117.5	45.0419951975	290
-117.54077509	45	290
-118	44.6538360119	290
-118.208999127	44.5	290
-118.5	44.311340332	290
-118.834814772	44	290
-119	43.8639735132	290
-119.321892366	43.5	290
-119.5	43.3224286288	290
-119.823241785	43	290
-120	42.8435566574	290
-120.390560701	42.5	290
-120.5	42.4186970666	290
-121	42.1504864097	290
-121.5	42.1012376547	290
-122	42.1467153728	290
-122.5	42.4411646202	290
-122.551715069	42.5	290
-122.650374502	43	290
-122.605061039	43.5	290
-122.5	43.7517613769	290
-122.414133936	44	290
-122	44.4813226163	290
-121.970859379	44.5	290
-121.5	44.8858203888	290
-121.255909801	45	290
-121	45.1847467571	290
-120.5	45.429990232	290
-120.36403957	45.5	290
-120	45.7265606672	290
-119.54294512	46	290
-119.5	46.0398787707	290
-119	46.4292733073	290
-118.891907483	46.5	290
-118.5	46.7821003497	290
-118.061851781	47	290
-118	47.0345097482	290
> 300 contour -Z300
-117.5	47.1042858362	300
-117	47.1055849567	300
-116.752097428	47	300
-116.559261978	46.5	300
-116.759622917	46	300
-117	45.6728624403	300
-117.115360945	45.5	300
-117.5	45.1200823784	300
-117.61659357	45	300
-118	44.7109880149	300
-118.286644921	44.5	300
-118.5	44.361679107	300
-118.888949007	44	300
-119	43.9085518867	300
-119.36131677	43.5	300
-119.5	43.3617343307	300
-119.86264661	43	300
-120	42.8784326836	300
-120.430208318	42.5	300
-120.5	42.4481514506	300
-121	42.1659275591	300
-121.5	42.1126510203	300
-122	42.1585608423	300
-122.5	42.4643436745	300
-122.531341165	42.5	300
-122.632600576	43	300
-122.584267996	43.5	300
-122.5	43.7019342929	300
-122.396898687	44	300
-122	44.4612911344	300
-121.939606071	44.5	300
-121.5	44.8602115214	300
-121.201163888	45	300
-121	45.1452245116	300
-120.5	45.3965503275	300
-120.299098611	45.5	300
-120	45.6861445457	300
-119.5	45.9840478003	300
-119.473277658	46	300
-119	46.3716689646	300
-118.803870022	46.5	300
-118.5	46.7187297791	300
-118	46.9621918201	300
-117.85977447	47	300
-117.5	47.1042858362	300
> 310 contour -Z310
-117.5	47.0252993703	310
-117	47.0023132756	310
-116.994568668	47	310
-116.673932999	46.5	310
-116.84666878	46	310
-117	45.7913262099	310
-117.19441855	45.5	310
-117.5	45.1981695592	310
-117.692412049	45	310
-118	44.768140018	310
-118.364290714	44.5	310
-118.5	44.4120178893	310
-118.943083234	44	310
-119	43.9531302601	310
-119.400741167	43.5	310
-119.5	43.4010400251	310
-119.902051434	43	310
-120	42.9133087024	310
-120.469855931	42.5	310
-120.5	42.4776058383	310
-121	42.1813687086	310
-121.5	42.1240643859	310
-122	42.1704062819	310
-122.5	42.4875227259	310
-122.510967263	42.5	310
-122.614826657	43	310
-122.563474946	43.5	310
-122.5	43.652107209	310
-122.379663438	44	310
-122	44.4412596524	310
-121.908352733	44.5	310
-121.5	44.8346026838	310
-121.146417961	45	310
-121	45.1057022512	310
-120.5	45.3631104231	310
-120.234157667	45.5	310
-120	45.6457284391	310
-119.5	45.9402592182	310
-119.399925143	46	310
-119	46.3140646219	310
-118.715832561	46.5	310
-118.5	46.6553592235	310
-118	46.888720721	310
-117.587280042	47	310
-117.5	47.0252993703	310
> 320 contour -Z320
-118.5	46.5919886529	320
-118	46.8152496517	320
-117.5	46.9302356839	320
-117	46.826734215	320
-116.788604006	46.5	320
-116.933714658	46	320
-117	45.9097899646	320
-117.273476139	45.5	320
-117.5	45.2762567103	320
-117.768230513	45	320
-118	44.8252920359	320
-118.4419365	44.5	320
-118.5	44.4623566754	320
-118.99721746	44	320
-119	43.9977086377	320
-119.440165572	43.5	320
-119.5	43.4403457306	320
-119.941456266	43	320
-120	42.9481847174	320
-120.5	42.5043697953	320
-120.506030232	42.5	320
-121	42.1968098581	320
-121.5	42.1354777515	320
-122	42.1822517216	320
-122.491539657	42.5	320
-122.5	42.5389811397	320
-122.597052731	43	320
-122.542681903	43.5	320
-122.5	43.6022801101	320
-122.362428159	44	320
-122	44.4212281704	320
-121.877099425	44.5	320
-121.5	44.8089938164	320
-121.091672033	45	320
-121	45.0661799982	320
-120.5	45.3296705484	320
-120.169216707	45.5	320
-120	45.6053123102	320
-119.5	45.8964706063	320
-119.326572657	46	320
-119	46.2564602792	320
-118.6277951	46.5	320
-118.5	46.5919886529	320
> 330 contour -Z330
-118.5	46.5286180973	330
-118	46.7417785674	330
-117.5	46.8275957406	330
-117	46.6494983882	330
-116.903275028	46.5	330
-117	46.1102129519	330
-117.02300933	46	330
-117.352533743	45.5	330
-117.5	45.3543438911	330
-117.844048992	45	330
-118	44.882444039	330
-118.5	44.5148482323	330
-118.51200828	44.5	330
-119	44.0423576236	330
-119.032486945	44	330
-119.479589978	43.5	330
-119.5	43.4796514306	330
-119.980861096	43	330
-120	42.9830607362	330
-120.5	42.5226000845	330
-120.531187594	42.5	330
-121	42.2122510374	330
-121.5	42.1468910873	330
-122	42.1940971911	330
-122.473215401	42.5	330
-122.5	42.6234106421	330
-122.579278812	43	330
-122.521888856	43.5	330
-122.5	43.5524530187	330
-122.345192909	44	330
-122	44.4011966884	330
-121.845846117	44.5	330
-121.5	44.7833849788	330
-121.036926102	45	330
-121	45.0266577415	330
-120.5	45.296230644	330
-120.104275741	45.5	330
-120	45.5648961887	330
-119.5	45.8526820242	330
-119.253220141	46	330
-119	46.1988559365	330
-118.539757639	46.5	330
-118.5	46.5286180973	330
> 340 contour -Z340
-118	46.6683074832	340
-117.5	46.724955827	340
-117.033323467	46.5	340
-117.119484156	46	340
-117.431591339	45.5	340
-117.5	45.4324310571	340
-117.919867456	45	340
-118	44.939596042	340
-118.5	44.5737230182	340
-118.559622318	44.5	340
-119	44.0870104432	340
-119.066734225	44	340
-119.5	43.5183615685	340
-119.513970643	43.5	340
-120	43.0148700178	340
-120.010005265	43	340
-120.5	42.540830344	340
-120.556344956	42.5	340
-121	42.2276921868	340
-121.5	42.1583044529	340
-122	42.2059426308	340
-122.454891115	42.5	340
-122.5	42.7078401446	340
-122.561504889	43	340
-122.50109581	43.5	340
-122.5	43.5026259278	340
-122.32795766	44	340
-122	44.3811652064	340
-121.814592779	44.5	340
-121.5	44.7577761114	340
-121	44.9926843047	340
-120.980113864	45	340
-120.5	45.2627907395	340
-120.039334781	45.5	340
-120	45.5244800709	340
-119.5	45.8088934422	340
-119.17986764	46	340
-119	46.1412515938	340
-118.5	46.460084945	340
-118.403423339	46.5	340
-118	46.6683074832	340
> 350 contour -Z350
-118	46.5948363841	350
-117.5	46.6223159134	350
-117.246252567	46.5	350
-117.215958983	46	350
-117.5	45.5218744576	350
-117.512149006	45.5	350
-117.995685927	45	350
-118	44.9967480495	350
-118.5	44.6325978041	350
-118.607236385	44.5	350
-119	44.1316632628	350
-119.100981504	44	350
-119.5	43.5564324558	350
-119.542937338	43.5	350
-120	43.0437831283	350
-120.029459387	43	350
-120.5	42.5590606332	350
-120.581502318	42.5	350
-121	42.2431333363	350
-121.5	42.1697178185	350
-122	42.2177880704	350
-122.43656683	42.5	350
-122.5	42.7922696322	350
-122.543730967	43	350
-122.5	43.3610060513	350
-122.489008248	43.5	350
-122.310722411	44	350
-122	44.3611336946	350
-121.783339471	44.5	350
-121.5	44.7321672738	350
-121	44.9702090621	350
-120.919019789	45	350
-120.5	45.22935085	350
-120	45.4865319431	350
-119.969427049	45.5	350
-119.5	45.7651048303	350
-119.106515139	46	350
-119	46.0836472437	350
-118.5	46.3873005211	350
-118.227317378	46.5	350
-118	46.5948363841	350
> 360 contour -Z360
-118	46.5213653147	360
-117.5	46.5196759924	360
-117.459181659	46.5	360
-117.312433794	46	360
-117.5	45.6842702925	360
-117.602343142	45.5	360
-118	45.0881072581	360
-118.076259404	45	360
-118.5	44.6914726198	360
-118.654850423	44.5	360
-119	44.1763161123	360
-119.135228813	44	360
-119.5	43.5945033431	360
-119.571904033	43.5	360
-120	43.072696209	360
-120.048913509	43	360
-120.5	42.5772909224	360
-120.606659681	42.5	360
-121	42.2585744858	360
-121.5	42.1811311841	360
-122	42.2296335399	360
-122.418242544	42.5	360
-122.5	42.8766991273	360
-122.525957044	43	360
-122.5	43.2142795026	360
-122.477405012	43.5	360
-122.293487161	44	360
-122	44.3411022127	360
-121.752086133	44.5	360
-121.5	44.7065584213	360
-121	44.9477338195	360
-120.857925713	45	360
-120.5	45.1959109604	360
-120	45.452374965	360
-119.891889602	45.5	360
-119.5	45.7213162482	360
-119.033162639	46	360
-119	46.026042901	360
-118.5	46.3145160973	360
-118.051211428	46.5	360
-118	46.5213653147	360
> 370 contour -Z370
-118.5	46.2417316735	370
-118	46.4177032113	370
-117.5	46.2693862915	370
-117.408908613	46	370
-117.5	45.8466660976	370
-117.692537308	45.5	370
-118	45.1815302968	370
-118.157119781	45	370
-118.5	44.7503473908	370
-118.702464491	44.5	370
-119	44.2209689319	370
-119.169476092	44	370
-119.5	43.6325742006	370
-119.600870728	43.5	370
-120	43.1016093194	370
-120.0683676	43	370
-120.5	42.5955211818	370
-120.631817043	42.5	370
-121	42.2740156353	370
-121.5	42.1925445497	370
-122	42.2414789796	370
-122.399918258	42.5	370
-122.5	42.961128626	370
-122.508183121	43	370
-122.5	43.0675529614	370
-122.465801775	43.5	370
-122.276251882	44	370
-122	44.3210707307	370
-121.720832825	44.5	370
-121.5	44.6809495687	370
-121	44.9252585471	370
-120.796831638	45	370
-120.5	45.1624710709	370
-120	45.4182179868	370
-119.814352185	45.5	370
-119.5	45.6775276661	370
-119	45.9648439288	370
-118.929195374	46	370
-118.5	46.2417316735	370
> 380 contour -Z380
-118.5	46.1689472497	380
-118	46.3016616404	380
-117.510507137	46	380
-117.782731429	45.5	380
-118	45.2749533355	380
-118.237980127	45	380
-118.5	44.8092221767	380
-118.750078544	44.5	380
-119	44.2656217366	380
-119.203723371	44	380
-119.5	43.670645088	380
-119.629837424	43.5	380
-120	43.1305224001	380
-120.087821722	43	380
-120.5	42.613751471	380
-120.656974375	42.5	380
-121	42.2894567996	380
-121.5	42.2039579153	380
-122	42.2533244342	380
-122.381593972	42.5	380
-122.49424538	43	380
-122.454198509	43.5	380
-122.259016633	44	380
-122	44.3010392487	380
-121.689579502	44.5	380
-121.5	44.6553407162	380
-121	44.9027833045	380
-120.735737577	45	380
-120.5	45.1290311664	380
-120	45.3840610087	380
-119.736814752	45.5	380
-119.5	45.6337390691	380
-119	45.9006788433	380
-118.799966395	46	380
-118.5	46.1689472497	380
> 390 contour -Z390
-118.5	46.0961628258	390
-118	46.1856200993	390
-117.69880259	46	390
-117.87292558	45.5	390
-118	45.3683763742	390
-118.318840504	45	390
-118.5	44.8680969775	390
-118.797692597	44.5	390
-119	44.3102745712	390
-119.23797065	44	390
-119.5	43.7087159753	390
-119.658804148	43.5	390
-120	43.1594355106	390
-120.107275844	43	390
-120.5	42.6319817305	390
-120.682131737	42.5	390
-121	42.3048979491	390
-121.5	42.2153712809	390
-122	42.2651698738	390
-122.363269717	42.5	390
-122.483580798	43	390
-122.442595273	43.5	390
-122.241781384	44	390
-122	44.2810077667	390
-121.658326179	44.5	390
-121.5	44.6297318637	390
-121	44.8803080618	390
-120.674643502	45	390
-120.5	45.0955912769	390
-120	45.3499040306	390
-119.65927732	45.5	390
-119.5	45.589950487	390
-119	45.8365137875	390
-118.670737416	46	390
-118.5	46.0961628258	390
> 400 contour -Z400
-118.5	46.023378402	400
-118	46.0695785433	400
-117.887098014	46	400
-117.963119712	45.5	400
-118	45.4617994204	400
-118.399700873	45	400
-118.5	44.9269717634	400
-118.845306635	44.5	400
-119	44.3549273908	400
-119.272217929	44	400
-119.5	43.7467868328	400
-119.687770844	43.5	400
-120	43.1883486211	400
-120.126729965	43	400
-120.5	42.6502120197	400
-120.7072891	42.5	400
-121	42.3203390986	400
-121.5	42.2267846465	400
-122	42.2770153284	400
-122.344945431	42.5	400
-122.472916186	43	400
-122.430992037	43.5	400
-122.22454612	44	400
-122	44.2609762549	400
-121.627072871	44.5	400
-121.5	44.6041230187	400
-121	44.8578328192	400
-120.613549426	45	400
-120.5	45.0621513836	400
-120	45.3157470524	400
-119.581739895	45.5	400
-119.5	45.5461618975	400
-119	45.772348702	400
-118.541508425	46	400
-118.5	46.023378402	400
> 410 contour -Z410
-119.5	45.5023733079	410
-119	45.7081836313	410
-118.5	45.9001089633	410
-118.089290172	45.5	410
-118.480561236	45	410
-118.5	44.9858465493	410
-118.892920695	44.5	410
-119	44.3995802104	410
-119.306465223	44	410
-119.5	43.7848577201	410
-119.716737539	43.5	410
-120	43.2172617018	410
-120.146184087	43	410
-120.5	42.6684422791	410
-120.732446462	42.5	410
-121	42.3357802629	410
-121.5	42.2381979823	410
-122	42.288860783	410
-122.326621145	42.5	410
-122.462251604	43	410
-122.419388801	43.5	410
-122.20731087	44	410
-122	44.2409447879	410
-121.595819548	44.5	410
-121.5	44.5785141662	410
-121	44.8353575766	410
-120.552455358	45	410
-120.5	45.0287114885	410
-120	45.2815901041	410
-119.504202468	45.5	410
-119.5	45.5023733079	410
> 420 contour -Z420
-119	45.6440185606	420
-118.5	45.7529505193	420
-118.240347564	45.5	420
-118.5	45.1532379985	420
-118.55847311	45	420
-118.940534744	44.5	420
-119	44.4442330301	420
-119.340712503	44	420
-119.5	43.8229285926	420
-119.745704234	43.5	420
-120	43.2461748123	420
-120.165638179	43	420
-120.5	42.6866725683	420
-120.757603824	42.5	420
-121	42.3512214124	420
-121.5	42.2496113479	420
-122	42.3007062227	420
-122.308296859	42.5	420
-122.451586992	43	420
-122.407785535	43.5	420
-122.190075606	44	420
-122	44.220913291	420
-121.564566225	44.5	420
-121.5	44.5529053174	420
-121	44.812882334	420
-120.5	44.9964378476	420
-120.490427047	45	420
-120	45.247433126	420
-119.5	45.451951772	420
-119.351769388	45.5	420
-119	45.6440185606	420
> 430 contour -Z430
-119	45.5798534751	430
-118.5	45.6057921201	430
-118.391404927	45.5	430
-118.5	45.3549728841	430
-118.635451853	45	430
-118.988148797	44.5	430
-119	44.4888858516	430
-119.374959782	44	430
-119.5	43.860999465	430
-119.774670929	43.5	430
-120	43.2750879079	430
-120.1850923	43	430
-120.5	42.7049028575	430
-120.782761186	42.5	430
-121	42.3666625619	430
-121.5	42.2610247135	430
-122	42.3125516772	430
-122.289972574	42.5	430
-122.440922409	43	430
-122.396182299	43.5	430
-122.172840357	44	430
-122	44.200881809	430
-121.533312902	44.5	430
-121.5	44.5272964649	430
-121	44.7904070914	430
-120.5	44.9712457359	430
-120.422725916	45	430
-120	45.2132761478	430
-119.5	45.4011501074	430
-119.195044369	45.5	430
-119	45.5798534751	430
> 440 contour -Z440
-119	45.5156884193	440
-118.767408505	45.5	440
-118.712430567	45	440
-119	44.5837009549	440
-119.036385864	44.5	440
-119.409207076	44	440
-119.5	43.8990703523	440
-119.803637639	43.5	440
-120	43.3040010035	440
-120.204546422	43	440
-120.5	42.723133117	440
-120.807918549	42.5	440
-121	42.3821037188	440
-121.5	42.2724380791	440
-122	42.3243971318	440
-122.271648288	42.5	440
-122.430257797	43	440
-122.384579062	43.5	440
-122.155605093	44	440
-122	44.1808503121	440
-121.502059583	44.5	440
-121.5	44.5016876145	440
-121	44.7679318488	440
-120.5	44.946053654	440
-120.355024785	45	440
-120	45.1791191697	440
-119.5	45.3503484428	440
-119.038319375	45.5	440
-119	45.5156884193	440
> 450 contour -Z450
-120	45.1449621916	450
-119.5	45.299546808	450
-119	45.3917994499	450
-118.78940931	45	450
-119	44.6951389909	450
-119.08482936	44.5	450
-119.443454355	44	450
-119.5	43.9371412247	450
-119.832604334	43.5	450
-120	43.3329140991	450
-120.224000543	43	450
-120.5	42.7413634062	450
-120.833075911	42.5	450
-121	42.3975448683	450
-121.5	42.2838514447	450
-122	42.3362425864	450
-122.253324002	42.5	450
-122.419593215	43	450
-122.372975826	43.5	450
-122.138369843	44	450
-122	44.1608188301	450
-121.5	44.4852395058	450
-121.460604101	44.5	450
-121	44.7454565912	450
-120.5	44.9208615422	450
-120.287323654	45	450
-120	45.1449621916	450
> 460 contour -Z460
-120	45.1108052135	460
-119.5	45.2487451583	460
-119	45.2485821694	460
-118.866388053	45	460
-119	44.8065770417	460
-119.133272856	44.5	460
-119.47770164	44	460
-119.5	43.9752121046	460
-119.861571029	43.5	460
-120	43.3618271947	460
-120.243454665	43	460
-120.5	42.7595936805	460
-120.858233273	42.5	460
-121	42.4129860252	460
-121.5	42.2952648103	460
-122	42.348088026	460
-122.234999731	42.5	460
-122.408928633	43	460
-122.36137256	43.5	460
-122.121134587	44	460
-122	44.1407873482	460
-121.5	44.4694376588	460
-121.418428868	44.5	460
-121	44.7229813486	460
-120.5	44.8956694603	460
-120.219622508	45	460
-120	45.1108052135	460
> 470 contour -Z470
-120	45.0766482651	470
-119.5	45.1979434937	470
-119	45.1053648815	470
-118.943366785	45	470
-119	44.9180150926	470
-119.181716353	44.5	470
-119.5	44.0252129138	470
-119.512060195	44	470
-119.890537731	43.5	470
-120	43.3907402903	470
-120.262908772	43	470
-120.5	42.7778239548	470
-120.883390628	42.5	470
-121	42.4284271821	470
-121.5	42.306678161	470
-122	42.3599334806	470
-122.21667546	42.5	470
-122.398264021	43	470
-122.349769324	43.5	470
-122.10389933	44	470
-122	44.1207558587	470
-121.5	44.4536358416	470
-121.376253635	44.5	470
-121	44.700506106	470
-120.5	44.8704773784	470
-120.151921362	45	470
-120	45.0766482651	470
> 480 contour -Z480
-120	45.042491287	480
-119.5	45.147141844	480
-119.041810453	45	480
-119.230159879	44.5	480
-119.5	44.0974766016	480
-119.546626389	44	480
-119.919504434	43.5	480
-120	43.4196533859	480
-120.282362893	43	480
-120.5	42.7960542291	480
-120.90854799	42.5	480
-121	42.4438683316	480
-121.5	42.3180915266	480
-122	42.3717789352	480
-122.198351175	42.5	480
-122.387599438	43	480
-122.338166088	43.5	480
-122.086664073	44	480
-122	44.1007243693	480
-121.5	44.4378339946	480
-121.334078372	44.5	480
-121	44.6780308634	480
-120.5	44.8452852666	480
-120.084220231	45	480
-120	45.042491287	480
> 490 contour -Z490
-120	45.0083343089	490
-119.5	45.0963401943	490
-119.200003296	45	490
-119.278603375	44.5	490
-119.5	44.1697402894	490
-119.581192553	44	490
-119.948471133	43.5	490
-120	43.4485664852	490
-120.301817015	43	490
-120.5	42.8142845035	490
-120.933705352	42.5	490
-121	42.4593094885	490
-121.5	42.3295048922	490
-122	42.3836243823	490
-122.180026889	42.5	490
-122.376934826	43	490
-122.326562852	43.5	490
-122.069428816	44	490
-122	44.0806928799	490
-121.5	44.4220321774	490
-121.291903138	44.5	490
-121	44.6555556208	490
-120.5	44.8200931847	490
-120.016519094	45	490
-120	45.0083343089	490
> 500 contour -Z500
-119.5	45.0455385447	500
-119.35819611	45	500
-119.327046871	44.5	500
-119.5	44.2420039773	500
-119.615758747	44	500
-119.977437833	43.5	500
-120	43.4774795845	500
-120.321271122	43	500
-120.5	42.8325147778	500
-120.958862711	42.5	500
-121	42.4747506417	500
-121.5	42.3409182578	500
-122	42.3954698294	500
-122.161702603	42.5	500
-122.366270244	43	500
-122.314959586	43.5	500
-122.05219356	44	500
-122	44.0606613941	500
-121.5	44.4062303305	500
-121.249727905	44.5	500
-121	44.6330803633	500
-120.5	44.7949011028	500
-120	44.9679536223	500
-119.771241724	45	500
-119.5	45.0455385447	500
> 510 contour -Z510
-121	44.6106051207	510
-120.5	44.7697089911	510
-120	44.9255641997	510
-119.5	44.9806266427	510
-119.375490375	44.5	510
-119.5	44.3142676651	510
-119.650324941	44	510
-120	43.5106943846	510
-120.004187167	43.5	510
-120.340725243	43	510
-120.5	42.850745067	510
-120.984020071	42.5	510
-121	42.4901917949	510
-121.5	42.3523316234	510
-122	42.407315284	510
-122.143378332	42.5	510
-122.355605632	43	510
-122.303356349	43.5	510
-122.034958303	44	510
-122	44.0406299047	510
-121.5	44.3904285133	510
-121.207552671	44.5	510
-121	44.6106051207	510
> 520 contour -Z520
-121	44.588129878	520
-120.5	44.7445169091	520
-120	44.883174777	520
-119.5	44.7936271429	520
-119.423933879	44.5	520
-119.5	44.3865313604	520
-119.684891135	44	520
-120	43.559063375	520
-120.023125142	43.5	520
-120.36017935	43	520
-120.5	42.8689753413	520
-121	42.5047794282	520
-121.014825702	42.5	520
-121.5	42.3637449741	520
-122	42.4191607311	520
-122.125054047	42.5	520
-122.34494105	43	520
-122.291753113	43.5	520
-122.017723048	44	520
-122	44.020598419	520
-121.5	44.3746266663	520
-121.165377438	44.5	520
-121	44.588129878	520
> 530 contour -Z530
-121	44.5656546354	530
-120.5	44.7193248123	530
-120	44.8407853842	530
-119.5	44.6066276208	530
-119.472377386	44.5	530
-119.5	44.458795052	530
-119.719457328	44	530
-120	43.6074323654	530
-120.042063087	43.5	530
-120.379633471	43	530
-120.5	42.8872056156	530
-121	42.5178808868	530
-121.055466175	42.5	530
-121.5	42.3751583397	530
-122	42.4310061783	530
-122.106729768	42.5	530
-122.334276438	43	530
-122.280149847	43.5	530
-122.000487792	44	530
-122	44.0005669312	530
-121.5	44.3588248491	530
-121.123202197	44.5	530
-121	44.5656546354	530
> 540 contour -Z540
-121	44.5431793928	540
-120.5	44.6941327155	540
-120	44.7983959615	540
-119.528771341	44.5	540
-119.754023507	44	540
-120	43.6558013558	540
-120.061001062	43.5	540
-120.399087593	43	540
-120.5	42.90543589	540
-121	42.5309823453	540
-121.096106648	42.5	540
-121.5	42.3865717053	540
-122	42.4428516328	540
-122.088405482	42.5	540
-122.323611856	43	540
-122.268546611	43.5	540
-122	43.9798534811	540
-121.978577614	44	540
-121.5	44.3430230021	540
-121.081026964	44.5	540
-121	44.5431793928	540
> 550 contour -Z550
-121	44.5207041502	550
-120.5	44.6689406335	550
-120	44.7560065389	550
-119.59571293	44.5	550
-119.788589701	44	550
-120	43.7041703463	550
-120.079939008	43.5	550
-120.418541707	43	550
-120.5	42.9236661717	550
-121	42.5440837741	550
-121.136747152	42.5	550
-121.5	42.3979850635	550
-122	42.45469708	550
-122.070081204	42.5	550
-122.312947243	43	550
-122.256943375	43.5	550
-122	43.9591201842	550
-121.956531256	44	550
-121.5	44.327221185	550
-121.038851723	44.5	550
-121	44.5207041502	550
> 560 contour -Z560
-120.5	44.6437485218	560
-120	44.7136171311	560
-119.662654549	44.5	560
-119.82315588	44	560
-120	43.7525393367	560
-120.098876983	43.5	560
-120.437995821	43	560
-120.5	42.941896446	560
-121	42.5571852326	560
-121.177387625	42.5	560
-121.5	42.4093984291	560
-122	42.4665425308	560
-122.051756922	42.5	560
-122.302282661	43	560
-122.245340124	43.5	560
-122	43.9383868873	560
-121.934484929	44	560
-121.5	44.311419338	560
-121	44.4986187518	560
-120.993188947	44.5	560
-120.5	44.6437485218	560
> 570 contour -Z570
-120.5	44.6185564399	570
-120	44.6712277234	570
-119.729596168	44.5	570
-119.857722074	44	570
-120	43.800908342	570
-120.117814928	43.5	570
-120.457449939	43	570
-120.5	42.9601267204	570
-121	42.5702866912	570
-121.218028098	42.5	570
-121.5	42.4208117872	570
-122	42.4783879817	570
-122.033432644	42.5	570
-122.291618049	43	570
-122.233736888	43.5	570
-122	43.9176535904	570
-121.912438571	44	570
-121.5	44.2956175208	570
-121	44.4810906351	570
-120.906757027	44.5	570
-120.5	44.6185564399	570
> 580 contour -Z580
-120.5	44.5933643579	580
-120	44.6288383007	580
-119.796537787	44.5	580
-119.89228826	44	580
-120	43.8492773324	580
-120.136752874	43.5	580
-120.476904055	43	580
-120.5	42.9783569984	580
-121	42.5833881497	580
-121.258668602	42.5	580
-121.5	42.4322251529	580
-122	42.4902334325	580
-122.015108361	42.5	580
-122.280953467	43	580
-122.222133636	43.5	580
-122	43.8969202936	580
-121.890392244	44	580
-121.5	44.2798156738	580
-121	44.4635625184	580
-120.820325106	44.5	580
-120.5	44.5933643579	580
> 590 contour -Z590
-120.5	44.5681722462	590
-120	44.586448893	590
-119.863479391	44.5	590
-119.926854454	44	590
-120	43.8976463228	590
-120.155690849	43.5	590
-120.496358171	43	590
-120.5	42.9965872753	590
-121	42.5964896083	590
-121.299309075	42.5	590
-121.5	42.4436385147	590
-121.98284018	42.5	590
-122	42.5034385026	590
-122.270288855	43	590
-122.2105304	43.5	590
-122	43.8761869967	590
-121.868345886	44	590
-121.5	44.2640138566	590
-121	44.4460344017	590
-120.733893186	44.5	590
-120.5	44.5681722462	590
> 600 contour -Z600
-120.5	44.5429801643	600
-120	44.5440594815	600
-119.93042101	44.5	600
-119.96142064	44	600
-120	43.9460153133	600
-120.174628794	43.5	600
-120.5	43.0225856602	600
-120.513275951	43	600
-121	42.6095910668	600
-121.339949563	42.5	600
-121.5	42.4550518766	600
-121.885063648	42.5	600
-122	42.5230309665	600
-122.259624273	43	600
-122.198927149	43.5	600
-122	43.8554536998	600
-121.846299559	44	600
-121.5	44.2482120246	600
-121	44.428506285	600
-120.64746128	44.5	600
-120.5	44.5429801643	600
> 610 contour -Z610
-120.5	44.5177880824	610
-120	44.5016700663	610
-119.997362621	44.5	610
-119.995986829	44	610
-120	43.9943843079	610
-120.193566769	43.5	610
-120.5	43.0503731668	610
-120.529609591	43	610
-121	42.6226925254	610
-121.380590051	42.5	610
-121.5	42.4664652385	610
-121.787287146	42.5	610
-122	42.5426234305	610
-122.248959675	43	610
-122.187323913	43.5	610
-122	43.834720403	610
-121.824253201	44	610
-121.5	44.2324101925	610
-121	44.4109781682	610
-120.561029356	44.5	610
-120.5	44.5177880824	610
> 620 contour -Z620
-121.5	44.2166083455	620
-121	44.3934500515	620
-120.5	44.4908202589	620
-120.026626348	44	620
-120.212504715	43.5	620
-120.5	43.0781606734	620
-120.545943201	43	620
-121	42.6357939541	620
-121.421230532	42.5	620
-121.5	42.4778786004	620
-121.689510629	42.5	620
-122	42.5622159243	620
-122.238295078	43	620
-122.175720662	43.5	620
-122	43.8139871061	620
-121.802206874	44	620
-121.5	44.2166083455	620
> 630 contour -Z630
-121.5	44.2008065283	630
-121	44.3759219646	630
-120.5	44.4595862627	630
-120.056750089	44	630
-120.23144266	43.5	630
-120.5	43.1059481502	630
-120.56227684	43	630
-121	42.6488954127	630
-121.46187102	42.5	630
-121.5	42.4892919622	630
-121.591734111	42.5	630
-122	42.5818083882	630
-122.227630481	43	630
-122.164117426	43.5	630
-122	43.7932538092	630
-121.780160517	44	630
-121.5	44.2008065283	630
> 640 contour -Z640
-121.5	44.1850046813	640
-121	44.3583938479	640
-120.5	44.4283522666	640
-120.086873859	44	640
-120.250380635	43.5	640
-120.5	43.1337356567	640
-120.57861045	43	640
-121	42.6619968712	640
-121.5	42.5008135438	640
-122	42.6014008522	640
-122.216965884	43	640
-122.152514175	43.5	640
-122	43.7725205123	640
-121.758114189	44	640
-121.5	44.1850046813	640
> 650 contour -Z650
-121.5	44.1692028642	650
-121	44.3408657312	650
-120.5	44.3971183002	650
-120.1169976	44	650
-120.269318596	43.5	650
-120.5	43.1615231633	650
-120.59494406	43	650
-121	42.6750983298	650
-121.5	42.513977915	650
-122	42.620993346	650
-122.206301287	43	650
-122.140910938	43.5	650
-122	43.7517872155	650
-121.736067832	44	650
-121.5	44.1692028642	650
> 660 contour -Z660
-121.5	44.1534010172	660
-121	44.3233376145	660
-120.5	44.365884304	660
-120.14712134	44	660
-120.288256541	43.5	660
-120.5	43.1893106699	660
-120.611277699	43	660
-121	42.6881997883	660
-121.5	42.5271422863	660
-122	42.6405858099	660
-122.19563669	43	660
-122.129307687	43.5	660
-122	43.7310539037	660
-121.714021489	44	660
-121.5	44.1534010172	660
> 670 contour -Z670
-121.5	44.1375992	670
-121	44.3058094978	670
-120.5	44.3346503079	670
-120.17724511	44	670
-120.307194501	43.5	670
-120.5	43.2170981765	670
-120.627611309	43	670
-121	42.7013012469	670
-121.5	42.5403066576	670
-122	42.6601783037	670
-122.184972093	43	670
-122.117704444	43.5	670
-122	43.7103206068	670
-121.691975147	44	670
-121.5	44.1375992	670
> 680 contour -Z680
-121.5	44.121797353	680
-121	44.2882813811	680
-120.5	44.3034163415	680
-120.207368851	44	680
-120.326132461	43.5	680
-120.5	43.2448856831	680
-120.643944949	43	680
-121	42.7144027054	680
-121.5	42.5534710288	680
-122	42.6797707677	680
-122.174307495	43	680
-122.1061012	43.5	680
-122	43.68958731	680
-121.669928804	44	680
-121.5	44.121797353	680
> 690 contour -Z690
-121.5	44.1059955359	690
-121	44.2707532644	690
-120.5	44.2721823454	690
-120.237492591	44	690
-120.345070422	43.5	690
-120.5	43.2726731747	690
-120.660278559	43	690
-121	42.7275041342	690
-121.5	42.5666354001	690
-122	42.6993632317	690
-122.163642898	43	690
-122.094497956	43.5	690
-122	43.6688540131	690
-121.647882462	44	690
-121.5	44.1059955359	690
> 700 contour -Z700
-121.5	44.0901936889	700
-121	44.2532251775	700
-120.5	44.2409483641	700
-120.267616346	44	700
-120.364008382	43.5	700
-120.5	43.3004606664	700
-120.676612198	43	700
-121	42.7406055927	700
-121.5	42.5797997713	700
-122	42.7189557254	700
-122.152978316	43	700
-122.082894713	43.5	700
-122	43.6481207162	700
-121.625836119	44	700
-121.5	44.0901936889	700
> 710 contour -Z710
-121.5	44.0743918717	710
-121	44.2356970608	710
-120.5	44.209714368	710
-120.297740087	44	710
-120.382946335	43.5	710
-120.5	43.328248173	710
-120.692945808	43	710
-121	42.7537070513	710
-121.5	42.5929641426	710
-122	42.7385481894	710
-122.142313719	43	710
-122.071291469	43.5	710
-122	43.6273874193	710
-121.603789784	44	710
-121.5	44.0743918717	710
> 720 contour -Z720
-121.5	44.0585900247	720
-121	44.2181689441	720
-120.5	44.1784803867	720
-120.327863842	44	720
-120.401884295	43.5	720
-120.5	43.3560356796	720
-120.709279448	43	720
-121	42.7668085098	720
-121.5	42.6061285138	720
-122	42.7581406683	720
-122.131649122	43	720
-122.059688225	43.5	720
-122	43.606654115	720
-121.581743434	44	720
-121.5	44.0585900247	720
> 730 contour -Z730
-121.5	44.0427882075	730
-121	44.2006408274	730
-120.5	44.1472464055	730
-120.357987598	44	730
-120.420822255	43.5	730
-120.5	43.3838231787	730
-120.725613058	43	730
-121	42.7799099684	730
-121.5	42.6192928851	730
-122	42.7777331471	730
-122.120984517	43	730
-122.048084978	43.5	730
-122	43.5859208182	730
-121.559697095	44	730
-121.5	44.0427882075	730
> 740 contour -Z740
-121.5	44.0269863605	740
-121	44.1831127107	740
-120.5	44.1160124093	740
-120.388111338	44	740
-120.439760212	43.5	740
-120.5	43.4116106778	740
-120.741946697	43	740
-121	42.793011412	740
-121.5	42.6324572563	740
-122	42.797325626	740
-122.11031992	43	740
-122.036481734	43.5	740
-122	43.5651875213	740
-121.537650753	44	740
-121.5	44.0269863605	740
> 750 contour -Z750
-121.5	44.0111845434	750
-121	44.1655846089	750
-120.5	44.0847784281	750
-120.418235093	44	750
-120.458698168	43.5	750
-120.5	43.4393981807	750
-120.758280307	43	750
-121	42.8061128706	750
-121.5	42.6456216276	750
-122	42.8169181049	750
-122.09965533	43	750
-122.024878491	43.5	750
-122	43.5444542207	750
-121.515604408	44	750
-121.5	44.0111845434	750
> 760 contour -Z760
-121	44.1480564773	760
-120.5	44.0535444394	760
-120.448358841	44	760
-120.477636125	43.5	760
-120.5	43.4671856798	760
-120.774613932	43	760
-121	42.8192143291	760
-121.5	42.6587860286	760
-122	42.8365105689	760
-122.088990733	43	760
-122.013275247	43.5	760
-122	43.5237209238	760
-121.5	43.9941458702	760
-121.483281851	44	760
-121	44.1480564773	760
> 770 contour -Z770
-121	44.1305283904	770
-120.5	44.0223104525	770
-120.478482589	44	770
-120.496574084	43.5	770
-120.5	43.4949731827	770
-120.790947556	43	770
-121	42.8323157728	770
-121.5	42.6719503999	770
-122	42.8561030477	770
-122.078326136	43	770
-122.001672003	43.5	770
-122	43.5029876248	770
-121.5	43.9741111696	770
-121.426067084	44	770
-121	44.1305283904	770
> 780 contour -Z780
-121	44.1130002737	780
-120.521217942	44	780
-120.51880452	43.5	780
-120.807281181	43	780
-121	42.8454172313	780
-121.5	42.6851147711	780
-122	42.8756955266	780
-122.067661539	43	780
-122	43.4405656755	780
-121.981805116	43.5	780
-121.5	43.9540764689	780
-121.368852317	44	780
-121	44.1130002737	780
> 790 contour -Z790
-121	44.095472157	790
-120.595484525	44	790
-120.541762084	43.5	790
-120.823614806	43	790
-121	42.8585186899	790
-121.5	42.6982791424	790
-122	42.895287998	790
-122.056996942	43	790
-122	43.3711251318	790
-121.96054697	43.5	790
-121.5	43.9340417683	790
-121.311637521	44	790
-121	44.095472157	790
> 800 contour -Z800
-121	44.0779440403	800
-120.669751137	44	800
-120.564719677	43.5	800
-120.839948431	43	800
-121	42.8716201484	800
-121.5	42.7114435136	800
-122	42.9148804769	800
-122.046332344	43	800
-122	43.3016845584	800
-121.939288825	43.5	800
-121.5	43.9140070677	800
-121.254422754	44	800
-121	44.0779440403	800
> 810 contour -Z810
-121	44.0604159236	810
-120.74401775	44	810
-120.58767724	43.5	810
-120.856282055	43	810
-121	42.8847215995	810
-121.5	42.7246078849	810
-122	42.9344729483	810
-122.035667751	43	810
-122	43.2322439998	810
-121.918030709	43.5	810
-121.5	43.893972367	810
-121.197207987	44	810
-121	44.0604159236	810
> 820 contour -Z820
-121	44.0428878069	820
-120.818284348	44	820
-120.610634834	43.5	820
-120.87261568	43	820
-121	42.8978230506	820
-121.5	42.7377722561	820
-122	42.9540654272	820
-122.025003154	43	820
-122	43.1628034413	820
-121.896772563	43.5	820
-121.5	43.8739376664	820
-121.139993206	44	820
-121	44.0428878069	820
> 830 contour -Z830
-121	44.0253596902	830
-120.892550945	44	830
-120.633592427	43.5	830
-120.888949305	43	830
-121	42.9109245017	830
-121.5	42.7509366274	830
-122	42.9736579023	830
-122.014338558	43	830
-122	43.0933628827	830
-121.875514418	43.5	830
-121.5	43.8539029658	830
-121.082778439	44	830
-121	44.0253596902	830
> 840 contour -Z840
-121	44.0078316033	840
-120.96681755	44	840
-120.65654999	43.5	840
-120.90528293	43	840
-121	42.9240259603	840
-121.5	42.7641009986	840
-122	42.9932503779	840
-122.003673961	43	840
-122	43.0239223242	840
-121.854256272	43.5	840
-121.5	43.8338682652	840
-121.025563661	44	840
-121	44.0078316033	840
> 850 contour -Z850
-121.5	43.8138335794	850
-121	43.9809418023	850
-120.679507583	43.5	850
-120.921616547	43	850
-121	42.9371274114	850
-121.5	42.7772653699	850
-121.981351376	43	850
-121.832998157	43.5	850
-121.5	43.8138335794	850
> 860 contour -Z860
-121.5	43.7937988788	860
-121	43.9464908838	860
-120.702465177	43.5	860
-120.937950175	43	860
-121	42.9502288662	860
-121.5	42.7904297411	860
-121.95290187	43	860
-121.811740011	43.5	860
-121.5	43.7937988788	860
> 870 contour -Z870
-121.5	43.7737641782	870
-121	43.9120399654	870
-120.72542274	43.5	870
-120.954283796	43	870
-121	42.963330321	870
-121.5	42.8035941273	870
-121.924452364	43	870
-121.790481865	43.5	870
-121.5	43.7737641782	870
> 880 contour -Z880
-121.5	43.7537294775	880
-121	43.8775890172	880
-120.748380333	43.5	880
-120.970617421	43	880
-121	42.9764317758	880
-121.5	42.8167584985	880
-121.896002859	43	880
-121.76922372	43.5	880
-121.5	43.7537294775	880
> 890 contour -Z890
-121.5	43.7336947918	890
-121	43.8431380987	890
-120.771337911	43.5	890
-120.986951046	43	890
-121	42.9895332307	890
-121.5	42.8299228698	890
-121.867553353	43	890
-121.747965589	43.5	890
-121.5	43.7336947918	890
> 900 contour -Z900
-121.5	43.7136600912	900
-121	43.8086871803	900
-120.79429549	43.5	900
-121	43.0109754503	900
-121.008295745	43	900
-121.5	42.8430872411	900
-121.839103848	43	900
-121.726707458	43.5	900
-121.5	43.7136600912	900
> 910 contour -Z910
-121.5	43.6936253905	910
-121	43.774236232	910
-120.817253083	43.5	910
-121	43.0655528605	910
-121.049547821	43	910
-121.5	42.8562516123	910
-121.810654372	43	910
-121.705449313	43.5	910
-121.5	43.6936253905	910
> 920 contour -Z920
-121.5	43.6735906899	920
-121	43.7397853136	920
-120.840210661	43.5	920
-121	43.1201303005	920
-121.090799898	43	920
-121.5	42.8694159836	920
-121.782204866	43	920
-121.684191182	43.5	920
-121.5	43.6735906899	920
> 930 contour -Z930
-121.5	43.6535559893	930
-121	43.7053343803	930
-120.86316824	43.5	930
-121	43.1747077107	930
-121.132052004	43	930
-121.5	42.8825803623	930
-121.753755361	43	930
-121.662933037	43.5	930
-121.5	43.6535559893	930
> 940 contour -Z940
-121.5	43.6335212886	940
-121	43.6708834618	940
-120.886125825	43.5	940
-121	43.229285121	940
-121.173304081	43	940
-121.5	42.8957447335	940
-121.725305855	43	940
-121.641674906	43.5	940
-121.5	43.6335212886	940
> 950 contour -Z950
-121.5	43.613486588	950
-121	43.6364325285	950
-120.909083404	43.5	950
-121	43.2838625461	950
-121.214556158	43	950
-121.5	42.9089091122	950
-121.69685635	43	950
-121.620416768	43.5	950
-121.5	43.613486588	950
> 960 contour -Z960
-121.5	43.5934518874	960
-121	43.6019816026	960
-120.932040989	43.5	960
-121	43.3384399712	960
-121.255808249	43	960
-121.5	42.9220734835	960
-121.668406844	43	960
-121.59915863	43.5	960
-121.5	43.5934518874	960
> 970 contour -Z970
-121.5	43.5734171867	970
-121	43.5675306767	970
-120.954998571	43.5	970
-121	43.3930173963	970
-121.297060341	43	970
-121.5	42.9352378547	970
-121.639957353	43	970
-121.577900492	43.5	970
-121.5	43.5734171867	970
> 980 contour -Z980
-121.5	43.5533824861	980
-121	43.5330797471	980
-120.977956153	43.5	980
-121	43.4475948177	980
-121.338312417	43	980
-121.5	42.9484022297	980
-121.611507848	43	980
-121.55664235	43.5	980
-121.5	43.5533824861	980
> 990 contour -Z990
-121.5	43.5333477855	990
-121.011676639	43.5	990
-121.379564509	43	990
-121.5	42.9615666009	990
-121.583058342	43	990
-121.535384212	43.5	990
-121.5	43.5333477855	990
> 1000 contour -Z1000
-121.5	43.5133130848	1000
-121.305051699	43.5	1000
-121.420816593	43	1000
-121.5	42.9747309759	1000
-121.55460884	43	1000
-121.514126075	43.5	1000
-121.5	43.5133130848	1000
> 1010 contour -Z1010
-121.5	43.3663353026	1010
-121.462068677	43	1010
-121.5	42.987895349	1010
-121.526159339	43	1010
-121.5	43.3663353026	1010
