> 10 contour -Z10
-116	53.5652174056	10
-115.5	53.6208334118	10
-115	53.63556844	10
-114.5	53.6168200225	10
-114	53.5707044452	10
-113.5	53.5114879142	10
-113.402326077	53.5	10
-113	53.4589852393	10
-112.5	53.4067344368	10
-112	53.3474107087	10
-111.5	53.2652243972	10
-111	53.1415313035	10
-110.612698555	53	10
-110.5	52.9607517421	10
-110	52.7590537667	10
-109.5	52.5537993908	10
-109.360629931	52.5	10
-109	52.3983125687	10
-108.5	52.2639141977	10
-108	52.1192549467	10
-107.626515031	52	10
-107.5	51.9577001333	10
-107	51.766414851	10
-106.5	51.5177111831	10
-106.468561023	51.5	10
-106	51.0616517141	10
-105.94427396	51	10
-105.791241527	50.5	10
-106	50.0020282567	10
-106.000653118	50	10
-106.426577769	49.5	10
-106.5	49.4426812828	10
-106.971731344	49	10
-107	48.9809717201	10
-107.5	48.6079795957	10
-107.623831719	48.5	10
-108	48.2384948432	10
-108.316451117	48	10
-108.5	47.8739827126	10
-109	47.5146433711	10
-109.018800169	47.5	10
-109.5	47.1528266668	10
-109.707361609	47	10
-110	46.7883129865	10
-110.389697753	46.5	10
-110.5	46.4150982946	10
-111	46.0234851241	10
-111.027813166	46	10
-111.5	45.5994957387	10
-111.616071403	45.5	10
-112	45.1549282372	10
-112.17848593	45	10
-112.5	44.6915048957	10
-112.715983987	44.5	10
-113	44.2087858617	10
-113.222708493	44	10
-113.5	43.7068590224	10
-113.712468565	43.5	10
-114	43.1884277761	10
-114.187745273	43	10
-114.5	42.6534338593	10
-114.646419495	42.5	10
-115	42.0950201452	10
-115.086528867	42	10
-115.5	41.5609064996	10
-115.562116265	41.5	10
-116	41.0929841995	10
-116.111738592	41	10
-116.5	40.644177407	10
-116.671730459	40.5	10
-117	40.2199473381	10
-117.278676733	40	10
-117.5	39.8232610971	10
-117.982142935	39.5	10
-118	39.4886813266	10
-118.5	39.2300567627	10
-119	39.0650427341	10
-119.307221666	39	10
-119.5	38.9534024224	10
-120	38.8882091269	10
-120.5	38.8894060031	10
-121	38.9719747454	10
-121.088636272	39	10
-121.5	39.1095111072	10
-122	39.3298542053	10
-122.266457617	39.5	10
-122.5	39.6360198259	10
-122.938009977	40	10
-123	40.0531629026	10
-123.406962514	40.5	10
-123.5	40.6067510545	10
-123.845953971	41	10
-124	41.1919518709	10
-124.297232985	41.5	10
-124.5	41.7364677191	10
-124.73645705	42	10
-125	42.2806697488	10
-125.232349828	42.5	10
-125.5	42.8134513199	10
-125.67348887	43	10
-126	43.4962210641	10
-126.002672602	43.5	10
-126.255269736	44	10
-126.378060818	44.5	10
-126.398874521	45	10
-126.372953653	45.5	10
-126.279719085	46	10
-126.116949819	46.5	10
-126	46.7596490383	10
-125.903724492	47	10
-125.674075589	47.5	10
-125.5	47.8451637626	10
-125.422248274	48	10
-125.146532401	48.5	10
-125	48.7325993329	10
-124.837224364	49	10
-124.5	49.4556073844	10
-124.466222137	49.5	10
-124.043607853	50	10
-124	50.0463977493	10
-123.54456025	50.5	10
-123.5	50.5395277925	10
-123	50.9483268857	10
-122.926149994	51	10
-122.5	51.2899505198	10
-122.11422085	51.5	10
-122	51.5648347065	10
-121.5	51.8217097223	10
-121.08866778	52	10
-121	52.0430129953	10
-120.5	52.2706214488	10
-120	52.4616043866	10
-119.887662977	52.5	10
-119.5	52.6542913616	10
-119	52.8251112998	10
-118.5	52.9716387093	10
-118.393280804	53	10
-118	53.1237562597	10
-117.5	53.2632936239	10
-117	53.3831093907	10
-116.5	53.4810029566	10
-116.371133685	53.5	10
-116	53.5652174056	10
> 20 contour -Z20
-118.5	51.5716246665	20
-118	51.6976227015	20
-117.5	51.8038140237	20
-117	51.879617095	20
-116.5	51.9156163037	20
-116	51.9156144261	20
-115.5	51.8823678195	20
-115	51.8389100134	20
-114.5	51.806733191	20
-114	51.7791966498	20
-113.5	51.7426915765	20
-113	51.6837651432	20
-112.5	51.5951309204	20
-112.108343035	51.5	20
-112	51.4771225452	20
-111.5	51.3575214744	20
-111	51.2278597504	20
-110.5	51.0862937719	20
-110.217490822	51	20
-110	50.9251496494	20
-109.5	50.7070613354	20
-109.156288028	50.5	20
-109	50.334838897	20
-108.753092185	50	20
-108.717876017	49.5	20
-108.922108173	49	20
-109	48.8956947923	20
-109.249789983	48.5	20
-109.5	48.2524945438	20
-109.71430251	48	20
-110	47.7579712868	20
-110.276720807	47.5	20
-110.5	47.3181263506	20
-110.860283956	47	20
-111	46.8838715106	20
-111.431466512	46.5	20
-111.5	46.4409149028	20
-111.985909389	46	20
-112	45.987626859	20
-112.5	45.5298733413	20
-112.530969024	45.5	20
-113	45.0693225265	20
-113.072885126	45	20
-113.5	44.6102589667	20
-113.620285243	44.5	20
-114	44.1507065296	20
-114.168929458	44	20
-114.5	43.6920952201	20
-114.719624043	43.5	20
-115	43.2374313474	20
-115.280579165	43	20
-115.5	42.7904815376	20
-115.855849653	42.5	20
-116	42.3615628481	20
-116.441956185	42	20
-116.5	41.947039254	20
-117	41.5238718092	20
-117.03009066	41.5	20
-117.5	41.1081801653	20
-117.644281507	41	20
-118	40.7162705362	20
-118.348761857	40.5	20
-118.5	40.4010989815	20
-119	40.1514349878	20
-119.475100381	40	20
-119.5	39.9909736589	20
-120	39.8701087683	20
-120.5	39.8334340751	20
-121	39.8955008462	20
-121.318877518	40	20
-121.5	40.0380715728	20
-122	40.2257796824	20
-122.395501971	40.5	20
-122.5	40.5459778905	20
-122.992048621	41	20
-123	41.006372124	20
-123.474971712	41.5	20
-123.5	41.5339851081	20
-123.906154662	42	20
-124	42.1174005866	20
-124.348735571	42.5	20
-124.5	42.8030947298	20
-124.654937118	43	20
-124.87401852	43.5	20
-125	43.9794828035	20
-125.009074676	44	20
-125.120167956	44.5	20
-125.111386143	45	20
-125.034729946	45.5	20
-125	45.6288444251	20
-124.910646409	46	20
-124.724202424	46.5	20
-124.5	46.9317795634	20
-124.465664268	47	20
-124.189111069	47.5	20
-124	47.8067604005	20
-123.887100458	48	20
-123.5506479	48.5	20
-123.5	48.5655820891	20
-123.147932246	49	20
-123	49.1590570062	20
-122.647594169	49.5	20
-122.5	49.6337713599	20
-122.027757628	50	20
-122	50.0206433441	20
-121.5	50.356632024	20
-121.242543444	50.5	20
-121	50.6363212466	20
-120.5	50.876657486	20
-120.194950551	51	20
-120	51.0850557089	20
-119.5	51.274597168	20
-119	51.431252569	20
-118.738749027	51.5	20
-118.5	51.5716246665	20
> 30 contour -Z30
-119	50.5091238618	30
-118.5	50.6528261304	30
-118	50.7644239068	30
-117.5	50.8337049782	30
-117	50.8626841009	30
-116.5	50.8591160178	30
-116	50.827340126	30
-115.5	50.7925434411	30
-115	50.7726542652	30
-114.5	50.7589206696	30
-114	50.7320267856	30
-113.5	50.6781609654	30
-113	50.5922197774	30
-112.588514715	50.5	30
-112.5	50.480042845	30
-112	50.3392402232	30
-111.5	50.1559961885	30
-111.172353297	50	30
-111	49.8830040693	30
-110.582745671	49.5	30
-110.5	49.2872138321	30
-110.413753681	49	30
-110.5	48.6851466	30
-110.540145159	48.5	30
-110.810320139	48	30
-111	47.7879616171	30
-111.212233216	47.5	30
-111.5	47.2201340497	30
-111.703628093	47	30
-112	46.7147947848	30
-112.207665175	46.5	30
-112.5	46.2163231373	30
-112.708251178	46	30
-113	45.7177808285	30
-113.21185708	45.5	30
-113.5	45.2245597243	30
-113.726163477	45	30
-114	44.7461936772	30
-114.261514112	44.5	30
-114.5	44.2832339406	30
-114.815010041	44	30
-115	43.8337768316	30
-115.388971545	43.5	30
-115.5	43.4022178203	30
-116	43.0084691048	30
-116.011486351	43	30
-116.5	42.6172043681	30
-116.667557269	42.5	30
-117	42.2345013618	30
-117.330693692	42	30
-117.5	41.8589337468	30
-117.988769094	41.5	30
-118	41.4910981338	30
-118.5	41.1324447989	30
-118.737642497	41	30
-119	40.8415517956	30
-119.5	40.6105977595	30
-119.905487701	40.5	30
-120	40.4688546248	30
-120.5	40.3789248094	30
-121	40.397611998	30
-121.404553741	40.5	30
-121.5	40.5111674666	30
-122	40.6341536343	30
-122.5	40.9222288728	30
-122.584284827	41	30
-123	41.3331481814	30
-123.160545826	41.5	30
-123.5	41.9609341286	30
-123.534047812	42	30
-123.972418368	42.5	30
-124	42.5772668123	30
-124.279550135	43	30
-124.404093981	43.5	30
-124.461211175	44	30
-124.465850025	44.5	30
-124.394378692	45	30
-124.247711703	45.5	30
-124.01545034	46	30
-124	46.0321807191	30
-123.778345466	46.5	30
-123.5	46.9923960567	30
-123.495607525	47	30
-123.18648541	47.5	30
-123	47.7727392614	30
-122.839969873	48	30
-122.5	48.418884486	30
-122.429871947	48.5	30
-122	48.9206146598	30
-121.909385443	49	30
-121.5	49.3264433742	30
-121.237678394	49.5	30
-121	49.6556986272	30
-120.5	49.925177604	30
-120.331436723	50	30
-120	50.1564545929	30
-119.5	50.3511924148	30
-119.02646053	50.5	30
-119	50.5091238618	30
> 40 contour -Z40
-117.5	50.0253302455	40
-117	50.024445219	40
-116.5	50.0046288152	40
-116.345946059	50	40
-116	49.9918295443	40
-115.5	49.986087203	40
-115	49.9862335622	40
-114.5	49.9769358635	40
-114	49.9364968836	40
-113.5	49.847720921	40
-113	49.6979167461	40
-112.517704815	49.5	40
-112.5	49.4902718961	40
-112	49.1364804059	40
-111.854867995	49	40
-111.649540961	48.5	40
-111.764259622	48	40
-112	47.566408962	40
-112.031529397	47.5	40
-112.422211468	47	40
-112.5	46.9195749462	40
-112.871314093	46.5	40
-113	46.3664951473	40
-113.324783772	46	40
-113.5	45.8201607019	40
-113.792965367	45.5	40
-114	45.2943196744	40
-114.285329193	45	40
-114.5	44.7967373878	40
-114.808982909	44.5	40
-115	44.3261405379	40
-115.363017246	44	40
-115.5	43.879916653	40
-115.96483985	43.5	40
-116	43.4712607171	40
-116.5	43.0922136009	40
-116.629527897	43	40
-117	42.7269870043	40
-117.323475301	42.5	40
-117.5	42.3660490066	40
-118	42.0105006397	40
-118.015520513	42	40
-118.5	41.6327906251	40
-118.704966307	41.5	40
-119	41.3002848327	40
-119.5	41.0458685756	40
-119.619850397	41	40
-120	40.8272789866	40
-120.5	40.6993257403	40
-121	40.6722770929	40
-121.5	40.7242871225	40
-122	40.8837418109	40
-122.184973434	41	40
-122.5	41.1176548898	40
-122.92022559	41.5	40
-123	41.5690404475	40
-123.385388821	42	40
-123.5	42.1535146832	40
-123.817552477	42.5	40
-123.997353017	43	40
-124	43.0232897103	40
-124.138940468	43.5	40
-124.167801216	44	40
-124.094654761	44.5	40
-124	44.7800966799	40
-123.935738623	45	40
-123.72170487	45.5	40
-123.5	45.8648466766	40
-123.415385991	46	40
-123.059017144	46.5	40
-123	46.5897123143	40
-122.706140324	47	40
-122.5	47.2905418575	40
-122.347142816	47.5	40
-122	47.9451407492	40
-121.955210954	48	40
-121.5	48.4745608568	40
-121.471838534	48.5	40
-121	48.8722763062	40
-120.798507333	49	40
-120.5	49.1819936633	40
-120	49.4240633249	40
-119.806348115	49.5	40
-119.5	49.6285310537	40
-119	49.7963033319	40
-118.5	49.9231258929	40
-118	49.9952534437	40
-117.910580277	50	40
-117.5	50.0253302455	40
> 50 contour -Z50
-119.5	49.0269036889	50
-119	49.1992603242	50
-118.5	49.3026531935	50
-118	49.3432890475	50
-117.5	49.3497488797	50
-117	49.3498312831	50
-116.5	49.3641385734	50
-116	49.3818229437	50
-115.5	49.3938974142	50
-115	49.3878754377	50
-114.5	49.346809268	50
-114	49.2408663183	50
-113.5	49.0448203459	50
-113.413662083	49	50
-113	48.6686091274	50
-112.836446151	48.5	50
-112.690240085	48	50
-112.827857226	47.5	50
-113	47.202876687	50
-113.09958303	47	50
-113.464906074	46.5	50
-113.5	46.4604102895	50
-113.873227477	46	50
-114	45.8618246019	50
-114.312474951	45.5	50
-114.5	45.306873396	50
-114.787304044	45	50
-115	44.7951537669	50
-115.305223584	44.5	50
-115.5	44.3234471828	50
-115.875126623	44	50
-116	43.8959388807	50
-116.5	43.5079217255	50
-116.510140687	43.5	50
-117	43.1393692791	50
-117.171719581	43	50
-117.5	42.7522666454	50
-117.817962721	42.5	50
-118	42.35820584	50
-118.5	42.0143710375	50
-118.522705734	42	50
-119	41.6485879123	50
-119.23917529	41.5	50
-119.5	41.3378393948	50
-120	41.1050328612	50
-120.395412982	41	50
-120.5	40.9647749066	50
-121	40.8937414065	50
-121.5	40.937406756	50
-121.677376524	41	50
-122	41.0510677993	50
-122.5	41.2659656554	50
-122.757221073	41.5	50
-123	41.7101120055	50
-123.259234518	42	50
-123.5	42.3224906921	50
-123.662686616	42.5	50
-123.89395535	43	50
-123.950806141	43.5	50
-123.943020314	44	50
-123.844493598	44.5	50
-123.614752546	45	50
-123.5	45.206170693	50
-123.333202362	45.5	50
-123	45.9520340562	50
-122.963212699	46	50
-122.553592466	46.5	50
-122.5	46.5661632046	50
-122.097668946	47	50
-122	47.1222986355	50
-121.647201404	47.5	50
-121.5	47.6737582535	50
-121.176411927	48	50
-121	48.1617874652	50
-120.54779822	48.5	50
-120.5	48.5322826281	50
-120	48.8121246099	50
-119.561927706	49	50
-119.5	49.0269036889	50
> 60 contour -Z60
-119	48.6447629333	60
-118.5	48.7262966335	60
-118	48.7550442517	60
-117.5	48.7718812525	60
-117	48.8079702854	60
-116.5	48.8545215726	60
-116	48.8837575316	60
-115.5	48.8881871104	60
-115	48.8418122828	60
-114.5	48.7175151408	60
-114.062299818	48.5	60
-114	48.4448122084	60
-113.639877647	48	60
-113.60892725	47.5	60
-113.771914378	47	60
-114	46.5637694001	60
-114.028538465	46.5	60
-114.385533638	46	60
-114.5	45.8672882766	60
-114.798978478	45.5	60
-115	45.2854814529	60
-115.26243332	45	60
-115.5	44.7700571567	60
-115.791972876	44.5	60
-116	44.3198216558	60
-116.38800209	44	60
-116.5	43.9120928198	60
-117	43.5191629231	60
-117.018674582	43.5	60
-117.5	43.0898785889	60
-117.592019886	43	60
-118	42.6538581848	60
-118.193719357	42.5	60
-118.5	42.2651735842	60
-118.918965042	42	60
-119	41.940337304	60
-119.5	41.5997889936	60
-119.666992188	41.5	60
-120	41.3143868297	60
-120.5	41.1208140552	60
-121	41.0506760776	60
-121.5	41.0606151521	60
-122	41.1466646194	60
-122.5	41.4142764062	60
-122.594216578	41.5	60
-123	41.8511835635	60
-123.133080214	42	60
-123.5	42.4914666936	60
-123.507820743	42.5	60
-123.790557712	43	60
-123.847457647	43.5	60
-123.809921235	44	60
-123.635760173	44.5	60
-123.5	44.7515275478	60
-123.36239022	45	60
-123.005827322	45.5	60
-123	45.5079055494	60
-122.622590058	46	60
-122.5	46.1439139396	60
-122.161226496	46.5	60
-122	46.6695878059	60
-121.626143232	47	60
-121.5	47.1321631372	60
-121.039110839	47.5	60
-121	47.5393588245	60
-120.5	47.9365333915	60
-120.390940994	48	60
-120	48.2522648871	60
-119.5	48.486933887	60
-119.457013309	48.5	60
-119	48.6447629333	60
> 70 contour -Z70
-119	48.0967846215	70
-118.5	48.1727262735	70
-118	48.2186413556	70
-117.5	48.2820637822	70
-117	48.3553506434	70
-116.5	48.4138135016	70
-116	48.4367229044	70
-115.5	48.397636652	70
-115	48.2431987524	70
-114.627838761	48	70
-114.5	47.8004592061	70
-114.361665145	47.5	70
-114.424669124	47	70
-114.5	46.8032239228	70
-114.603650153	46.5	70
-114.88286829	46	70
-115	45.8548922688	70
-115.277304053	45.5	70
-115.5	45.2572577149	70
-115.744540364	45	70
-116	44.7639422566	70
-116.288905516	44.5	70
-116.5	44.325228557	70
-116.850143224	44	70
-117	43.8793675229	70
-117.369699582	43.5	70
-117.5	43.388975352	70
-117.898242339	43	70
-118	42.9136659354	70
-118.5	42.5135227144	70
-118.517919451	42.5	70
-119	42.1585166752	70
-119.251963779	42	70
-119.5	41.8242357373	70
-120	41.5173384249	70
-120.030890822	41.5	70
-120.5	41.2601131052	70
-121	41.1480925679	70
-121.5	41.1464358568	70
-122	41.2422614396	70
-122.432330579	41.5	70
-122.5	41.5440574884	70
-123	41.9922551205	70
-123.006925917	42	70
-123.40613693	42.5	70
-123.5	42.6720358133	70
-123.68716006	43	70
-123.744109154	43.5	70
-123.676822171	44	70
-123.5	44.3958345354	70
-123.454766572	44.5	70
-123.148211583	45	70
-123	45.2066658586	70
-122.768567443	45.5	70
-122.5	45.8201865256	70
-122.327494204	46	70
-122	46.3391760588	70
-121.801625013	46.5	70
-121.5	46.774209708	70
-121.168656886	47	70
-121	47.1410787702	70
-120.5	47.4627689719	70
-120.419395357	47.5	70
-120	47.7501409352	70
-119.5	47.96038872	70
-119.345029294	48	70
-119	48.0967846215	70
> 80 contour -Z80
-116.5	48.0175543129	80
-116	48.0050930688	80
-115.976836208	48	80
-115.5	47.816457659	80
-115.150708795	47.5	80
-115.043293566	47	80
-115.164364696	46.5	80
-115.38955801	46	80
-115.5	45.8560211807	80
-115.748791099	45.5	80
-116	45.2365931273	80
-116.20992291	45	80
-116.5	44.7317813933	80
-116.711311221	44.5	80
-117	44.2282743156	80
-117.196589053	44	80
-117.5	43.689935416	80
-117.660555661	43.5	80
-118	43.1671674252	80
-118.170392513	43	80
-118.5	42.7258098722	80
-118.799229205	42.5	80
-119	42.3577833474	80
-119.5	42.0314192772	80
-119.545688152	42	80
-120	41.6702342629	80
-120.303296119	41.5	80
-120.5	41.3994121552	80
-121	41.245509088	80
-121.5	41.2322565615	80
-122	41.3378582597	80
-122.271976501	41.5	80
-122.5	41.6484590471	80
-122.890418142	42	80
-123	42.1165782213	80
-123.307281673	42.5	80
-123.5	42.8532215059	80
-123.583762415	43	80
-123.640760675	43.5	80
-123.543723095	44	80
-123.5	44.0978786275	80
-123.325380385	44.5	80
-123	44.9454442263	80
-122.951930553	45	80
-122.532940682	45.5	80
-122.5	45.5392719358	80
-122.05799602	46	80
-122	46.0600647591	80
-121.5	46.4730523527	80
-121.45571208	46.5	80
-121	46.8341457844	80
-120.65061821	47	80
-120.5	47.0991854668	80
-120	47.3244533837	80
-119.5	47.4719515145	80
-119.345716476	47.5	80
-119	47.5857244432	80
-118.5	47.6829019934	80
-118	47.7864230275	80
-117.5	47.8780041933	80
-117	47.9618822634	80
-116.640456498	48	80
-116.5	48.0175543129	80
> 90 contour -Z90
-117.5	47.5460430384	90
-117	47.6257478148	90
-116.5	47.6237104833	90
-116.061418533	47.5	90
-116	47.4628752768	90
-115.655142158	47	90
-115.680013686	46.5	90
-115.872221068	46	90
-116	45.8154246211	90
-116.179893553	45.5	90
-116.5	45.1435418725	90
-116.604944527	45	90
-117	44.5719119012	90
-117.055167139	44.5	90
-117.492167197	44	90
-117.5	43.9919954278	90
-117.915892184	43.5	90
-118	43.4175304547	90
-118.425585665	43	90
-118.5	42.9380970523	90
-119	42.5474572182	90
-119.056780756	42.5	90
-119.5	42.1762754619	90
-119.75632976	42	90
-120	41.8231300861	90
-120.5	41.5302420259	90
-120.573506832	41.5	90
-121	41.3429256082	90
-121.5	41.3180772811	90
-122	41.4334550723	90
-122.111622438	41.5	90
-122.5	41.7528606206	90
-122.774470717	42	90
-123	42.2399284244	90
-123.208426431	42.5	90
-123.483071238	43	90
-123.5	43.1720420718	90
-123.537412181	43.5	90
-123.5	43.6751331985	90
-123.438700467	44	90
-123.195994213	44.5	90
-123	44.7683151662	90
-122.795861036	45	90
-122.5	45.3439348638	90
-122.334015161	45.5	90
-122	45.8440257609	90
-121.799775481	46	90
-121.5	46.2555570304	90
-121.098262824	46.5	90
-121	46.572050117	90
-120.5	46.8161128163	90
-120	46.9664784372	90
-119.835661232	47	90
-119.5	47.1028934568	90
-119	47.2229901701	90
-118.5	47.3333883882	90
-118	47.4409385026	90
-117.687028185	47.5	90
-117.5	47.5460430384	90
> 100 contour -Z100
-118.5	47.0583155155	100
-118	47.1864726543	100
-117.5	47.2646206915	100
-117	47.2783953547	100
-116.5	47.1355617642	100
-116.319462016	47	100
-116.15992415	46.5	100
-116.292962432	46	100
-116.5	45.6302604973	100
-116.558626443	45.5	100
-116.923537612	45	100
-117	44.9171441942	100
-117.32001169	44.5	100
-117.5	44.2944468409	100
-117.720548272	44	100
-118	43.6760937274	100
-118.137221247	43.5	100
-118.5	43.1427477598	100
-118.645253211	43	100
-119	42.7132177055	100
-119.255106896	42.5	100
-119.5	42.3211316168	100
-119.966971379	42	100
-120	41.9760259222	100
-120.5	41.6390653849	100
-120.838015109	41.5	100
-121	41.4403421208	100
-121.5	41.4038979858	100
-121.893270999	41.5	100
-122	41.5282157063	100
-122.5	41.8572621942	100
-122.658523276	42	100
-123	42.3632786423	100
-123.109571166	42.5	100
-123.393925607	43	100
-123.446746379	43.5	100
-123.347412944	44	100
-123.066608034	44.5	100
-123	44.5911860913	100
-122.639791489	45	100
-122.5	45.1625059247	100
-122.141054317	45.5	100
-122	45.6452817917	100
-121.544647414	46	100
-121.5	46.0380616859	100
-121	46.3614476323	100
-120.628230095	46.5	100
-120.5	46.5632427856	100
-120	46.7208988816	100
-119.5	46.8352145553	100
-119	46.9339840412	100
-118.69481732	47	100
-118.5	47.0583155155	100
> 110 contour -Z110
-119.5	46.6067266464	110
-119	46.7352005839	110
-118.5	46.850081861	110
-118	46.9402531683	110
-117.5	46.9899300635	110
-117	46.886667341	110
-116.633397013	46.5	110
-116.669174731	46	110
-116.880749814	45.5	110
-117	45.3362235576	110
-117.183521628	45	110
-117.5	44.5982219875	110
-117.560877889	44.5	110
-117.947100155	44	110
-118	43.9386849664	110
-118.341845781	43.5	110
-118.5	43.3442550749	110
-118.850297272	43	110
-119	42.8789782152	110
-119.453433029	42.5	110
-119.5	42.4659877792	110
-120	42.0809570253	110
-120.133421898	42	110
-120.5	41.7478887737	110
-121	41.535995543	110
-121.381947316	41.5	110
-121.5	41.4897186961	110
-121.542073403	41.5	110
-122	41.6210610569	110
-122.5	41.9616637714	110
-122.542575859	42	110
-123	42.4866288425	110
-123.010715907	42.5	110
-123.304779947	43	110
-123.36327672	43.5	110
-123.25612545	44	110
-123	44.4262816012	110
-122.951268524	44.5	110
-122.5	44.9886566401	110
-122.486792475	45	110
-122	45.4673003852	110
-121.949277759	45.5	110
-121.5	45.8714031577	110
-121.259699404	46	110
-121	46.1703672707	110
-120.5	46.3597426116	110
-120	46.4827064574	110
-119.911469519	46.5	110
-119.5	46.6067266464	110
> 120 contour -Z120
-119	46.5364171565	120
-118.5	46.6598303318	120
-118	46.7166494876	120
-117.5	46.6722680181	120
-117.166564256	46.5	120
-117.018113673	46	120
-117.162520558	45.5	120
-117.424997523	45	120
-117.5	44.9047822878	120
-117.750883624	44.5	120
-118	44.1844677329	120
-118.127643645	44	120
-118.5	43.5461004972	120
-118.533563942	43.5	120
-119	43.0393910706	120
-119.032929868	43	120
-119.5	42.583293438	120
-119.592645943	42.5	120
-120	42.1769686937	120
-120.291654721	42	120
-120.5	41.8567121625	120
-121	41.6288632751	120
-121.5	41.5788554251	120
-122	41.7139064074	120
-122.41481337	42	120
-122.5	42.0227116346	120
-122.968583494	42.5	120
-123	42.6346624494	120
-123.215634331	43	120
-123.279807031	43.5	120
-123.164837927	44	120
-123	44.2743475139	120
-122.850832641	44.5	120
-122.5	44.8798995018	120
-122.360162109	45	120
-122	45.3457405269	120
-121.760719478	45.5	120
-121.5	45.7155282199	120
-121	45.984951973	120
-120.947470427	46	120
-120.5	46.172707811	120
-120	46.3106308579	120
-119.5	46.4206261635	120
-119.127915084	46.5	120
-119	46.5364171565	120
> 130 contour -Z130
-120	46.1385552883	130
-119.5	46.2716792524	130
-119	46.3797479868	130
-118.5	46.4699898958	130
-118	46.4910368025	130
-117.5	46.2493153214	130
-117.349261463	46	130
-117.420571767	45.5	130
-117.5	45.3456677198	130
-117.629640013	45	130
-117.940889359	44.5	130
-118	44.425130114	130
-118.294171527	44	130
-118.5	43.7490966916	130
-118.681357384	43.5	130
-119	43.1853381395	130
-119.154937655	43	130
-119.5	42.6921452582	130
-119.713720113	42.5	130
-120	42.2729803622	130
-120.449887548	42	130
-120.5	41.9655355513	130
-121	41.7217310369	130
-121.5	41.668443501	130
-122	41.806751743	130
-122.280194879	42	130
-122.5	42.0586022735	130
-122.933347434	42.5	130
-123	42.7856970727	130
-123.126488701	43	130
-123.196337372	43.5	130
-123.073550411	44	130
-123	44.1224134117	130
-122.750396729	44.5	130
-122.5	44.7711423934	130
-122.233531728	45	130
-122	45.2241806835	130
-121.572161183	45.5	130
-121.5	45.5596532784	130
-121	45.8461325169	130
-120.5	45.990018934	130
-120.456565797	46	130
-120	46.1385552883	130
> 140 contour -Z140
-119.5	46.1227323413	140
-119	46.2325246483	140
-118.5	46.2823092937	140
-118	46.2028357536	140
-117.718164384	46	140
-117.657325327	45.5	140
-117.81768766	45	140
-118	44.7077002227	140
-118.099442929	44.5	140
-118.460699409	44	140
-118.5	43.952092886	140
-118.829150826	43.5	140
-119	43.3312852234	140
-119.276945412	43	140
-119.5	42.8009970933	140
-119.834794268	42.5	140
-120	42.3689920306	140
-120.5	42.0426832736	140
-120.627495497	42	140
-121	41.8145987839	140
-121.5	41.758031562	140
-122	41.899597086	140
-122.145576388	42	140
-122.5	42.0944929421	140
-122.898111343	42.5	140
-123	42.9367316738	140
-123.037343062	43	140
-123.112867713	43.5	140
-123	43.9371809363	140
-122.986520648	44	140
-122.649960831	44.5	140
-122.5	44.6623852551	140
-122.10690137	45	140
-122	45.1026208401	140
-121.5	45.4405390024	140
-121.353768855	45.5	140
-121	45.7073130608	140
-120.5	45.8597189784	140
-120	45.9786852598	140
-119.904397458	46	140
-119.5	46.1227323413	140
> 150 contour -Z150
-119	46.0853013098	150
-118.5	46.0946286991	150
-118.185032547	46	150
-118	45.8157728016	150
-117.884608448	45.5	150
-118	45.028334558	150
-118.005069703	45	150
-118.243793041	44.5	150
-118.5	44.1504589021	150
-118.588411599	44	150
-118.97694426	43.5	150
-119	43.4772322923	150
-119.398953192	43	150
-119.5	42.9098489359	150
-119.955868419	42.5	150
-120	42.4650037065	150
-120.5	42.1051496863	150
-120.814083561	42	150
-121	41.9074665308	150
-121.5	41.8476196378	150
-122	41.9924424319	150
-122.010957884	42	150
-122.5	42.1303836107	150
-122.862875253	42.5	150
-122.979042381	43	150
-123	43.3113146722	150
-123.029398043	43.5	150
-123	43.6138701588	150
-122.917146564	44	150
-122.549524937	44.5	150
-122.5	44.5536281355	150
-122	44.9883904755	150
-121.979111373	45	150
-121.5	45.3442147374	150
-121.116880737	45.5	150
-121	45.5684935972	150
-120.5	45.7294190526	150
-120	45.8692664802	150
-119.5	45.9798908234	150
-119.383505791	46	150
-119	46.0853013098	150
> 160 contour -Z160
-120.5	45.599119097	160
-120	45.7598477006	160
-119.5	45.8656338453	160
-119	45.9340277612	160
-118.5	45.8720979393	160
-118.127229124	45.5	160
-118.171293169	45	160
-118.388143182	44.5	160
-118.5	44.3473946303	160
-118.70413357	44	160
-119	43.6240921319	160
-119.075989515	43.5	160
-119.5	43.0175981522	160
-119.512701303	43	160
-120	42.5439682603	160
-120.053345054	42.5	160
-120.5	42.1676160991	160
-121	42.0001428425	160
-121.002554685	42	160
-121.5	41.9372076988	160
-121.716393933	42	160
-122	42.0230985284	160
-122.5	42.1662742794	160
-122.827639163	42.5	160
-122.942976952	43	160
-122.969520479	43.5	160
-122.847772449	44	160
-122.5	44.454084307	160
-122.458184153	44.5	160
-122	44.9138748348	160
-121.845037967	45	160
-121.5	45.2478904873	160
-121	45.4576024711	160
-120.800126314	45.5	160
-120.5	45.599119097	160
> 170 contour -Z170
-120	45.6504289508	170
-119.5	45.7513768673	170
-119	45.7771748602	170
-118.5	45.6141264737	170
-118.38566713	45.5	170
-118.337516651	45	170
-118.5	44.5935891867	170
-118.527488172	44.5	170
-118.819855571	44	170
-119	43.7711206526	170
-119.166024446	43.5	170
-119.5	43.1200319827	170
-119.586631894	43	170
-120	42.6131551862	170
-120.137286961	42.5	170
-120.5	42.2300825417	170
-121	42.0398222208	170
-121.5	42.008394748	170
-122	42.0482438505	170
-122.5	42.202164948	170
-122.792403102	42.5	170
-122.906911552	43	170
-122.922469616	43.5	170
-122.778398335	44	170
-122.5	44.3635029793	170
-122.375690907	44.5	170
-122	44.839359194	170
-121.710964531	45	170
-121.5	45.1515662223	170
-121	45.3739120364	170
-120.5	45.4824284017	170
-120.425871879	45.5	170
-120	45.6504289508	170
> 180 contour -Z180
-120	45.5410101712	180
-119.5	45.6371198893	180
-119	45.6203219518	180
-118.710462749	45.5	180
-118.50388974	45	180
-118.649603188	44.5	180
-118.935577556	44	180
-119	43.9181491956	180
-119.256059393	43.5	180
-119.5	43.2224658132	180
-119.660562485	43	180
-120	42.6823421121	180
-120.221228868	42.5	180
-120.5	42.2925489545	180
-121	42.0795015991	180
-121.5	42.0364614427	180
-122	42.0733892024	180
-122.5	42.2380556166	180
-122.757167011	42.5	180
-122.870846152	43	180
-122.875418782	43.5	180
-122.709024221	44	180
-122.5	44.2729216218	180
-122.293197632	44.5	180
-122	44.7648435533	180
-121.576891117	45	180
-121.5	45.0552419685	180
-121	45.2902216315	180
-120.5	45.4089994133	180
-120.116101839	45.5	180
-120	45.5410101712	180
> 190 contour -Z190
-119.5	45.5228629112	190
-119.268936917	45.5	190
-119	45.4446189404	190
-118.676762521	45	190
-118.771718189	44.5	190
-119	44.0958403349	190
-119.036429822	44	190
-119.346094325	43.5	190
-119.5	43.3248996586	190
-119.734493077	43	190
-120	42.751529038	190
-120.305170774	42.5	190
-120.5	42.3550153822	190
-121	42.1191810071	190
-121.5	42.0645281672	190
-122	42.0985345542	190
-122.5	42.2739462703	190
-122.721930921	42.5	190
-122.834780723	43	190
-122.828367919	43.5	190
-122.639650121	44	190
-122.5	44.1823402941	190
-122.210704356	44.5	190
-122	44.6903279126	190
-121.5	44.9746601582	190
-121.426320702	45	190
-121	45.2065311819	190
-120.5	45.3355704248	190
-120	45.4492960572	190
-119.621228985	45.5	190
-119.5	45.5228629112	190
> 200 contour -Z200
-121	45.1228407621	200
-120.5	45.2621414661	200
-120	45.3681956828	200
-119.5	45.4006854296	200
-119	45.2068293393	200
-118.849635288	45	200
-118.893833205	44.5	200
-119	44.3120378703	200
-119.118608534	44	200
-119.436129265	43.5	200
-119.5	43.4273334965	200
-119.808423683	43	200
-120	42.8207159638	200
-120.389112681	42.5	200
-120.5	42.4174818099	200
-121	42.1588603854	200
-121.5	42.092594862	200
-122	42.1236798763	200
-122.5	42.3098369241	200
-122.686694846	42.5	200
-122.798715323	43	200
-122.781317085	43.5	200
-122.570276007	44	200
-122.5	44.0917589441	200
-122.128211096	44.5	200
-122	44.6158122644	200
-121.5	44.9152466655	200
-121.253567308	45	200
-121	45.1228407621	200
> 210 contour -Z210
-121	45.0391503274	210
-120.5	45.1887124628	210
-120	45.2870952785	210
-119.5	45.2765266001	210
-119.027615219	45	210
-119.014131129	44.5	210
-119.200787246	44	210
-119.5	43.5369570255	210
-119.517044425	43.5	210
-119.882354282	43	210
-120	42.8899028823	210
-120.473054592	42.5	210
-120.5	42.4799482357	210
-121	42.1985397935	210
-121.5	42.1206615865	210
-122	42.1488252282	210
-122.5	42.3457275927	210
-122.651458755	42.5	210
-122.762649924	43	210
-122.734266222	43.5	210
-122.500901897	44	210
-122.5	44.0011776016	210
-122.045717828	44.5	210
-122	44.5412966236	210
-121.5	44.8558332026	210
-121.080813922	45	210
-121	45.0391503274	210
> 220 contour -Z220
-120.5	45.1152834892	220
-120	45.2059949189	220
-119.5	45.1523677558	220
-119.239713222	45	220
-119.122332811	44.5	220
-119.282965973	44	220
-119.5	43.6641316712	220
-119.575696796	43.5	220
-119.956284881	43	220
-120	42.9590898119	220
-120.5	42.5307484269	220
-120.546657652	42.5	220
-121	42.2382191718	220
-121.5	42.1487282813	220
-122	42.1739705801	220
-122.5	42.3816182613	220
-122.616222672	42.5	220
-122.726584509	43	220
-122.687215373	43.5	220
-122.5	43.900624305	220
-122.448240072	44	220
-122	44.4752146602	220
-121.958987355	44.5	220
-121.5	44.7964197397	220
-121	44.9728560448	220
-120.873418182	45	220
-120.5	45.1152834892	220
> 230 contour -Z230
-120.5	45.0418545008	230
-120	45.124894537	230
-119.5	45.0282089263	230
-119.451811261	45	230
-119.230534494	44.5	230
-119.365144685	44	230
-119.5	43.7913063467	230
-119.634349197	43.5	230
-120	43.0307621956	230
-120.020914167	43	230
-120.5	42.5760333836	230
-120.615372956	42.5	230
-121	42.2778985798	230
-121.5	42.1767950058	230
-122	42.1991159022	230
-122.5	42.4175089225	230
-122.580986589	42.5	230
-122.690519094	43	230
-122.640164524	43.5	230
-122.5	43.7999396622	230
-122.395798385	44	230
-122	44.4196170866	230
-121.866989315	44.5	230
-121.5	44.737006247	230
-121	44.9218528271	230
-120.635572165	45	230
-120.5	45.0418545008	230
> 240 contour -Z240
-120	45.0437941551	240
-119.794332817	45	240
-119.5	44.8292683959	240
-119.338736147	44.5	240
-119.447323412	44	240
-119.5	43.9184809998	240
-119.693001598	43.5	240
-120	43.1060305238	240
-120.072086513	43	240
-120.5	42.6213183105	240
-120.68408826	42.5	240
-121	42.317577973	240
-121.5	42.2048617005	240
-122	42.2242612541	240
-122.5	42.4533995874	240
-122.545750506	42.5	240
-122.65445368	43	240
-122.593113676	43.5	240
-122.5	43.6992550045	240
-122.343356699	44	240
-122	44.3640195131	240
-121.774991274	44.5	240
-121.5	44.6775927693	240
-121	44.8708495796	240
-120.5	44.9751940966	240
-120.278350294	45	240
-120	45.0437941551	240
> 250 contour -Z250
-121.5	44.6181792915	250
-121	44.8198463619	250
-120.5	44.9175060093	250
-120	44.957588017	250
-119.5	44.6083423048	250
-119.446937826	44.5	250
-119.5	44.2113253474	250
-119.52373144	44	250
-119.751653984	43.5	250
-120	43.1812988222	250
-120.123258859	43	250
-120.5	42.6666032374	250
-120.752803564	42.5	250
-121	42.3572573513	250
-121.5	42.2329284251	250
-122	42.2494065762	250
-122.5	42.4892902495	250
-122.510514424	42.5	250
-122.618388273	43	250
-122.546062823	43.5	250
-122.5	43.5985703543	250
-122.290915012	44	250
-122	44.3084219396	250
-121.682993218	44.5	250
-121.5	44.6181792915	250
> 260 contour -Z260
-121.5	44.5587658286	260
-121	44.7688431144	260
-120.5	44.8598178923	260
-120	44.8653881252	260
-119.556969017	44.5	260
-119.589835763	44	260
-119.81030637	43.5	260
-120	43.2565671355	260
-120.174431235	43	260
-120.5	42.7118881643	260
-120.821518868	42.5	260
-121	42.3969367519	260
-121.5	42.2609951198	260
-122	42.274551928	260
-122.46371305	42.5	260
-122.5	42.6175525784	260
-122.582322866	43	260
-122.5	43.4954420924	260
-122.499250621	43.5	260
-122.238473326	44	260
-122	44.2528243661	260
-121.590995178	44.5	260
-121.5	44.5587658286	260
> 270 contour -Z270
-121	44.7178398967	270
-120.5	44.8021298051	270
-120	44.7731882632	270
-119.668760836	44.5	270
-119.655940115	44	270
-119.868958771	43.5	270
-120	43.3318354487	270
-120.22560358	43	270
-120.5	42.7571730912	270
-120.89023418	42.5	270
-121	42.4366161451	270
-121.5	42.2890618294	270
-122	42.299697265	270
-122.411992848	42.5	270
-122.5	42.7851016819	270
-122.546257455	43	270
-122.5	43.278390348	270
-122.463565141	43.5	270
-122.18603164	44	270
-122	44.1972268075	270
-121.5	44.4995187223	270
-121.498727113	44.5	270
-121	44.7178398967	270
> 280 contour -Z280
-121	44.6668366492	280
-120.5	44.744441703	280
-120	44.6809883863	280
-119.780552641	44.5	280
-119.722044438	44	280
-119.927611157	43.5	280
-120	43.4071037695	280
-120.276775926	43	280
-120.5	42.802458033	280
-120.958949484	42.5	280
-121	42.4762955345	280
-121.5	42.3171285391	280
-122	42.3248426169	280
-122.360272616	42.5	280
-122.5	42.9526508078	280
-122.510192044	43	280
-122.5	43.0613385811	280
-122.427879661	43.5	280
-122.133589953	44	280
-122	44.141629234	280
-121.5	44.4553674459	280
-121.381959289	44.5	280
-121	44.6668366492	280
> 290 contour -Z290
-121	44.6158334315	290
-120.5	44.6867536008	290
-120	44.5887885168	290
-119.892344438	44.5	290
-119.788148791	44	290
-119.986263548	43.5	290
-120	43.4823720828	290
-120.327948272	43	290
-120.5	42.8477429599	290
-121	42.5140040815	290
-121.034013718	42.5	290
-121.5	42.3451952487	290
-122	42.3499879539	290
-122.308552414	42.5	290
-122.477926791	43	290
-122.392194182	43.5	290
-122.081148259	44	290
-122	44.0860316679	290
-121.5	44.4112161696	290
-121.265191436	44.5	290
-121	44.6158334315	290
> 300 contour -Z300
-121	44.5648302138	300
-120.5	44.6290654987	300
-120.008134276	44.5	300
-120	44.4917477965	300
-119.854253128	44	300
-120	43.6288963556	300
-120.037607759	43.5	300
-120.379120626	43	300
-120.5	42.8930278942	300
-121	42.5487881303	300
-121.118498862	42.5	300
-121.5	42.3732619584	300
-122	42.3751332909	300
-122.256832182	42.5	300
-122.447158515	43	300
-122.356508702	43.5	300
-122.028706575	44	300
-122	44.0304341037	300
-121.5	44.3670648932	300
-121.148423597	44.5	300
-121	44.5648302138	300
> 310 contour -Z310
-121	44.5138269663	310
-120.5	44.571377404	310
-120.227982312	44.5	310
-120	44.2687127292	310
-119.920357466	44	310
-120	43.7972125709	310
-120.08671692	43.5	310
-120.430292979	43	310
-120.5	42.9383128248	310
-121	42.5835722089	310
-121.202984005	42.5	310
-121.5	42.4013286605	310
-122	42.4002786353	310
-122.20511198	42.5	310
-122.41639024	43	310
-122.320823222	43.5	310
-122	43.9760349095	310
-121.970861644	44	310
-121.5	44.3229136169	310
-121.031655747	44.5	310
-121	44.5138269663	310
> 320 contour -Z320
-120.5	44.5136893094	320
-120.447830368	44.5	320
-120	44.0456776731	320
-119.986461804	44	320
-120	43.9655287713	320
-120.135826081	43.5	320
-120.481465327	43	320
-120.5	42.9835977554	320
-121	42.6183562577	320
-121.287469134	42.5	320
-121.5	42.4293953702	320
-122	42.4254239723	320
-122.153391764	42.5	320
-122.385621935	43	320
-122.285137743	43.5	320
-122	43.9230850637	320
-121.906481773	44	320
-121.5	44.2787623405	320
-121	44.4648648202	320
-120.622800089	44.5	320
-120.5	44.5136893094	320
> 330 contour -Z330
-121.5	44.2346110642	330
-121	44.4166618288	330
-120.5	44.4445106387	330
-120.057581455	44	330
-120.184935242	43.5	330
-120.5	43.0452121794	330
-120.530057639	43	330
-121	42.6531403065	330
-121.371954277	42.5	330
-121.5	42.4574620798	330
-122	42.4505693167	330
-122.101671547	42.5	330
-122.35485366	43	330
-122.249452263	43.5	330
-122	43.8701352477	330
-121.842101872	44	330
-121.5	44.2346110642	330
> 340 contour -Z340
-121.5	44.1904597878	340
-121	44.3684588373	340
-120.5	44.3717569113	340
-120.129992753	44	340
-120.234044403	43.5	340
-120.5	43.1160999835	340
-120.577184796	43	340
-121	42.6879243851	340
-121.456439413	42.5	340
-121.5	42.4855287885	340
-122	42.4757146556	340
-122.04995133	42.5	340
-122.324085385	43	340
-122.213766783	43.5	340
-122	43.8171854317	340
-121.777721971	44	340
-121.5	44.1904597878	340
> 350 contour -Z350
-121.5	44.1463085115	350
-121	44.3202558458	350
-120.5	44.2990031838	350
-120.202404052	44	350
-120.283153549	43.5	350
-120.5	43.1869877875	350
-120.624311924	43	350
-121	42.7227084339	350
-121.5	42.5168382525	350
-122	42.5017873943	350
-122.293317109	43	350
-122.178081304	43.5	350
-122	43.7642355859	350
-121.713342085	44	350
-121.5	44.1463085115	350
> 360 contour -Z360
-121.5	44.1021572351	360
-121	44.2720528543	360
-120.5	44.2262494713	360
-120.274815366	44	360
-120.332262725	43.5	360
-120.5	43.2578755766	360
-120.671439052	43	360
-121	42.7574925125	360
-121.5	42.5515993536	360
-122	42.5540487468	360
-122.262548804	43	360
-122.142395824	43.5	360
-122	43.7112857699	360
-121.6489622	44	360
-121.5	44.1021572351	360
> 370 contour -Z370
-121.5	44.0580059588	370
-121	44.2238498628	370
-120.5	44.1534957439	370
-120.347226679	44	370
-120.381371878	43.5	370
-120.5	43.3287633806	370
-120.718566209	43	370
-121	42.7922765762	370
-121.5	42.5863604248	370
-122	42.6063100994	370
-122.231780529	43	370
-122.106710345	43.5	370
-122	43.658335939	370
-121.584582306	44	370
-121.5	44.0580059588	370
> 380 contour -Z380
-121.5	44.0138546824	380
-121	44.1756468713	380
-120.5	44.0807420239	380
-120.419637986	44	380
-120.430481039	43.5	380
-120.5	43.3996511847	380
-120.765693352	43	380
-121	42.8270606399	380
-121.5	42.6211215258	380
-122	42.6585714221	380
-122.201012254	43	380
-122.071024865	43.5	380
-122	43.6053861231	380
-121.520202413	44	380
-121.5	44.0138546824	380
> 390 contour -Z390
-121	44.1274438798	390
-120.5	44.0079883002	390
-120.492049296	44	390
-120.479590204	43.5	390
-120.5	43.4705389887	390
-120.812820479	43	390
-121	42.8618447036	390
-121.5	42.655882597	390
-122	42.7108327746	390
-122.170243964	43	390
-122.035339385	43.5	390
-122	43.5524362922	390
-121.5	43.9632005095	390
-121.396970063	44	390
-121	44.1274438798	390
> 400 contour -Z400
-121	44.0792408884	400
-120.675644338	44	400
-120.539037526	43.5	400
-120.859947622	43	400
-121	42.8966287673	400
-121.5	42.690643698	400
-122	42.7630941272	400
-122.139475688	43	400
-122	43.4989325404	400
-121.999365866	43.5	400
-121.5	43.9095725715	400
-121.246824384	44	400
-121	44.0792408884	400
> 410 contour -Z410
-121	44.0310378969	410
-120.872953027	44	410
-120.605836928	43.5	410
-120.907074764	43	410
-121	42.9314128309	410
-121.5	42.725404799	410
-122	42.8153554648	410
-122.108707398	43	410
-122	43.3888682127	410
-121.933980733	43.5	410
-121.5	43.8559446335	410
-121.096678726	44	410
-121	44.0310378969	410
> 420 contour -Z420
-121.5	43.8023166955	420
-121	43.9661295414	420
-120.6726363	43.5	420
-120.954201907	43	420
-121	42.9661968909	420
-121.5	42.7601658851	420
-122	42.8676168174	420
-122.077939115	43	420
-122	43.278803885	420
-121.86859557	43.5	420
-121.5	43.8023166955	420
> 430 contour -Z430
-121.5	43.7486887574	430
-121	43.8710146248	430
-120.739435703	43.5	430
-121	43.0035889447	430
-121.002378762	43	430
-121.5	42.7949269712	430
-122	42.9198781624	430
-122.047170836	43	430
-122	43.1687395573	430
-121.803210437	43.5	430
-121.5	43.7486887574	430
> 440 contour -Z440
-121.5	43.6950608194	440
-121	43.7758997083	440
-120.80623509	43.5	440
-121	43.1308510303	440
-121.086728513	43	440
-121.5	42.8296880573	440
-122	42.9721395094	440
-122.016402552	43	440
-122	43.0586752258	440
-121.737825289	43.5	440
-121.5	43.6950608194	440
> 450 contour -Z450
-121.5	43.6414328814	450
-121	43.6807848066	450
-120.873034477	43.5	450
-121	43.258113116	450
-121.171078235	43	450
-121.5	42.8644491434	450
-121.946534842	43	450
-121.672440141	43.5	450
-121.5	43.6414328814	450
> 460 contour -Z460
-121.5	43.5878049433	460
-121	43.58566989	460
-120.939833865	43.5	460
-121	43.3853751943	460
-121.255427986	43	460
-121.5	42.899210237	460
-121.832024038	43	460
-121.607055001	43.5	460
-121.5	43.5878049433	460
> 470 contour -Z470
-121.5	43.5341770053	470
-121.067405105	43.5	470
-121.339777723	43	470
-121.5	42.9339713305	470
-121.717513219	43	470
-121.54166986	43.5	470
-121.5	43.5341770053	470
> 480 contour -Z480
-121.5	43.3563218415	480
-121.424127452	43	480
-121.5	42.9687324166	480
-121.603002414	43	480
-121.5	43.3563218415	480
