> 10 contour -Z10
-118	52.0026559532	10
-117.5	52.0231473204	10
-117.230923623	52	10
-117	51.9884142876	10
-116.5	51.9289182127	10
-116	51.8289259672	10
-115.5	51.6928847879	10
-115	51.5241517983	10
-114.935351476	51.5	10
-114.5	51.3898052275	10
-114	51.2099324614	10
-113.608809054	51	10
-113.5	50.952606976	10
-113	50.6843535006	10
-112.717770994	50.5	10
-112.5	50.371566385	10
-112	50.0011933447	10
-111.998488478	50	10
-111.578649431	49.5	10
-111.5	49.2658191025	10
-111.399079457	49	10
-111.344275951	48.5	10
-111.413048074	48	10
-111.5	47.8149233609	10
-111.595816195	47.5	10
-111.912436582	47	10
-112	46.9022860974	10
-112.276872754	46.5	10
-112.5	46.2695239484	10
-112.71006614	46	10
-113	45.7141357064	10
-113.186837018	45.5	10
-113.5	45.1929948926	10
-113.677382916	45	10
-114	44.6673535109	10
-114.153001904	44.5	10
-114.5	44.1140215099	10
-114.598095328	44	10
-115	43.5149006546	10
-115.011703938	43.5	10
-115.347912073	43	10
-115.5	42.8154010177	10
-115.742116034	42.5	10
-116	42.215683341	10
-116.211045682	42	10
-116.5	41.7306425273	10
-116.822828606	41.5	10
-117	41.3635489196	10
-117.5	41.0817845464	10
-117.715014219	41	10
-118	40.8392427117	10
-118.5	40.6520694494	10
-119	40.5494152606	10
-119.41407878	40.5	10
-119.5	40.4802381266	10
-120	40.4531524405	10
-120.271759242	40.5	10
-120.5	40.5262373686	10
-121	40.7217330933	10
-121.293356121	41	10
-121.5	41.3077856004	10
-121.598951183	41.5	10
-121.739373416	42	10
-121.896423221	42.5	10
-121.964080304	43	10
-121.946935862	43.5	10
-121.945369005	44	10
-122	44.3220438063	10
-122.077702694	44.5	10
-122.311082751	45	10
-122.464637995	45.5	10
-122.5	45.721090436	10
-122.584038459	46	10
-122.604703151	46.5	10
-122.522609085	47	10
-122.5	47.0659769699	10
-122.429829806	47.5	10
-122.349582821	48	10
-122.259839684	48.5	10
-122.122579493	49	10
-122	49.2742909491	10
-121.926956743	49.5	10
-121.632059529	50	10
-121.5	50.1646889746	10
-121.205199391	50.5	10
-121	50.7082835287	10
-120.642752543	51	10
-120.5	51.1188196167	10
-120	51.4275537133	10
-119.82763809	51.5	10
-119.5	51.6768481731	10
-119	51.8485860825	10
-118.5	51.9509465694	10
-118.014312157	52	10
-118	52.0026559532	10
> 20 contour -Z20
-118	51.5577980578	20
-117.5	51.5503188521	20
-117.10911721	51.5	20
-117	51.4901840091	20
-116.5	51.4072595239	20
-116	51.2915384471	20
-115.5	51.1477967203	20
-115.067226917	51	20
-115	50.9835804999	20
-114.5	50.8396839499	20
-114	50.6222368404	20
-113.786258906	50.5	20
-113.5	50.3600346744	20
-113	50.0342690311	20
-112.951498061	50	20
-112.5	49.5935170874	20
-112.4105106	49.5	20
-112.128720284	49	20
-112.036806613	48.5	20
-112.049623996	48	20
-112.174040198	47.5	20
-112.453696225	47	20
-112.5	46.9402617104	20
-112.763617307	46.5	20
-113	46.2210164666	20
-113.146254987	46	20
-113.5	45.6154479384	20
-113.587254137	45.5	20
-114	45.0671921968	20
-114.055675715	45	20
-114.5	44.5345960557	20
-114.530212492	44.5	20
-114.990006303	44	20
-115	43.9879375976	20
-115.383257776	43.5	20
-115.5	43.3580336124	20
-115.780277312	43	20
-116	42.7502010614	20
-116.232112229	42.5	20
-116.5	42.229161948	20
-116.772441924	42	20
-117	41.8082155436	20
-117.5	41.5165644288	20
-117.537608355	41.5	20
-118	41.2293780446	20
-118.5	41.0674483478	20
-118.877567016	41	20
-119	40.9612090476	20
-119.5	40.8876212537	20
-120	40.9101882204	20
-120.326210916	41	20
-120.5	41.0380430818	20
-121	41.348724395	20
-121.123994626	41.5	20
-121.371859699	42	20
-121.5	42.4384615943	20
-121.523844985	42.5	20
-121.687562242	43	20
-121.701609343	43.5	20
-121.697721645	44	20
-121.784937561	44.5	20
-121.914549887	45	20
-122	45.4382286482	20
-122.0242646	45.5	20
-122.13562274	46	20
-122.163552135	46.5	20
-122.131916046	47	20
-122.058165483	47.5	20
-122	47.8111331463	20
-121.983026594	48	20
-121.916729003	48.5	20
-121.790225923	49	20
-121.502039616	49.5	20
-121.5	49.5028822103	20
-121.124228373	50	20
-121	50.1328898668	20
-120.570787907	50.5	20
-120.5	50.5630945042	20
-120	50.9133527279	20
-119.818194687	51	20
-119.5	51.1853062809	20
-119	51.3803839684	20
-118.5	51.4906634688	20
-118.399203271	51.5	20
-118	51.5577980578	20
> 30 contour -Z30
-119	51.0603839755	30
-118.5	51.2068789452	30
-118	51.2563456297	30
-117.5	51.2374484241	30
-117	51.1672909111	30
-116.5	51.0475213788	30
-116.339684531	51	30
-116	50.92908898	30
-115.5	50.8057252467	30
-115	50.6525424123	30
-114.624694556	50.5	30
-114.5	50.4581121802	30
-114	50.2441679984	30
-113.594774544	50	30
-113.5	49.9426229596	30
-113	49.5379405469	30
-112.9593927	49.5	30
-112.615780592	49	30
-112.5	48.5796372816	30
-112.474980319	48.5	30
-112.462813005	48	30
-112.5	47.8597257584	30
-112.563732266	47.5	30
-112.780531481	47	30
-113	46.6774457097	30
-113.090877354	46.5	30
-113.449248597	46	30
-113.5	45.9448287413	30
-113.836196125	45.5	30
-114	45.3282342702	30
-114.271976113	45	30
-114.5	44.7611581981	30
-114.728067756	44.5	30
-115	44.2074375451	30
-115.176879525	44	30
-115.5	43.6390511096	30
-115.621260345	43.5	30
-116	43.0751348734	30
-116.070679545	43	30
-116.5	42.5545725524	30
-116.56207338	42.5	30
-117	42.0992423296	30
-117.151996762	42	30
-117.5	41.7437855005	30
-118	41.5163137615	30
-118.053636104	41.5	30
-118.5	41.2996284962	30
-119	41.1933157146	30
-119.5	41.1629412472	30
-120	41.2128189802	30
-120.5	41.384519428	30
-120.657842398	41.5	30
-121	41.8454292864	30
-121.090850368	42	30
-121.312342107	42.5	30
-121.448715091	43	30
-121.473508149	43.5	30
-121.469022691	44	30
-121.5	44.2761643678	30
-121.540019609	44.5	30
-121.695951566	45	30
-121.812957764	45.5	30
-121.876075357	46	30
-121.895109087	46.5	30
-121.882464319	47	30
-121.849024534	47.5	30
-121.804359466	48	30
-121.71987085	48.5	30
-121.525058331	49	30
-121.5	49.0433605462	30
-121.226998433	49.5	30
-121	49.7662826777	30
-120.757770807	50	30
-120.5	50.2344679087	30
-120.100538485	50.5	30
-120	50.5746222883	30
-119.5	50.859401226	30
-119.127327874	51	30
-119	51.0603839755	30
> 40 contour -Z40
-119.5	50.6048317254	40
-119	50.8287601769	40
-118.5	50.9472557604	40
-118	50.9835551977	40
-117.5	50.9611317813	40
-117	50.8975509107	40
-116.5	50.8004184961	40
-116	50.6757448316	40
-115.5	50.5203208439	40
-115.441677444	50.5	40
-115	50.3778155744	40
-114.5	50.1845143586	40
-114.145089984	50	40
-114	49.9318350255	40
-113.5	49.6039154753	40
-113.375233807	49.5	40
-113	49.0001082946	40
-112.999923214	49	40
-112.790373266	48.5	40
-112.75328438	48	40
-112.839868575	47.5	40
-113	47.1666091383	40
-113.05926621	47	40
-113.323478773	46.5	40
-113.5	46.2615621537	40
-113.657855839	46	40
-114	45.5796682537	40
-114.05488506	45.5	40
-114.488276522	45	40
-114.5	44.9877203358	40
-114.925923005	44.5	40
-115	44.4203031361	40
-115.358387515	44	40
-115.5	43.8418086171	40
-115.798076257	43.5	40
-116	43.2734846324	40
-116.257267609	43	40
-116.5	42.7481609285	40
-116.782269776	42.5	40
-117	42.3007495999	40
-117.460619684	42	40
-117.5	41.9710065685	40
-118	41.6736305654	40
-118.5	41.5189304948	40
-118.619337916	41.5	40
-119	41.4067355543	40
-119.5	41.3901003823	40
-120	41.480886735	40
-120.048306312	41.5	40
-120.5	41.6763943434	40
-120.821902335	42	40
-121	42.274056375	40
-121.111852899	42.5	40
-121.289296657	43	40
-121.324844629	43.5	40
-121.315365672	44	40
-121.363121748	44.5	40
-121.484169692	45	40
-121.5	45.0756645501	40
-121.615008533	45.5	40
-121.689862564	46	40
-121.714231476	46.5	40
-121.702167198	47	40
-121.670037597	47.5	40
-121.625692323	48	40
-121.523012694	48.5	40
-121.5	48.557169348	40
-121.33392027	49	40
-121	49.4567257464	40
-120.962057918	49.5	40
-120.5	49.9512200356	40
-120.432802707	50	40
-120	50.3261460662	40
-119.672807381	50.5	40
-119.5	50.6048317254	40
> 50 contour -Z50
-119	50.6176917553	50
-118.5	50.752627492	50
-118	50.7900867164	50
-117.5	50.7608834803	50
-117	50.6849568486	50
-116.5	50.5704594404	50
-116.24995923	50.5	50
-116	50.4450602829	50
-115.5	50.3165659606	50
-115	50.1512123495	50
-114.663964152	50	50
-114.5	49.9375311732	50
-114	49.6845918	50
-113.740727872	49.5	50
-113.5	49.2582816482	50
-113.287216306	49	50
-113.073227227	48.5	50
-113.022841543	48	50
-113.083033562	47.5	50
-113.263773575	47	50
-113.5	46.5863415003	50
-113.539738238	46.5	50
-113.847472429	46	50
-114	45.8126164824	50
-114.215367824	45.5	50
-114.5	45.1738986671	50
-114.632264942	45	50
-115	44.5960924327	50
-115.078771085	44.5	50
-115.5	44.0308257937	50
-115.525687784	44	50
-115.974892173	43.5	50
-116	43.4718343727	50
-116.443855673	43	50
-116.5	42.9417492859	50
-117	42.5013180077	50
-117.001811236	42.5	50
-117.5	42.1103465557	50
-117.724036992	42	50
-118	41.8309473842	50
-118.5	41.6571092904	50
-119	41.5799625218	50
-119.5	41.5814452469	50
-120	41.6756905019	50
-120.5	41.9409726113	50
-120.558716688	42	50
-120.921535552	42.5	50
-121	42.6758832335	50
-121.129878208	43	50
-121.176181138	43.5	50
-121.161708638	44	50
-121.199509174	44.5	50
-121.331367254	45	50
-121.446207583	45.5	50
-121.5	45.9776562657	50
-121.503649755	46	50
-121.533353861	46.5	50
-121.521870064	47	50
-121.5	47.354057312	50
-121.49426198	47.5	50
-121.463071376	48	50
-121.37182498	48.5	50
-121.150508061	49	50
-121	49.2058602571	50
-120.742103651	49.5	50
-120.5	49.7364249527	50
-120.136909664	50	50
-120	50.1031706855	50
-119.5	50.39486292	50
-119.243323445	50.5	50
-119	50.6176917553	50
> 60 contour -Z60
-118.5	50.5579992235	60
-118	50.5966182277	60
-117.5	50.5606351793	60
-117.15018478	50.5	60
-117	50.4798274636	60
-116.5	50.3848146498	60
-116	50.2656945288	60
-115.5	50.1190701872	60
-115.177800357	50	60
-115	49.9461214542	60
-114.5	49.7456736118	60
-114.082599908	49.5	60
-114	49.4406890869	60
-113.560524672	49	60
-113.5	48.8842618167	60
-113.30256398	48.5	60
-113.223911196	48	60
-113.280685455	47.5	60
-113.468280934	47	60
-113.5	46.9444564208	60
-113.704558909	46.5	60
-114	46.0491927266	60
-114.026896238	46	60
-114.375850551	45.5	60
-114.5	45.3577627391	60
-114.772109434	45	60
-115	44.7496928275	60
-115.204683959	44.5	60
-115.5	44.1710703671	60
-115.642556638	44	60
-116	43.6095365882	60
-116.098663807	43.5	60
-116.5	43.0834407508	60
-116.588792652	43	60
-117	42.6189982891	60
-117.163529336	42.5	60
-117.5	42.2368327677	60
-117.980842361	42	60
-118	41.9882641919	60
-118.5	41.795288071	60
-119	41.721991837	60
-119.5	41.7392237186	60
-120	41.8648694903	60
-120.239505038	42	60
-120.5	42.1805065274	60
-120.744054362	42.5	60
-120.975539893	43	60
-121	43.2501349151	60
-121.027517639	43.5	60
-121.008051603	44	60
-121.035896603	44.5	60
-121.178564861	45	60
-121.317824662	45.5	60
-121.388489515	46	60
-121.411465257	46.5	60
-121.403706223	47	60
-121.379501492	47.5	60
-121.338522851	48	60
-121.226682886	48.5	60
-121	48.9484838247	60
-120.970506042	49	60
-120.522149393	49.5	60
-120.5	49.5216298643	60
-120	49.9102495313	60
-119.846169263	50	60
-119.5	50.2161191553	60
-119	50.43155092	60
-118.701242566	50.5	60
-118.5	50.5579992235	60
> 70 contour -Z70
-119.5	50.0373753905	70
-119	50.2768287957	70
-118.5	50.3986457288	70
-118	50.4285877645	70
-117.5	50.3975429237	70
-117	50.3246539533	70
-116.5	50.2187458128	70
-116	50.086328797	70
-115.726035893	50	70
-115.5	49.9421508014	70
-115	49.784178108	70
-114.5	49.5538160503	70
-114.408566393	49.5	70
-114	49.2066286355	70
-113.79394047	49	70
-113.525017977	48.5	70
-113.5	48.3642133474	70
-113.424980856	48	70
-113.47833734	47.5	70
-113.5	47.4425877184	70
-113.628100574	47	70
-113.86937958	46.5	70
-114	46.3006890714	70
-114.164402425	46	70
-114.5	45.542444706	70
-114.5273377	45.5	70
-114.911953934	45	70
-115	44.9032932222	70
-115.330596805	44.5	70
-115.5	44.3113149256	70
-115.759425491	44	70
-116	43.7372016013	70
-116.213656545	43.5	70
-116.5	43.2027952969	70
-116.71580258	43	70
-117	42.7366786003	70
-117.325247422	42.5	70
-117.5	42.3633189946	70
-118	42.0980629027	70
-118.328879058	42	70
-118.5	41.9334668741	70
-119	41.8640211672	70
-119.5	41.8970022053	70
-119.84778893	42	70
-120	42.0469608307	70
-120.5	42.4128485247	70
-120.56657318	42.5	70
-120.843537152	43	70
-120.916707575	43.5	70
-120.912073642	44	70
-120.920894206	44.5	70
-121	44.9111884981	70
-121.025762441	45	70
-121.18944177	45.5	70
-121.274749756	46	70
-121.302913547	46.5	70
-121.294119567	47	70
-121.264740974	47.5	70
-121.213974342	48	70
-121.081540778	48.5	70
-121	48.6613254547	70
-120.806102693	49	70
-120.5	49.33715415	70
-120.309090108	49.5	70
-120	49.7432098091	70
-119.559866093	50	70
-119.5	50.0373753905	70
> 80 contour -Z80
-119	50.1221066713	80
-118.5	50.2542664111	80
-118	50.2859343886	80
-117.5	50.250587821	80
-117	50.1694804579	80
-116.5	50.0526769832	80
-116.310264409	50	80
-116	49.9289082289	80
-115.5	49.7964716256	80
-115	49.6222347766	80
-114.744014174	49.5	80
-114.5	49.3797426224	80
-114.024526983	49	80
-114	48.9666686356	80
-113.704874128	48.5	80
-113.595765442	48	80
-113.631118566	47.5	80
-113.77971679	47	80
-114	46.5624848604	80
-114.025951743	46.5	80
-114.301908612	46	80
-114.5	45.7299212813	80
-114.648087323	45.5	80
-115	45.0563809574	80
-115.041129977	45	80
-115.456509668	44.5	80
-115.5	44.4515594915	80
-115.876294337	44	80
-116	43.8648665994	80
-116.328649297	43.5	80
-116.5	43.3221498132	80
-116.842812523	43	80
-117	42.8543588817	80
-117.486965525	42.5	80
-117.5	42.4898052141	80
-118	42.2040310502	80
-118.5	42.0555817485	80
-119	42.0049784184	80
-119.5	42.0465552807	80
-120	42.2113317847	80
-120.368779093	42.5	80
-120.5	42.6402756572	80
-120.711534411	43	80
-120.814495683	43.5	80
-120.819285154	44	80
-120.819554508	44.5	80
-120.905529141	45	80
-121	45.3180567473	80
-121.061058868	45.5	80
-121.161009997	46	80
-121.194361821	46.5	80
-121.184532925	47	80
-121.149980485	47.5	80
-121.089425832	48	80
-121	48.3104998171	80
-120.942267627	48.5	80
-120.641699314	49	80
-120.5	49.1560734808	80
-120.096802913	49.5	80
-120	49.5761700794	80
-119.5	49.8894588649	80
-119.249731064	50	80
-119	50.1221066713	80
> 90 contour -Z90
-118.5	50.1098870933	90
-118	50.1432810277	90
-117.5	50.1036327556	90
-117	50.0143069513	90
-116.940516319	50	90
-116.5	49.9065067172	90
-116	49.7918505669	90
-115.5	49.6507924646	90
-115.095758945	49.5	90
-115	49.4680570662	90
-114.5	49.2126023918	90
-114.23380205	49	90
-114	48.6822706014	90
-113.884730257	48.5	90
-113.748525858	48	90
-113.778376594	47.5	90
-113.93133302	47	90
-114	46.8636171967	90
-114.151020527	46.5	90
-114.439414795	46	90
-114.5	45.9173978493	90
-114.76883696	45.5	90
-115	45.208597213	90
-115.152171999	45	90
-115.5	44.5864272416	90
-115.568650872	44.5	90
-115.993163183	44	90
-116	43.9925316088	90
-116.443642043	43.5	90
-116.5	43.4415043369	90
-116.969822448	43	90
-117	42.9720391706	90
-117.5	42.5895490348	90
-117.66948089	42.5	90
-118	42.309999153	90
-118.5	42.1627789736	90
-119	42.1218417883	90
-119.5	42.1806430817	90
-120	42.3757027388	90
-120.158792093	42.5	90
-120.5	42.8647526056	90
-120.57953167	43	90
-120.71228382	43.5	90
-120.726496696	44	90
-120.71821478	44.5	90
-120.791900545	45	90
-120.938025862	45.5	90
-121	45.7789362967	90
-121.047270227	46	90
-121.08581011	46.5	90
-121.074946277	47	90
-121.035219997	47.5	90
-121	47.7605705857	90
-120.96842742	48	90
-120.810518801	48.5	90
-120.5	48.9723246992	90
-120.477170587	49	90
-120	49.4207112193	90
-119.883286804	49.5	90
-119.5	49.7496925294	90
-119	49.9731942713	90
-118.891552567	50	90
-118.5	50.1098870933	90
> 100 contour -Z100
-118	50.0006276667	100
-117.992647265	50	100
-117.5	49.962448746	100
-117	49.8787660003	100
-116.5	49.7695804536	100
-116	49.6547929049	100
-115.5	49.5051133083	100
-115.486292358	49.5	100
-115	49.3377842903	100
-114.5	49.0454621613	100
-114.443077151	49	100
-114.054717541	48.5	100
-114	48.3213964403	100
-113.901286259	48	100
-113.925634645	47.5	100
-114	47.2600037456	100
-114.06441626	47	100
-114.276089326	46.5	100
-114.5	46.1190364957	100
-114.56105122	46	100
-114.889586583	45.5	100
-115	45.3608134836	100
-115.263214022	45	100
-115.5	44.7184578776	100
-115.673525423	44.5	100
-116	44.1161055565	100
-116.096388161	44	100
-116.5	43.5572625399	100
-116.554414868	43.5	100
-117	43.0772003829	100
-117.095863193	43	100
-117.5	42.6869484484	100
-117.853819489	42.5	100
-118	42.4159672782	100
-118.5	42.2699761838	100
-119	42.2387051582	100
-119.5	42.3147308677	100
-119.925007612	42.5	100
-120	42.5406266153	100
-120.436988801	43	100
-120.5	43.1348005831	100
-120.610071942	43.5	100
-120.633708224	44	100
-120.616875067	44.5	100
-120.678271949	45	100
-120.819844931	45.5	100
-120.935870409	46	100
-120.978919715	46.5	100
-120.969153732	47	100
-120.929877996	47.5	100
-120.856467932	48	100
-120.678769976	48.5	100
-120.5	48.7719238997	100
-120.311859429	49	100
-120	49.274959892	100
-119.668740571	49.5	100
-119.5	49.609926194	100
-119	49.8460325301	100
-118.5	49.970902741	100
-118.009042076	50	100
-118	50.0006276667	100
> 110 contour -Z110
-119	49.7188707888	110
-118.5	49.849105984	110
-118	49.878100723	110
-117.5	49.8350699246	110
-117	49.7452189922	110
-116.5	49.632654205	110
-116	49.5177352447	110
-115.940875508	49.5	110
-115.5	49.3923895359	110
-115	49.2075115144	110
-114.656835675	49	110
-114.5	48.8626571	110
-114.20709148	48.5	110
-114.044166505	48	110
-114.05630371	47.5	110
-114.182157516	47	110
-114.401158132	46.5	110
-114.5	46.3318296075	110
-114.670188159	46	110
-115	45.5137727261	110
-115.008676827	45.5	110
-115.374256045	45	110
-115.5	44.8504885286	110
-115.778399989	44.5	110
-116	44.2394253016	110
-116.198765367	44	110
-116.5	43.6695640683	110
-116.66113162	43.5	110
-117	43.1784600616	110
-117.221601874	43	110
-117.5	42.7843478769	110
-118	42.5201381445	110
-118.076507986	42.5	110
-118.5	42.3771734163	110
-119	42.3555685431	110
-119.5	42.4488186687	110
-119.617410034	42.5	110
-120	42.7072654665	110
-120.27847001	43	110
-120.5	43.4739216827	110
-120.507860065	43.5	110
-120.540919751	44	110
-120.51553535	44.5	110
-120.564643346	45	110
-120.701663986	45.5	110
-120.826134652	46	110
-120.878297865	46.5	110
-120.871569902	47	110
-120.828706443	47.5	110
-120.744508415	48	110
-120.547021158	48.5	110
-120.5	48.5715230629	110
-120.146548301	49	110
-120	49.129208535	110
-119.5	49.4727914333	110
-119.444823444	49.5	110
-119	49.7188707888	110
> 120 contour -Z120
-119	49.5917090178	120
-118.5	49.727309227	120
-118	49.7556627393	120
-117.5	49.7076910883	120
-117	49.6116719916	120
-116.517984599	49.5	120
-116.5	49.4965744913	120
-116	49.408569634	120
-115.5	49.2808645666	120
-115	49.0772387385	120
-114.872269362	49	120
-114.5	48.6739992648	120
-114.359465405	48.5	120
-114.169001102	48	120
-114.170048684	47.5	120
-114.299898773	47	120
-114.5	46.554918319	120
-114.520792842	46.5	120
-114.779325098	46	120
-115	45.6746685803	120
-115.110041201	45.5	120
-115.485298065	45	120
-115.5	44.9825191759	120
-115.883274555	44.5	120
-116	44.3627450615	120
-116.301142558	44	120
-116.5	43.781865567	120
-116.767848387	43.5	120
-117	43.2797197253	120
-117.347340569	43	120
-117.5	42.8817472979	120
-118	42.617423892	120
-118.446111761	42.5	120
-118.5	42.4843706433	120
-119	42.4724319167	120
-119.138082489	42.5	120
-119.5	42.5882176757	120
-120	42.8739043474	120
-120.119951196	43	120
-120.405834913	43.5	120
-120.462896615	44	120
-120.454522967	44.5	120
-120.474142611	45	120
-120.5	45.1894943714	120
-120.583483055	45.5	120
-120.71639891	46	120
-120.777675986	46.5	120
-120.773986071	47	120
-120.72753489	47.5	120
-120.632548913	48	120
-120.5	48.3240011334	120
-120.41225031	48.5	120
-120	48.9818967283	120
-119.979900092	49	120
-119.5	49.345350951	120
-119.186385438	49.5	120
-119	49.5917090178	120
> 130 contour -Z130
-118.5	49.60551247	130
-118	49.6332247406	130
-117.5	49.5803122595	130
-117.103109777	49.5	130
-117	49.4800161123	130
-116.5	49.3867808878	130
-116	49.3035497069	130
-115.5	49.1693395823	130
-115.105712742	49	130
-115	48.9461935163	130
-114.511249036	48.5	130
-114.5	48.4775331616	130
-114.293835685	48	130
-114.283793628	47.5	130
-114.417640045	47	130
-114.5	46.8168081641	130
-114.619948059	46.5	130
-114.888462037	46	130
-115	45.8355644196	130
-115.211405575	45.5	130
-115.5	45.1167793274	130
-115.586541951	45	130
-115.988149123	44.5	130
-116	44.4860648075	130
-116.403519765	44	130
-116.5	43.8941670954	130
-116.874565139	43.5	130
-117	43.3809794039	130
-117.473079264	43	130
-117.5	42.9791467208	130
-118	42.7147096097	130
-118.5	42.5913563371	130
-119	42.5939783156	130
-119.5	42.7308954895	130
-119.942871243	43	130
-120	43.0377595425	130
-120.303825319	43.5	130
-120.396521986	44	130
-120.400812089	44.5	130
-120.414162517	45	130
-120.47746706	45.5	130
-120.5	45.6159923077	130
-120.60666316	46	130
-120.677054152	46.5	130
-120.676402241	47	130
-120.626363322	47.5	130
-120.520589404	48	130
-120.5	48.0503285192	130
-120.275802314	48.5	130
-120	48.822396934	130
-119.802808642	49	130
-119.5	49.2179104686	130
-119	49.466309756	130
-118.878263772	49.5	130
-118.5	49.60551247	130
> 140 contour -Z140
-118	49.510786742	140
-117.903737336	49.5	140
-117.5	49.4518478215	140
-117	49.3580142856	140
-116.5	49.2769872844	140
-116	49.198529765	140
-115.5	49.0578146093	140
-115.365385503	49	140
-115	48.8140232861	140
-114.656025499	48.5	140
-114.5	48.1883819848	140
-114.418670274	48	140
-114.397538595	47.5	140
-114.5	47.1250730455	140
-114.527867973	47	140
-114.719103277	46.5	140
-114.997598974	46	140
-115	45.9964602718	140
-115.312769935	45.5	140
-115.5	45.2513797134	140
-115.686290562	45	140
-116	44.6099950075	140
-116.091482878	44.5	140
-116.5	44.0071668923	140
-116.506477773	44	140
-116.981281905	43.5	140
-117	43.482239075	140
-117.5	43.0804499388	140
-117.644551873	43	140
-118	42.8119953424	140
-118.5	42.6983059049	140
-119	42.7169704735	140
-119.5	42.8735733032	140
-119.708063215	43	140
-120	43.1929571331	140
-120.201815739	43.5	140
-120.330147386	44	140
-120.347101212	44.5	140
-120.354182422	45	140
-120.400719911	45.5	140
-120.497047782	46	140
-120.5	46.017775476	140
-120.576432288	46.5	140
-120.578818418	47	140
-120.525191773	47.5	140
-120.5	47.6168906763	140
-120.398290128	48	140
-120.139354303	48.5	140
-120	48.66289711	140
-119.625717193	49	140
-119.5	49.0904699862	140
-119	49.3454697132	140
-118.5	49.4836799204	140
-118.198601395	49.5	140
-118	49.510786742	140
> 150 contour -Z150
-119	49.2246296406	150
-118.5	49.3616155982	150
-118	49.3832991719	150
-117.5	49.3215309083	150
-117	49.2360125035	150
-116.5	49.1671936661	150
-116	49.0935098231	150
-115.675509989	49	150
-115.5	48.9513840377	150
-115	48.681853056	150
-114.800801992	48.5	150
-114.538739443	48	150
-114.509278178	47.5	150
-114.620606542	47	150
-114.818258464	46.5	150
-115	46.1739656627	150
-115.086273819	46	150
-115.414134309	45.5	150
-115.5	45.3859801069	150
-115.786039203	45	150
-116	44.7340029478	150
-116.194620341	44.5	150
-116.5	44.1315914392	150
-116.618938386	44	150
-117	43.5978637636	150
-117.105095476	43.5	150
-117.5	43.1828166842	150
-117.828483656	43	150
-118	42.9092810825	150
-118.5	42.8052555025	150
-119	42.8399626613	150
-119.459755242	43	150
-119.5	43.0134469271	150
-120	43.3481547385	150
-120.099806145	43.5	150
-120.263772756	44	150
-120.293390304	44.5	150
-120.294202358	45	150
-120.323972762	45.5	150
-120.391611487	46	150
-120.469346046	46.5	150
-120.475655109	47	150
-120.408772916	47.5	150
-120.273660839	48	150
-120.002906307	48.5	150
-120	48.503397305	150
-119.5	48.9561782479	150
-119.432503492	49	150
-119	49.2246296406	150
> 160 contour -Z160
-119	49.1037895977	160
-118.5	49.2395512611	160
-118	49.2553237677	160
-117.5	49.191214025	160
-117	49.1140106991	160
-116.5	49.0574000627	160
-116.08665362	49	160
-116	48.9904790521	160
-115.5	48.8504371345	160
-115	48.5496828258	160
-114.945578482	48.5	160
-114.649899989	48	160
-114.60280779	47.5	160
-114.713345081	47	160
-114.917413682	46.5	160
-115	46.3518446684	160
-115.174488366	46	160
-115.5	45.5198939145	160
-115.512995571	45.5	160
-115.885787845	45	160
-116	44.8580109179	160
-116.297757804	44.5	160
-116.5	44.2560159862	160
-116.731399029	44	160
-117	43.7165440321	160
-117.232545704	43.5	160
-117.5	43.2851834148	160
-118	43.0077590048	160
-118.037989795	43	160
-118.5	42.9122050926	160
-119	42.9629548378	160
-119.106423333	43	160
-119.5	43.1315050721	160
-119.996563643	43.5	160
-120	43.503605336	160
-120.197398141	44	160
-120.239679426	44.5	160
-120.234222263	45	160
-120.247225598	45.5	160
-120.286175191	46	160
-120.341834068	46.5	160
-120.34905684	47	160
-120.287298709	47.5	160
-120.149031579	48	160
-120	48.2749596536	160
-119.836807162	48.5	160
-119.5	48.8051208556	160
-119.199837193	49	160
-119	49.1037895977	160
> 170 contour -Z170
-118.5	49.1174869239	170
-118	49.1273483783	170
-117.5	49.060897138	170
-117.061467558	49	170
-117	48.9933344424	170
-116.5	48.9585288465	170
-116	48.90360865	170
-115.5	48.7494902313	170
-115.100804359	48.5	170
-115	48.3874928057	170
-114.761060506	48	170
-114.696337432	47.5	170
-114.806083649	47	170
-115	46.5370002389	170
-115.01320681	46.5	170
-115.262702912	46	170
-115.5	45.6500039995	170
-115.597989112	45.5	170
-115.985536478	45	170
-116	44.9820188843	170
-116.400895275	44.5	170
-116.5	44.3804405332	170
-116.843859643	44	170
-117	43.8352242857	170
-117.359995916	43.5	170
-117.5	43.3875501379	170
-118	43.1227068305	170
-118.5	43.0213646889	170
-119	43.0815155804	170
-119.5	43.249563247	170
-119.837474883	43.5	170
-120	43.6705167592	170
-120.131023526	44	170
-120.185968533	44.5	170
-120.174242169	45	170
-120.170478433	45.5	170
-120.180738896	46	170
-120.214322105	46.5	170
-120.222458556	47	170
-120.165824473	47.5	170
-120.024402317	48	170
-120	48.045021683	170
-119.670062736	48.5	170
-119.5	48.654063493	170
-119	48.9781667292	170
-118.936073035	49	170
-118.5	49.1174869239	170
> 180 contour -Z180
-119.5	48.5030061305	180
-119	48.8234302104	180
-118.5	48.9937506318	180
-118	48.9991930425	180
-117.5	48.9261595607	180
-117	48.891569823	180
-116.5	48.8716236949	180
-116	48.8167382181	180
-115.5	48.648543328	180
-115.262323961	48.5	180
-115	48.2072216272	180
-114.872221023	48	180
-114.789867043	47.5	180
-114.898822203	47	180
-115	46.7584252357	180
-115.092241943	46.5	180
-115.350917459	46	180
-115.5	45.7801140547	180
-115.682982653	45.5	180
-116	45.0932408869	180
-116.076573133	45	180
-116.5	44.504101187	180
-116.504080892	44.5	180
-116.956320263	44	180
-117	43.9539045542	180
-117.487446145	43.5	180
-117.5	43.4899168704	180
-118	43.2376546264	180
-118.5	43.1406537294	180
-119	43.1981663108	180
-119.5	43.3676214069	180
-119.678386152	43.5	180
-120	43.8374281824	180
-120.064648911	44	180
-120.132257655	44.5	180
-120.114262082	45	180
-120.093731284	45.5	180
-120.075302586	46	180
-120.086810127	46.5	180
-120.095860288	47	180
-120.044350252	47.5	180
-120	47.6561189741	180
-119.863054216	48	180
-119.5033183	48.5	180
-119.5	48.5030061305	180
> 190 contour -Z190
-119	48.6686936617	190
-118.5	48.8271006644	190
-118	48.8344918191	190
-117.5	48.7875440717	190
-117	48.7898052037	190
-116.5	48.7847185731	190
-116	48.7298678011	190
-115.5	48.5475964285	190
-115.423843563	48.5	190
-115	48.0269504525	190
-114.983381556	48	190
-114.883396663	47.5	190
-114.991560757	47	190
-115	46.9798502438	190
-115.171277076	46.5	190
-115.439132016	46	190
-115.5	45.9102241322	190
-115.76797618	45.5	190
-116	45.2022945285	190
-116.166132301	45	190
-116.5	44.6089889109	190
-116.608449757	44.5	190
-117	44.0700861514	190
-117.083472073	44	190
-117.5	43.6140157878	190
-117.706406265	43.5	190
-118	43.352602452	190
-118.5	43.2599427849	190
-119	43.3148169965	190
-119.5	43.4856795752	190
-119.519297423	43.5	190
-119.997918606	44	190
-120	44.0087340474	190
-120.078546762	44.5	190
-120.054281998	45	190
-120.016984126	45.5	190
-120	45.7182013243	190
-119.982276171	46	190
-119.964292884	46.5	190
-119.95557192	47	190
-119.881411344	47.5	190
-119.69276619	48	190
-119.5	48.2679798901	190
-119.263295144	48.5	190
-119	48.6686936617	190
> 200 contour -Z200
-119	48.513957113	200
-118.5	48.660450682	200
-118	48.6697905809	200
-117.5	48.6489285529	200
-117	48.6880406141	200
-116.5	48.6978134215	200
-116	48.6429973841	200
-115.621516675	48.5	200
-115.5	48.4366671145	200
-115.094617814	48	200
-115	47.6124223098	200
-114.976926288	47.5	200
-115	47.3932682797	200
-115.067722589	47	200
-115.250312224	46.5	200
-115.5	46.0446789861	200
-115.521836251	46	200
-115.852969721	45.5	200
-116	45.3113481551	200
-116.255691469	45	200
-116.5	44.7138766646	200
-116.712818593	44.5	200
-117	44.1846809089	200
-117.219953597	44	200
-117.5	43.7404892147	200
-117.935364999	43.5	200
-118	43.4675502554	200
-118.5	43.3792318404	200
-119	43.4314677119	200
-119.200347796	43.5	200
-119.5	43.5720435083	200
-119.917863548	44	200
-120	44.3446655124	200
-120.024835877	44.5	200
-120	44.9147830307	200
-119.996317357	45	200
-119.965468764	45.5	200
-119.920261443	46	200
-119.852428585	46.5	200
-119.772589296	47	200
-119.694628105	47.5	200
-119.522478146	48	200
-119.5	48.0312486906	200
-119.021784121	48.5	200
-119	48.513957113	200
> 210 contour -Z210
-118	48.5050893724	210
-117.5	48.5103130396	210
-117	48.5862760022	210
-116.5	48.6109082848	210
-116	48.5561269671	210
-115.851443991	48.5	210
-115.5	48.3168319762	210
-115.20586735	48	210
-115.064160913	47.5	210
-115.142224908	47	210
-115.329347372	46.5	210
-115.5	46.1888044178	210
-115.592275649	46	210
-115.937963251	45.5	210
-116	45.4204017967	210
-116.345250636	45	210
-116.5	44.8187644035	210
-116.817187443	44.5	210
-117	44.2992757112	210
-117.35643512	44	210
-117.5	43.8669626415	210
-118	43.5739790201	210
-118.491508491	43.5	210
-118.5	43.4985209001	210
-118.514590859	43.5	210
-119	43.5297777951	210
-119.5	43.6540322006	210
-119.83780846	44	210
-119.973724306	44.5	210
-119.957552552	45	210
-119.921124041	45.5	210
-119.858246714	46	210
-119.740564272	46.5	210
-119.589606658	47	210
-119.507844862	47.5	210
-119.5	47.5230768453	210
-119.249002367	48	210
-119	48.2431247532	210
-118.5	48.4897210896	210
-118.226876542	48.5	210
-118	48.5050893724	210
> 220 contour -Z220
-116.5	48.5240031481	220
-116.280828789	48.5	220
-116	48.4684136212	220
-115.5	48.1969968826	220
-115.317116916	48	220
-115.149334013	47.5	220
-115.216727227	47	220
-115.408382505	46.5	220
-115.5	46.3329298645	220
-115.662715048	46	220
-116	45.5266982019	220
-116.018365175	45.5	220
-116.434809819	45	220
-116.5	44.9236521423	220
-116.921556301	44.5	220
-117	44.4138704836	220
-117.492916647	44	220
-117.5	43.9934360646	220
-118	43.6770569384	220
-118.5	43.5805376172	220
-119	43.6019664109	220
-119.5	43.7360209227	220
-119.757753372	44	220
-119.924848467	44.5	220
-119.918787748	45	220
-119.876779318	45.5	220
-119.796231985	46	220
-119.628699943	46.5	220
-119.5	46.8463693261	220
-119.426302016	47	220
-119.219669968	47.5	220
-119	47.9219308794	220
-118.923781544	48	220
-118.5	48.2134016752	220
-118	48.3286841512	220
-117.5	48.4084706604	220
-117	48.4881594777	220
-116.822361767	48.5	220
-116.5	48.5240031481	220
> 230 contour -Z230
-118	48.1519057453	230
-117.5	48.3095841408	230
-117	48.4103638828	230
-116.5	48.4459228814	230
-116	48.3791613579	230
-115.5	48.077161774	230
-115.42836646	48	230
-115.234507084	47.5	230
-115.291229561	47	230
-115.487417644	46.5	230
-115.5	46.4770552982	230
-115.733154446	46	230
-116	45.6255436838	230
-116.086359084	45.5	230
-116.5	45.0214062631	230
-116.520452142	45	230
-117	44.5187375247	230
-117.023999006	44.5	230
-117.5	44.0806907415	230
-117.65385741	44	230
-118	43.7801348269	230
-118.5	43.6620863378	230
-119	43.6741550267	230
-119.5	43.8180096149	230
-119.677698299	44	230
-119.875972629	44.5	230
-119.880022943	45	230
-119.832434624	45.5	230
-119.734217256	46	230
-119.516835634	46.5	230
-119.5	46.545309633	230
-119.281881005	47	230
-119	47.443369329	230
-118.945114791	47.5	230
-118.5	47.9493888915	230
-118.39526248	48	230
-118	48.1519057453	230
> 240 contour -Z240
-117.5	48.2106975913	240
-117	48.3325683177	240
-116.5	48.3712101579	240
-116	48.2899091244	240
-115.549399406	48	240
-115.5	47.9280081391	240
-115.319680154	47.5	240
-115.36573188	47	240
-115.5	46.6590617001	240
-115.553162724	46.5	240
-115.803593859	46	240
-116	45.7243891656	240
-116.154352993	45.5	240
-116.5	45.1000770628	240
-116.5956164	45	240
-117	44.5941705108	240
-117.120613635	44.5	240
-117.5	44.1657985747	240
-117.81613709	44	240
-118	43.8832127228	240
-118.5	43.7436350882	240
-119	43.7463436425	240
-119.5	43.8999983221	240
-119.597643226	44	240
-119.82709676	44.5	240
-119.841258138	45	240
-119.788089901	45.5	240
-119.672202528	46	240
-119.5	46.3828696609	240
-119.445471495	46.5	240
-119.137459993	47	240
-119	47.2162101865	240
-118.724957138	47.5	240
-118.5	47.7271172404	240
-118	47.9868038595	240
-117.969027966	48	240
-117.5	48.2106975913	240
> 250 contour -Z250
-117.5	48.1118110716	250
-117	48.2547727227	250
-116.5	48.2964974344	250
-116	48.2006568611	250
-115.6881226	48	250
-115.5	47.7258408666	250
-115.40485324	47.5	250
-115.44023421	47	250
-115.5	46.8482406139	250
-115.61639142	46.5	250
-115.874033257	46	250
-116	45.8232346624	250
-116.222346932	45.5	250
-116.5	45.1787478626	250
-116.670780659	45	250
-117	44.6696035266	250
-117.217228264	44.5	250
-117.5	44.2509063929	250
-117.978416773	44	250
-118	43.9862906206	250
-118.5	43.8251838535	250
-119	43.8185322583	250
-119.5	43.9819870293	250
-119.51758815	44	250
-119.778220922	44.5	250
-119.802493334	45	250
-119.743745178	45.5	250
-119.610187806	46	250
-119.5	46.2449880689	250
-119.381282508	46.5	250
-119	46.9959754646	250
-118.996127069	47	250
-118.504799488	47.5	250
-118.5	47.504845574	250
-118	47.89301458	250
-117.74889946	48	250
-117.5	48.1118110716	250
> 260 contour -Z260
-117.5	48.012924552	260
-117	48.1769771278	260
-116.5	48.2217847109	260
-116	48.1114046127	260
-115.82684578	48	260
-115.5	47.5236735865	260
-115.490026318	47.5	260
-115.5	47.3140687644	260
-115.513376594	47	260
-115.679620117	46.5	260
-115.944472652	46	260
-116	45.9220801443	260
-116.290340826	45.5	260
-116.5	45.2574186623	260
-116.745944917	45	260
-117	44.7450365424	260
-117.313842893	44.5	260
-117.5	44.3360142112	260
-118	44.0544365346	260
-118.215596408	44	260
-118.5	43.9067325965	260
-119	43.8907208741	260
-119.329933405	44	260
-119.5	44.0712901652	260
-119.729345083	44.5	260
-119.763728529	45	260
-119.69940047	45.5	260
-119.548173074	46	260
-119.5	46.1071064919	260
-119.317093521	46.5	260
-119	46.9124779105	260
-118.915774763	47	260
-118.5	47.4205051661	260
-118.382670432	47.5	260
-118	47.7992252707	260
-117.528770948	48	260
-117.5	48.012924552	260
> 270 contour -Z270
-117	48.0991815329	270
-116.5	48.1470719874	270
-116	48.0221523605	270
-115.965568978	48	270
-115.581428885	47.5	270
-115.581003577	47	270
-115.742848814	46.5	270
-116	46.024738878	270
-116.012217104	46	270
-116.35833475	45.5	270
-116.5	45.336089462	270
-116.821109161	45	270
-117	44.8204695433	270
-117.410457514	44.5	270
-117.5	44.4211220294	270
-118	44.1172237992	270
-118.464265902	44	270
-118.5	43.9882813487	270
-119	43.9629094861	270
-119.111982949	44	270
-119.5	44.1626527309	270
-119.68046923	44.5	270
-119.72496374	45	270
-119.655055746	45.5	270
-119.5	45.9699984491	270
-119.490313202	46	270
-119.252904534	46.5	270
-119	46.8289803267	270
-118.835422486	47	270
-118.5	47.3392386734	270
-118.262726068	47.5	270
-118	47.7054359913	270
-117.5	47.9413063824	270
-117.297290385	48	270
-117	48.0991815329	270
> 280 contour -Z280
-117	48.0213859379	280
-116.5	48.0723592564	280
-116.218508512	48	280
-116	47.912381649	280
-115.673657656	47.5	280
-115.64863053	47	280
-115.80607751	46.5	280
-116	46.1415967345	280
-116.0699265	46	280
-116.426328652	45.5	280
-116.5	45.4147602543	280
-116.896273419	45	280
-117	44.8959025443	280
-117.5	44.5040304065	280
-117.50707981	44.5	280
-118	44.1800110638	280
-118.5	44.0446147025	280
-119	44.0268440843	280
-119.5	44.2540153116	280
-119.631593391	44.5	280
-119.686198935	45	280
-119.610711031	45.5	280
-119.5	45.8355826139	280
-119.446913421	46	280
-119.188715562	46.5	280
-119	46.7454827726	280
-118.75507021	47	280
-118.5	47.2579722106	280
-118.14278169	47.5	280
-118	47.6116466969	280
-117.5	47.8737880588	280
-117.064103037	48	280
-117	48.0213859379	280
> 290 contour -Z290
-118	47.5178574026	290
-117.5	47.8062697649	290
-117	47.9524816871	290
-116.5	47.9974571466	290
-116	47.7958369851	290
-115.765886441	47.5	290
-115.716257513	47	290
-115.869306207	46.5	290
-116	46.2584546208	290
-116.127635926	46	290
-116.494322566	45.5	290
-116.5	45.4934310555	290
-116.971437674	45	290
-117	44.9713355489	290
-117.5	44.5590910316	290
-117.603799105	44.5	290
-118	44.2427983284	290
-118.5	44.0967164934	290
-119	44.0820561051	290
-119.5	44.3453778774	290
-119.582717538	44.5	290
-119.64743413	45	290
-119.566366315	45.5	290
-119.5	45.7011667788	290
-119.40351367	46	290
-119.124526583	46.5	290
-119	46.6619852185	290
-118.674717918	47	290
-118.5	47.1767057329	290
-118.022837309	47.5	290
-118	47.5178574026	290
> 300 contour -Z300
-117.5	47.7387514412	300
-117	47.8869483173	300
-116.5	47.9167325795	300
-116	47.6792923361	300
-115.858115226	47.5	300
-115.783884481	47	300
-115.932534896	46.5	300
-116	46.3753124923	300
-116.185345322	46	300
-116.5	45.5719512701	300
-116.552427799	45.5	300
-117	45.0367120802	300
-117.040641427	45	300
-117.5	44.6141516566	300
-117.700518429	44.5	300
-118	44.305585593	300
-118.5	44.1488182545	300
-119	44.1372680962	300
-119.5	44.4367404506	300
-119.533841692	44.5	300
-119.608669333	45	300
-119.522021601	45.5	300
-119.5	45.5667509511	300
-119.360113919	46	300
-119.060337603	46.5	300
-119	46.578487657	300
-118.594365627	47	300
-118.5	47.0954392478	300
-118	47.4545964003	300
-117.906850368	47.5	300
-117.5	47.7387514412	300
> 310 contour -Z310
-117.5	47.6712331474	310
-117	47.8214149475	310
-116.5	47.8360079825	310
-116	47.5627476797	310
-115.950344	47.5	310
-115.851511449	47	310
-115.995763592	46.5	310
-116	46.4921703655	310
-116.243054718	46	310
-116.5	45.6504577696	310
-116.609632105	45.5	310
-117	45.0959250331	310
-117.106191963	45	310
-117.5	44.6692122817	310
-117.797237739	44.5	310
-118	44.3683728576	310
-118.5	44.2009200454	310
-119	44.1924801171	310
-119.473832071	44.5	310
-119.5	44.5728597343	310
-119.569904529	45	310
-119.5	45.3908830881	310
-119.481082737	45.5	310
-119.316714168	46	310
-119	46.4959225357	310
-118.996893406	46.5	310
-118.514013343	47	310
-118.5	47.0141727757	310
-118	47.3985149264	310
-117.791794091	47.5	310
-117.5	47.6712331474	310
> 320 contour -Z320
-117.5	47.6037148237	320
-117	47.7558815777	320
-116.5	47.7552833855	320
-116.06368652	47.5	320
-116	47.3607374132	320
-115.919138424	47	320
-116	46.7191476524	320
-116.05304566	46.5	320
-116.300764129	46	320
-116.5	45.7289642692	320
-116.666836411	45.5	320
-117	45.1551379561	320
-117.171742529	45	320
-117.5	44.7242729068	320
-117.893957049	44.5	320
-118	44.4311601147	320
-118.5	44.2530218363	320
-119	44.247692138	320
-119.388760418	44.5	320
-119.5	44.8097257614	320
-119.531139726	45	320
-119.5	45.1741230786	320
-119.443503737	45.5	320
-119.273314387	46	320
-119	46.4279656112	320
-118.945117503	46.5	320
-118.5	46.9561903775	320
-118.440446585	47	320
-118	47.3424334526	320
-117.67673783	47.5	320
-117.5	47.6037148237	320
> 330 contour -Z330
-117.5	47.5361965299	330
-117	47.690348193	330
-116.5	47.6745588034	330
-116.201655656	47.5	330
-116	47.0590418428	330
-115.986765397	47	330
-116	46.9540329315	330
-116.109900653	46.5	330
-116.358473539	46	330
-116.5	45.8074707687	330
-116.724040717	45.5	330
-117	45.214350909	330
-117.237293065	45	330
-117.5	44.7793335468	330
-117.990676362	44.5	330
-118	44.4939473756	330
-118.5	44.3051236123	330
-119	44.3029041588	330
-119.303688765	44.5	330
-119.490641475	45	330
-119.405924737	45.5	330
-119.229914635	46	330
-119	46.3600086868	330
-118.893341601	46.5	330
-118.5	46.9031264782	330
-118.368313164	47	330
-118	47.2863519788	330
-117.561681576	47.5	330
-117.5	47.5361965299	330
> 340 contour -Z340
-117	47.6248148084	340
-116.5	47.5938342065	340
-116.339624777	47.5	340
-116.062694848	47	340
-116.166755676	46.5	340
-116.416182935	46	340
-116.5	45.8859772682	340
-116.781245023	45.5	340
-117	45.273563832	340
-117.30284363	45	340
-117.5	44.8343941718	340
-118	44.5409696102	340
-118.123988092	44.5	340
-118.5	44.3572254032	340
-119	44.3581161797	340
-119.218617111	44.5	340
-119.443064123	45	340
-119.368345708	45.5	340
-119.186514869	46	340
-119	46.2920517623	340
-118.841565698	46.5	340
-118.5	46.8500625789	340
-118.296179742	47	340
-118	47.230270505	340
-117.5	47.4738453031	340
-117.402068645	47.5	340
-117	47.6248148084	340
> 350 contour -Z350
-117	47.5592814386	350
-116.5	47.513109616	350
-116.47759391	47.5	350
-116.140644461	47	350
-116.223610699	46.5	350
-116.473892342	46	350
-116.5	45.964483764	350
-116.838449329	45.5	350
-117	45.33277677	350
-117.368394181	45	350
-117.5	44.8894548044	350
-118	44.5863099694	350
-118.261203617	44.5	350
-118.5	44.4093271866	350
-119	44.4133281857	350
-119.133545458	44.5	350
-119.395486772	45	350
-119.330766708	45.5	350
-119.143115103	46	350
-119	46.2240948379	350
-118.789789766	46.5	350
-118.5	46.7969986796	350
-118.22404635	47	350
-118	47.1741890311	350
-117.5	47.417465359	350
-117.19096455	47.5	350
-117	47.5592814386	350
> 360 contour -Z360
-118	47.1181075573	360
-117.5	47.3610854149	360
-117	47.4932410717	360
-116.5	47.4058389366	360
-116.218594044	47	360
-116.280465707	46.5	360
-116.5	46.0621017814	360
-116.528736413	46	360
-116.895653635	45.5	360
-117	45.3919897005	360
-117.433944739	45	360
-117.5	44.9445154294	360
-118	44.6316503286	360
-118.398419142	44.5	360
-118.5	44.4614289701	360
-119	44.4685402028	360
-119.048473809	44.5	360
-119.347909421	45	360
-119.293187708	45.5	360
-119.099715345	46	360
-119	46.1561379135	360
-118.738013864	46.5	360
-118.5	46.7439347655	360
-118.151912943	47	360
-118	47.1181075573	360
> 370 contour -Z370
-118	47.0620260835	370
-117.5	47.3047054708	370
-117	47.4223934412	370
-116.5	47.2934213281	370
-116.296543658	47	370
-116.337320715	46.5	370
-116.5	46.1755087078	370
-116.581213325	46	370
-116.952857945	45.5	370
-117	45.4512026347	370
-117.499495288	45	370
-117.5	44.999576056	370
-118	44.6769907176	370
-118.5	44.5125692487	370
-119	44.5319011807	370
-119.300332069	45	370
-119.255608708	45.5	370
-119.056315586	46	370
-119	46.0881809965	370
-118.686237961	46.5	370
-118.5	46.6908708662	370
-118.079779528	47	370
-118	47.0620260835	370
> 380 contour -Z380
-118	47.0059446096	380
-117.5	47.2483255267	380
-117	47.3515458405	380
-116.5	47.1810037345	380
-116.374493256	47	380
-116.394175731	46.5	380
-116.5	46.2889156193	380
-116.633690238	46	380
-117	45.5122898817	380
-117.009614229	45.5	380
-117.5	45.0497927666	380
-117.569719255	45	380
-118	44.7223310769	380
-118.5	44.5609686971	380
-119	44.6060554385	380
-119.252754718	45	380
-119.218029693	45.5	380
-119.012915826	46	380
-119	46.0202240702	380
-118.634462044	46.5	380
-118.5	46.6378069669	380
-118.007646123	47	380
-118	47.0059446096	380
> 390 contour -Z390
-117.5	47.1919455826	390
-117	47.28069821	390
-116.5	47.068586126	390
-116.452442847	47	390
-116.451030739	46.5	390
-116.5	46.4023225456	390
-116.686167151	46	390
-117	45.5821584165	390
-117.064271599	45.5	390
-117.5	45.0999719203	390
-117.639979511	45	390
-118	44.7676714361	390
-118.5	44.6093681455	390
-119	44.6802097261	390
-119.205177352	45	390
-119.180450678	45.5	390
-119	45.9361954629	390
-118.966975152	46	390
-118.582686134	46.5	390
-118.5	46.5847430602	390
-118	46.9535598755	390
-117.89601025	47	390
-117.5	47.1919455826	390
> 400 contour -Z400
-117.5	47.1355656385	400
-117	47.2098506093	400
-116.558160871	47	400
-116.509432107	46.5	400
-116.738644063	46	400
-117	45.6520269215	400
-117.118928939	45.5	400
-117.5	45.1501510441	400
-117.710239738	45	400
-118	44.8130118102	400
-118.5	44.6577675939	400
-119	44.7543639839	400
-119.157599986	45	400
-119.142871678	45.5	400
-119	45.8453573883	400
-118.919957936	46	400
-118.530910224	46.5	400
-118.5	46.5316791572	400
-118	46.9016134441	400
-117.779690653	47	400
-117.5	47.1355656385	400
> 410 contour -Z410
-117.5	47.0791856945	410
-117	47.1390029937	410
-116.707330078	47	410
-116.577436209	46.5	410
-116.791120976	46	410
-117	45.7218954563	410
-117.173586309	45.5	410
-117.5	45.2003301978	410
-117.780499995	45	410
-118	44.8583521694	410
-118.5	44.7061670423	410
-119	44.8285182565	410
-119.110022634	45	410
-119.10529267	45.5	410
-119	45.7545193136	410
-118.872940689	46	410
-118.5	46.4758248329	410
-118.47175616	46.5	410
-118	46.8496669829	410
-117.663371041	47	410
-117.5	47.0791856945	410
> 420 contour -Z420
-117.5	47.0228057504	420
-117	47.0681553707	420
-116.856499299	47	420
-116.64544028	46.5	420
-116.843597889	46	420
-117	45.7917639613	420
-117.228243649	45.5	420
-117.5	45.2505093217	420
-117.850760236	45	420
-118	44.9036925361	420
-118.5	44.7545664757	420
-119	44.9026725218	420
-119.062445279	45	420
-119.067713663	45.5	420
-119	45.6636812389	420
-118.825923473	46	420
-118.5	46.4158368409	420
-118.401672184	46.5	420
-118	46.7977205515	420
-117.547051437	47	420
-117.5	47.0228057504	420
> 430 contour -Z430
-118	46.7457741201	430
-117.5	46.9611237347	430
-117	46.995531261	430
-116.713444382	46.5	430
-116.896074802	46	430
-117	45.8616324812	430
-117.282900989	45.5	430
-117.5	45.3006884605	430
-117.921020478	45	430
-118	44.9490329064	430
-118.5	44.8029659092	430
-119	44.9768267907	430
-119.014867924	45	430
-119.030134654	45.5	430
-119	45.5728431642	430
-118.778906226	46	430
-118.5	46.3558488488	430
-118.331588209	46.5	430
-118	46.7457741201	430
> 440 contour -Z440
-118	46.6938276887	440
-117.5	46.8958401978	440
-117	46.8779340088	440
-116.781448469	46.5	440
-116.948551711	46	440
-117	45.9315010011	440
-117.337558344	45.5	440
-117.5	45.3508675992	440
-117.991280722	45	440
-118	44.9943732726	440
-118.5	44.8513653576	440
-118.908540606	45	440
-118.988265961	45.5	440
-118.731889009	46	440
-118.5	46.2958608568	440
-118.261504233	46.5	440
-118	46.6938276887	440
> 450 contour -Z450
-118	46.6418812573	450
-117.5	46.8305566609	450
-117	46.7603367567	450
-116.849452555	46.5	450
-117	46.004388243	450
-117.001291037	46	450
-117.392215699	45.5	450
-117.5	45.401046738	450
-118	45.0484559834	450
-118.14861387	45	450
-118.5	44.8997647986	450
-118.775508791	45	450
-118.929032683	45.5	450
-118.684871778	46	450
-118.5	46.2358728498	450
-118.191420272	46.5	450
-118	46.6418812573	450
> 460 contour -Z460
-118	46.5899347961	460
-117.5	46.765273124	460
-117	46.6427395344	460
-116.917456634	46.5	460
-117	46.2282620072	460
-117.067155927	46	460
-117.44687305	45.5	460
-117.5	45.4512258731	460
-118	45.103777349	460
-118.318283722	45	460
-118.5	44.9481642395	460
-118.642476976	45	460
-118.869799405	45.5	460
-118.637854546	46	460
-118.5	46.1758848578	460
-118.121336304	46.5	460
-118	46.5899347961	460
> 470 contour -Z470
-118	46.5379883647	470
-117.5	46.699989602	470
-117	46.5251422953	470
-116.985460723	46.5	470
-117	46.452135779	470
-117.133020788	46	470
-117.5	45.5025001168	470
-117.502261639	45.5	470
-118	45.1590986848	470
-118.487953586	45	470
-118.5	44.9965636809	470
-118.509445146	45	470
-118.810566157	45.5	470
-118.590837322	46	470
-118.5	46.1158968583	470
-118.051252328	46.5	470
-118	46.5379883647	470
> 480 contour -Z480
-117.5	46.6347060502	480
-117.137949169	46.5	480
-117.198885679	46	480
-117.5	45.5917906463	480
-117.583034456	45.5	480
-118	45.2144200504	480
-118.5	45.0898087919	480
-118.751332879	45.5	480
-118.543820094	46	480
-118.5	46.0559088588	480
-118	46.4794335067	480
-117.94239077	46.5	480
-117.5	46.6347060502	480
> 490 contour -Z490
-117.5	46.569422543	490
-117.313412383	46.5	490
-117.264750555	46	490
-117.5	45.6810811758	490
-117.663807273	45.5	490
-118	45.2697414011	490
-118.5	45.1864812672	490
-118.692099601	45.5	490
-118.5	45.9897316396	490
-118.493623227	46	490
-118	46.4028931558	490
-117.727991849	46.5	490
-117.5	46.569422543	490
> 500 contour -Z500
-117.5	46.5041390061	500
-117.488875586	46.5	500
-117.330615431	46	500
-117.5	45.7703717202	500
-117.74458009	45.5	500
-118	45.3250627667	500
-118.5	45.2831537127	500
-118.632866338	45.5	500
-118.5	45.8387245238	500
-118.399846256	46	500
-118	46.3263528049	500
-117.513592948	46.5	500
-117.5	46.5041390061	500
> 510 contour -Z510
-118	46.2498124242	510
-117.5	46.3132997155	510
-117.396480307	46	510
-117.5	45.8596622497	510
-117.825352922	45.5	510
-118	45.3803841174	510
-118.5	45.3798261732	510
-118.57363306	45.5	510
-118.5	45.687717393	510
-118.306069285	46	510
-118	46.2498124242	510
> 520 contour -Z520
-118	46.1732720733	520
-117.5	46.1139613539	520
-117.462345183	46	520
-117.5	45.9489527829	520
-117.906125747	45.5	520
-118	45.4357054681	520
-118.5	45.4764986318	520
-118.514399787	45.5	520
-118.5	45.5367102847	520
-118.212292314	46	520
-118	46.1732720733	520
> 530 contour -Z530
-118	46.0967317224	530
-117.626559138	46	530
-117.986898573	45.5	530
-118	45.4910268253	530
-118.0882392	45.5	530
-118.118515342	46	530
-118	46.0967317224	530
> 540 contour -Z540
-118	46.0201913416	540
-117.922049604	46	540
-118	45.8802649528	540
-118.02473837	46	540
-118	46.0201913416	540
