> 10 contour -Z10
-117	52.5436567962	10
-116.5	52.6152011752	10
-116	52.6487294436	10
-115.5	52.6447126716	10
-115	52.6067915335	10
-114.5	52.5466381013	10
-114.202730983	52.5	10
-114	52.4778822064	10
-113.5	52.4154148102	10
-113	52.3492174447	10
-112.5	52.2830165923	10
-112	52.2175726593	10
-111.5	52.1430710107	10
-111	52.0439312123	10
-110.812981963	52	10
-110.5	51.9251689613	10
-110	51.7749910355	10
-109.5	51.5768430531	10
-109.335414663	51.5	10
-109	51.3099090159	10
-108.535606027	51	10
-108.5	50.9718900025	10
-108	50.5734193251	10
-107.90893776	50.5	10
-107.5	50.0394112766	10
-107.467271239	50	10
-107.238352597	49.5	10
-107.288313121	49	10
-107.5	48.6701031327	10
-107.587765962	48.5	10
-108	48.0470043421	10
-108.034963727	48	10
-108.5	47.6255834103	10
-108.630375534	47.5	10
-109	47.2498975396	10
-109.353580728	47	10
-109.5	46.9056955874	10
-110	46.5761703253	10
-110.106245875	46.5	10
-110.5	46.2273964286	10
-110.822677538	46	10
-111	45.8731389195	10
-111.5	45.5247624516	10
-111.532446295	45.5	10
-112	45.1378811598	10
-112.185533583	45	10
-112.5	44.7409139276	10
-112.826808035	44.5	10
-113	44.3406437486	10
-113.42534361	44	10
-113.5	43.9215707704	10
-113.94782706	43.5	10
-114	43.4377253391	10
-114.391272023	43	10
-114.5	42.8522574306	10
-114.76137498	42.5	10
-115	42.1429105699	10
-115.0903714	42	10
-115.467865147	41.5	10
-115.5	41.4602675699	10
-115.889351092	41	10
-116	40.8696078658	10
-116.346125573	40.5	10
-116.5	40.3612582535	10
-116.984458326	40	10
-117	39.9894578764	10
-117.5	39.6903262138	10
-118	39.5137184858	10
-118.07460621	39.5	10
-118.5	39.4147157073	10
-119	39.3849513009	10
-119.5	39.409405157	10
-119.990853697	39.5	10
-120	39.5011227429	10
-120.5	39.6246713102	10
-121	39.8512343913	10
-121.216587484	40	10
-121.5	40.1340367198	10
-121.974898577	40.5	10
-122	40.5091286302	10
-122.5	40.8343909234	10
-122.656800956	41	10
-123	41.3448975533	10
-123.146339178	41.5	10
-123.488883764	42	10
-123.5	42.0159591138	10
-123.935638338	42.5	10
-124	42.7783998996	10
-124.152748063	43	10
-124.272737771	43.5	10
-124.299966574	44	10
-124.276217818	44.5	10
-124.213977143	45	10
-124.142725155	45.5	10
-124.03519148	46	10
-124	46.1619003415	10
-123.946999282	46.5	10
-123.819170475	47	10
-123.639019415	47.5	10
-123.5	47.812012881	10
-123.427420825	48	10
-123.192917794	48.5	10
-123	48.8188700378	10
-122.889775276	49	10
-122.52152756	49.5	10
-122.5	49.5274023842	10
-122.089233264	50	10
-122	50.0963367373	10
-121.57944949	50.5	10
-121.5	50.5740423501	10
-121	50.9702970088	10
-120.955546618	51	10
-120.5	51.3157091141	10
-120.147932053	51.5	10
-120	51.5857933164	10
-119.5	51.8257615864	10
-119.013919455	52	10
-119	52.0059598656	10
-118.5	52.1911600828	10
-118	52.3335864544	10
-117.5	52.4462529719	10
-117.192359224	52.5	10
-117	52.5436567962	10
> 20 contour -Z20
-117	51.5644385815	20
-116.5	51.6242779121	20
-116	51.6511646062	20
-115.5	51.6441313922	20
-115	51.6173119098	20
-114.5	51.5826814249	20
-114	51.5405107141	20
-113.666666657	51.5	20
-113.5	51.482663244	20
-113	51.412374258	20
-112.5	51.3103448749	20
-112	51.1715384722	20
-111.547896415	51	20
-111.5	50.9768213034	20
-111	50.6867171675	20
-110.729421735	50.5	20
-110.5	50.2953689992	20
-110.176094204	50	20
-110	49.8094280064	20
-109.727576643	49.5	20
-109.5	49.1472560912	20
-109.413035698	49	20
-109.331289157	48.5	20
-109.5	48.1082780063	20
-109.537742347	48	20
-109.897624813	47.5	20
-110	47.4156244621	20
-110.421042927	47	20
-110.5	46.940722324	20
-111	46.5223456919	20
-111.022632182	46.5	20
-111.5	46.1074233353	20
-111.621931851	46	20
-112	45.6959638596	20
-112.235484987	45.5	20
-112.5	45.2886374295	20
-112.857384667	45	20
-113	44.8840200976	20
-113.483560519	44.5	20
-113.5	44.4856141647	20
-114	44.0609312057	20
-114.073518425	44	20
-114.5	43.6114375889	20
-114.631586909	43.5	20
-115	43.1399862766	20
-115.15855968	43	20
-115.5	42.6331619024	20
-115.639518827	42.5	20
-116	42.0689887404	20
-116.063578606	42	20
-116.5	41.5257314742	20
-116.525250316	41.5	20
-117	41.0455890298	20
-117.05278182	41	20
-117.5	40.612360388	20
-117.66677171	40.5	20
-118	40.2874263823	20
-118.5	40.0978967845	20
-119	40.0123904943	20
-119.261952251	40	20
-119.5	39.9868854089	20
-119.631607965	40	20
-120	40.0250618458	20
-120.5	40.1240158975	20
-121	40.3037979454	20
-121.335260153	40.5	20
-121.5	40.5430247486	20
-122	40.7396495938	20
-122.311816692	41	20
-122.5	41.0863287151	20
-122.913147956	41.5	20
-123	41.5918626785	20
-123.368186623	42	20
-123.5	42.1892392933	20
-123.779685587	42.5	20
-123.941201717	43	20
-123.974999994	43.5	20
-123.96781075	44	20
-123.908922076	44.5	20
-123.78264007	45	20
-123.622200966	45.5	20
-123.5	45.8254544735	20
-123.447163701	46	20
-123.305620581	46.5	20
-123.125527307	47	20
-123	47.2744400799	20
-122.896430731	47.5	20
-122.624637008	48	20
-122.5	48.1969487667	20
-122.295574099	48.5	20
-122	48.869582057	20
-121.885994613	49	20
-121.5	49.3989510238	20
-121.389694631	49.5	20
-121	49.8473970294	20
-120.798245579	50	20
-120.5	50.229729712	20
-120.05694392	50.5	20
-120	50.5362567045	20
-119.5	50.8113049269	20
-119.040082067	51	20
-119	51.018493047	20
-118.5	51.2156907767	20
-118	51.3633977473	20
-117.5	51.4747611284	20
-117.332619697	51.5	20
-117	51.5644385815	20
> 30 contour -Z30
-116.5	51.0007089078	30
-116	51.0312717296	30
-115.5	51.0260833856	30
-115	51.0048368406	30
-114.932410307	51	30
-114.5	50.9725892842	30
-114	50.917783916	30
-113.5	50.8168298304	30
-113	50.664283663	30
-112.604233801	50.5	30
-112.5	50.4411228895	30
-112	50.0959183648	30
-111.881242611	50	30
-111.5	49.6140534803	30
-111.391092025	49.5	30
-111	49.050379958	30
-110.957779575	49	30
-110.63603285	48.5	30
-110.602297574	48	30
-110.814580873	47.5	30
-111	47.2676258236	30
-111.173576862	47	30
-111.5	46.6777865589	30
-111.648510486	46.5	30
-112	46.1866118014	30
-112.189057708	46	30
-112.5	45.7341680825	30
-112.759672433	45.5	30
-113	45.2983890176	30
-113.343343869	45	30
-113.5	44.8691262007	30
-113.939647418	44.5	30
-114	44.4482879154	30
-114.5	44.0279516876	30
-114.533259839	44	30
-115	43.5893860459	30
-115.107185811	43.5	30
-115.5	43.1414610744	30
-115.671731979	43	30
-116	42.6824823916	30
-116.210656881	42.5	30
-116.5	42.193375349	30
-116.701137453	42	30
-117	41.6969276965	30
-117.212456644	41.5	30
-117.5	41.2422779799	30
-117.827201545	41	30
-118	40.870480895	30
-118.5	40.6164426804	30
-118.940313738	40.5	30
-119	40.4835107718	30
-119.5	40.4061329588	30
-120	40.3996777907	30
-120.5	40.485157121	30
-120.538722381	40.5	30
-121	40.579877317	30
-121.5	40.7145749032	30
-122	40.9701705724	30
-122.035726134	41	30
-122.5	41.2129847705	30
-122.786652148	41.5	30
-123	41.725656271	30
-123.247489497	42	30
-123.5	42.3625195175	30
-123.623732865	42.5	30
-123.853639096	43	30
-123.889295518	43.5	30
-123.853785664	44	30
-123.71941328	44.5	30
-123.5	44.960614264	30
-123.484676808	45	30
-123.315687358	45.5	30
-123.080245107	46	30
-123	46.1768273115	30
-122.846091628	46.5	30
-122.599828161	47	30
-122.5	47.1821283698	30
-122.318769693	47.5	30
-122	47.9678240716	30
-121.977070272	48	30
-121.580391087	48.5	30
-121.5	48.5894259736	30
-121.095595874	49	30
-121	49.0892237052	30
-120.5	49.4943442941	30
-120.491980314	49.5	30
-120	49.8515261114	30
-119.738770097	50	30
-119.5	50.1437153816	30
-119	50.3871150613	30
-118.69881843	50.5	30
-118.5	50.5839522183	30
-118	50.751416564	30
-117.5	50.8685257137	30
-117	50.9482250214	30
-116.505454157	51	30
-116.5	51.0007089078	30
> 40 contour -Z40
-116.5	50.5370782018	40
-116	50.5627600253	40
-115.5	50.5527720042	40
-115	50.5199902356	40
-114.835851192	50.5	40
-114.5	50.4571456909	40
-114	50.3411544263	40
-113.5	50.142676264	40
-113.24218148	50	40
-113	49.8114608526	40
-112.648065448	49.5	40
-112.5	49.3460464776	40
-112.167634457	49	40
-112	48.8145998716	40
-111.736934394	48.5	40
-111.5	48.0388019346	40
-111.483450459	48	40
-111.5	47.9051128849	40
-111.5552724	47.5	40
-111.808301121	47	40
-112	46.7659338713	40
-112.17980051	46.5	40
-112.5	46.1839618087	40
-112.656464547	46	40
-113	45.6868081391	40
-113.189147443	45.5	40
-113.5	45.2244603932	40
-113.743804425	45	40
-114	44.7786174119	40
-114.322310671	44.5	40
-114.5	44.3473996818	40
-114.913372383	44	40
-115	43.9237894788	40
-115.5	43.5058378577	40
-115.507359803	43.5	40
-116	43.0802852213	40
-116.102769881	43	40
-116.5	42.646102041	40
-116.676744938	42.5	40
-117	42.1865026951	40
-117.211678535	42	40
-117.5	41.7283880413	40
-117.786961362	41.5	40
-118	41.3319093287	40
-118.5	41.055182308	40
-118.64896369	41	40
-119	40.8662795424	40
-119.5	40.7336753011	40
-120	40.6709469259	40
-120.5	40.6784398556	40
-121	40.7430254221	40
-121.5	40.8861250207	40
-121.716306061	41	40
-122	41.0614275336	40
-122.5	41.3396407962	40
-122.660156339	41.5	40
-123	41.8594498336	40
-123.126792356	42	40
-123.483099908	42.5	40
-123.5	42.5318306684	40
-123.766076505	43	40
-123.803591013	43.5	40
-123.739760563	44	40
-123.529904472	44.5	40
-123.5	44.562778458	40
-123.329897195	45	40
-123.063722014	45.5	40
-123	45.6222684011	40
-122.796610624	46	40
-122.5	46.4592132568	40
-122.470642805	46.5	40
-122.1565229	47	40
-122	47.240782246	40
-121.82348457	47.5	40
-121.5	47.9224732816	40
-121.437881142	48	40
-121	48.4858407378	40
-120.985831887	48.5	40
-120.5	48.9441851079	40
-120.428736418	49	40
-120	49.3247811496	40
-119.716922179	49.5	40
-119.5	49.6385061443	40
-119	49.8982376456	40
-118.74863331	50	40
-118.5	50.111545153	40
-118	50.2820920646	40
-117.5	50.3961779773	40
-117	50.4774350822	40
-116.789644808	50.5	40
-116.5	50.5370782018	40
> 50 contour -Z50
-117	50.089055419	50
-116.5	50.1454446763	50
-116	50.1582028419	50
-115.5	50.1323139518	50
-115	50.0660812408	50
-114.701553643	50	50
-114.5	49.945692867	50
-114	49.7146754116	50
-113.692818254	49.5	50
-113.5	49.3157403469	50
-113.192405462	49	50
-113	48.7808361351	50
-112.739938736	48.5	50
-112.5	48.2080223411	50
-112.34443669	48	50
-112.222765684	47.5	50
-112.382722318	47	50
-112.5	46.8155854493	50
-112.667760134	46.5	50
-113	46.1010128558	50
-113.067935735	46	50
-113.5	45.5731698275	50
-113.564315796	45.5	50
-114	45.0951319635	50
-114.099052429	45	50
-114.5	44.6464501917	50
-114.66770485	44.5	50
-115	44.2136414051	50
-115.257555529	44	50
-115.5	43.7920100242	50
-115.868136242	43.5	50
-116	43.3876560181	50
-116.496222825	43	50
-116.5	42.9966348615	50
-117	42.5760444999	50
-117.096680999	42.5	50
-117.5	42.1391295195	50
-117.677401453	42	50
-118	41.7345754802	50
-118.37486279	41.5	50
-118.5	41.4242950305	50
-119	41.1792593896	50
-119.5	41.0228912234	50
-119.611427426	41	50
-120	40.9044172168	50
-120.5	40.8645279109	50
-121	40.9061735347	50
-121.315538257	41	50
-121.5	41.0205466151	50
-122	41.1319852173	50
-122.5	41.4662968405	50
-122.533660527	41.5	50
-123	41.9932434103	50
-123.006095219	42	50
-123.40129897	42.5	50
-123.5	42.6858996153	50
-123.678513899	43	50
-123.717886508	43.5	50
-123.625735477	44	50
-123.5	44.2834849954	50
-123.423744172	44.5	50
-123.175117612	45	50
-123	45.3011445105	50
-122.870877981	45.5	50
-122.536288876	46	50
-122.5	46.0561825223	50
-122.180552304	46.5	50
-122	46.7476326972	50
-121.776623487	47	50
-121.5	47.3691259325	50
-121.390250623	47.5	50
-121	47.9684484601	50
-120.971309364	48	50
-120.5	48.4710662067	50
-120.467304677	48.5	50
-120	48.8826781809	50
-119.83043927	49	50
-119.5	49.2239324152	50
-119	49.4903793633	50
-118.977990299	49.5	50
-118.5	49.7244704366	50
-118	49.8871805668	50
-117.5	49.9956061542	50
-117.472783506	50	50
-117	50.089055419	50
> 60 contour -Z60
-118	49.5408961773	60
-117.5	49.6627388299	60
-117	49.7457274348	60
-116.5	49.7877548039	60
-116	49.782356292	60
-115.5	49.7245468795	60
-115	49.6059795395	60
-114.726872772	49.5	60
-114.5	49.3731045127	60
-114.048890442	49	60
-114	48.9443119764	60
-113.618572116	48.5	60
-113.5	48.3580839932	60
-113.192450702	48	60
-113	47.6982255131	60
-112.893894203	47.5	60
-112.922255397	47	60
-113	46.8332568854	60
-113.127252012	46.5	60
-113.446408276	46	60
-113.5	45.947057493	60
-113.892960437	45.5	60
-114	45.4005314037	60
-114.417037629	45	60
-114.5	44.9268449694	60
-114.988794019	44.5	60
-115	44.4903431367	60
-115.5	44.0678218305	60
-115.586879075	44	60
-116	43.6640722454	60
-116.2226004	43.5	60
-116.5	43.2780304551	60
-116.87640623	43	60
-117	42.8959626555	60
-117.5	42.5026285946	60
-117.50329411	42.5	60
-118	42.0969835818	60
-118.136193067	42	60
-118.5	41.7470014691	60
-118.916701593	41.5	60
-119	41.4560223483	60
-119.5	41.2178761959	60
-120	41.0808553696	60
-120.5	41.0251992047	60
-121	41.0286343992	60
-121.5	41.0816608369	60
-122	41.202542901	60
-122.42586419	41.5	60
-122.5	41.5686838031	60
-122.91458565	42	60
-123	42.0977797508	60
-123.319498062	42.5	60
-123.5	42.8399685621	60
-123.590951286	43	60
-123.632182017	43.5	60
-123.511710381	44	60
-123.5	44.0264023952	60
-123.333200544	44.5	60
-123.020338025	45	60
-123	45.0349746905	60
-122.698046997	45.5	60
-122.5	45.7855469882	60
-122.328100055	46	60
-122	46.4065439105	60
-121.907893419	46.5	60
-121.5	46.9431546926	60
-121.434675366	47	60
-121	47.4966249168	60
-120.996398866	47.5	60
-120.54116486	48	60
-120.5	48.0411436222	60
-120	48.4857569933	60
-119.982033372	48.5	60
-119.5	48.8530915678	60
-119.254955202	49	60
-119	49.1504283994	60
-118.5	49.3795173168	60
-118.117279023	49.5	60
-118	49.5408961773	60
> 70 contour -Z70
-118.5	49.0669000745	70
-118	49.2351492792	70
-117.5	49.3484641612	70
-117	49.4220715165	70
-116.5	49.4489789903	70
-116	49.4180290699	70
-115.5	49.3091665804	70
-115	49.0907448903	70
-114.859954059	49	70
-114.5	48.63796781	70
-114.377382226	48.5	70
-114	48.0288252365	70
-113.975806272	48	70
-113.581054866	47.5	70
-113.5	47.2491360903	70
-113.440503221	47	70
-113.5	46.7806082666	70
-113.56227839	46.5	70
-113.812327236	46	70
-114	45.7832955867	70
-114.205054164	45.5	70
-114.5	45.2162375748	70
-114.709971577	45	70
-115	44.7429758608	70
-115.282854706	44.5	70
-115.5	44.3160717338	70
-115.904884622	44	70
-116	43.9226572812	70
-116.5	43.5522910655	70
-116.578155428	43.5	70
-117	43.1869770586	70
-117.266888231	43	70
-117.5	42.8155589402	70
-117.895450965	42.5	70
-118	42.4151711762	70
-118.5	42.0389485359	70
-118.560387462	42	70
-119	41.6917080581	70
-119.326513916	41.5	70
-119.5	41.4128611833	70
-120	41.2177591622	70
-120.5	41.1178432405	70
-121	41.0960252881	70
-121.5	41.1427750885	70
-122	41.2731005996	70
-122.324847966	41.5	70
-122.5	41.6622712016	70
-122.824628472	42	70
-123	42.2007600069	70
-123.237697124	42.5	70
-123.5	42.9940375159	70
-123.503388682	43	70
-123.546477519	43.5	70
-123.5	43.6883508563	70
-123.441708803	44	70
-123.242656916	44.5	70
-123	44.8776137233	70
-122.907940477	45	70
-122.525216032	45.5	70
-122.5	45.5363568328	70
-122.128355742	46	70
-122	46.1590436995	70
-121.663967207	46.5	70
-121.5	46.678141728	70
-121.130131617	47	70
-121	47.1486778706	70
-120.625148565	47.5	70
-120.5	47.6357741952	70
-120.124366648	48	70
-120	48.1119253263	70
-119.51046874	48.5	70
-119.5	48.5076683988	70
-119	48.8261398971	70
-118.638690889	49	70
-118.5	49.0669000745	70
> 80 contour -Z80
-117.5	49.0519745648	80
-117	49.1167093739	80
-116.5	49.1217110157	80
-116	49.0481246561	80
-115.840953395	49	80
-115.5	48.840955615	80
-115.083344936	48.5	80
-115	48.3940467834	80
-114.694253415	48	80
-114.5	47.7609542608	80
-114.282102123	47.5	80
-114	47.0661525726	80
-113.967794761	47	80
-113.984219383	46.5	80
-114	46.4641487449	80
-114.179679394	46	80
-114.5	45.5168477595	80
-114.509857297	45.5	80
-114.99406251	45	80
-115	44.9947381765	80
-115.5	44.56528759	80
-115.577817231	44.5	80
-116	44.1663581729	80
-116.234744519	44	80
-116.5	43.8021286726	80
-116.951568443	43.5	80
-117	43.4640621431	80
-117.5	43.1079901755	80
-117.609057158	43	80
-118	42.6662812233	80
-118.189724714	42.5	80
-118.5	42.2485745251	80
-118.885400407	42	80
-119	41.9196334779	80
-119.5	41.5942955315	80
-119.671270192	41.5	80
-120	41.3546629548	80
-120.5	41.2104873061	80
-121	41.163416177	80
-121.5	41.2038893104	80
-122	41.3436582983	80
-122.223831728	41.5	80
-122.5	41.7558585852	80
-122.734671295	42	80
-123	42.3037402481	80
-123.155896202	42.5	80
-123.429065824	43	80
-123.470455319	43.5	80
-123.37674588	44	80
-123.152113304	44.5	80
-123	44.7367130816	80
-122.801954359	45	80
-122.5	45.3846776783	80
-122.391987264	45.5	80
-122	45.9483078122	80
-121.943212181	46	80
-121.5	46.4474207461	80
-121.423571944	46.5	80
-121	46.8801582456	80
-120.821744293	47	80
-120.5	47.3046387136	80
-120.256017745	47.5	80
-120	47.7491047978	80
-119.710591584	48	80
-119.5	48.1713498235	80
-119.02237203	48.5	80
-119	48.5142830499	80
-118.5	48.7660017312	80
-118	48.9371015131	80
-117.72342594	49	80
-117.5	49.0519745648	80
> 90 contour -Z90
-118	48.6472464204	90
-117.5	48.7579821348	90
-117	48.8025819659	90
-116.5	48.768297255	90
-116	48.6177943945	90
-115.7999852	48.5	90
-115.5	48.1754641682	90
-115.359306112	48	90
-115	47.5213793945	90
-114.982688745	47.5	90
-114.565222949	47	90
-114.5	46.8356009722	90
-114.413168415	46.5	90
-114.5	46.2017099261	90
-114.55205068	46	90
-114.837339491	45.5	90
-115	45.3317183256	90
-115.287244052	45	90
-115.5	44.8172655851	90
-115.878153577	44.5	90
-116	44.4037074223	90
-116.5	44.0523534119	90
-116.581973732	44	90
-117	43.7253495753	90
-117.319775194	43.5	90
-117.5	43.3709957749	90
-117.874661341	43	90
-118	42.893007718	90
-118.448416729	42.5	90
-118.5	42.4582005106	90
-119	42.1002632678	90
-119.159686267	42	90
-119.5	41.7647811025	90
-119.980925327	41.5	90
-120	41.4915667623	90
-120.5	41.3031313717	90
-121	41.230807066	90
-121.5	41.265003562	90
-122	41.414215982	90
-122.122815497	41.5	90
-122.5	41.8494459838	90
-122.644714102	42	90
-123	42.4067204967	90
-123.074095272	42.5	90
-123.355275989	43	90
-123.405905038	43.5	90
-123.311782986	44	90
-123.061569687	44.5	90
-123	44.5958124623	90
-122.69596827	45	90
-122.5	45.2496556789	90
-122.265523434	45.5	90
-122	45.8036737442	90
-121.784320593	46	90
-121.5	46.2870203853	90
-121.190417349	46.5	90
-121	46.6709006578	90
-120.510489233	47	90
-120.5	47.0099315709	90
-120	47.4122817516	90
-119.883183718	47.5	90
-119.5	47.8353596926	90
-119.281160623	48	90
-119	48.1988004446	90
-118.5	48.4676468074	90
-118.413344055	48.5	90
-118	48.6472464204	90
> 100 contour -Z100
-118.5	48.1638616323	100
-118	48.3510896266	100
-117.5	48.4584421813	100
-117	48.4785541892	100
-116.5	48.3643959463	100
-116	48.008725822	100
-115.991830232	48	100
-115.637512475	47.5	100
-115.5	47.3258162439	100
-115.225484759	47	100
-115	46.7008110881	100
-114.888932206	46.5	100
-114.932539277	46	100
-115	45.8697470874	100
-115.185377479	45.5	100
-115.5	45.1217006445	100
-115.600578308	45	100
-116	44.6762873828	100
-116.21645537	44.5	100
-116.5	44.3040523082	100
-116.976077793	44	100
-117	43.9842827003	100
-117.5	43.6204264164	100
-117.605207741	43.5	100
-118	43.1082171798	100
-118.094733208	43	100
-118.5	42.6308254898	100
-118.668073207	42.5	100
-119	42.2551339865	100
-119.406344093	42	100
-119.5	41.935266681	100
-120	41.6092026532	100
-120.22739172	41.5	100
-120.5	41.3957754299	100
-121	41.29819794	100
-121.5	41.3261177987	100
-122	41.4847736713	100
-122.021799274	41.5	100
-122.5	41.9430333711	100
-122.554756921	42	100
-122.997544706	42.5	100
-123	42.5120494366	100
-123.281486154	43	100
-123.341354787	43.5	100
-123.246820077	44	100
-123	44.4611594379	100
-122.977087557	44.5	100
-122.589982174	45	100
-122.5	45.1146336645	100
-122.139059633	45.5	100
-122	45.6590396613	100
-121.62542899	46	100
-121.5	46.1266200095	100
-121	46.4756844938	100
-120.946005642	46.5	100
-120.5	46.8052128255	100
-120.154151708	47	100
-120	47.1241138726	100
-119.5	47.4995435476	100
-119.49934265	47.5	100
-119	47.8773846328	100
-118.796503782	48	100
-118.5	48.1638616323	100
> 110 contour -Z110
-118	48.0484261215	110
-117.5	48.1147050261	110
-117	48.0746768788	110
-116.795509771	48	110
-116.5	47.7962795496	110
-116.259022698	47.5	110
-116	47.1606821418	110
-115.873948604	47	110
-115.5	46.5431330651	110
-115.466529679	46.5	110
-115.352334067	46	110
-115.5	45.6485936344	110
-115.562569737	45.5	110
-115.966583639	45	110
-116	44.9729175996	110
-116.5	44.5774636865	110
-116.599443197	44.5	110
-117	44.2564291656	110
-117.30394125	44	110
-117.5	43.8567883521	110
-117.811699808	43.5	110
-118	43.3131351918	110
-118.274118274	43	110
-118.5	42.7942348719	110
-118.878007337	42.5	110
-119	42.4100046828	110
-119.5	42.0655847192	110
-119.604129642	42	110
-120	41.7255737185	110
-120.469710192	41.5	110
-120.5	41.4884194927	110
-121	41.3655888289	110
-121.5	41.3872320354	110
-121.850878477	41.5	110
-122	41.5724340677	110
-122.461028188	42	110
-122.5	42.010586977	110
-122.971480101	42.5	110
-123	42.6399626434	110
-123.207696304	43	110
-123.276804507	43.5	110
-123.181857169	44	110
-123	44.339782536	110
-122.905486107	44.5	110
-122.5	44.9870143235	110
-122.487327307	45	110
-122.012595823	45.5	110
-122	45.5144055858	110
-121.5	45.9768708348	110
-121.462345749	46	110
-121	46.3430303335	110
-120.651437461	46.5	110
-120.5	46.6036324501	110
-120	46.8829419315	110
-119.764907509	47	110
-119.5	47.1952221841	110
-119.061092015	47.5	110
-119	47.5461710766	110
-118.5	47.8453323245	110
-118.128907353	48	110
-118	48.0484261215	110
> 120 contour -Z120
-118.5	47.5095364749	120
-118	47.6713357121	120
-117.5	47.6992416829	120
-117	47.5455509089	120
-116.941061798	47.5	120
-116.5	47.0053399587	120
-116.495919767	47	120
-116.097104281	46.5	120
-116	46.3153227866	120
-115.852675259	46	120
-115.991717416	45.5	120
-116	45.4896012489	120
-116.406795554	45	120
-116.5	44.92718748	120
-117	44.5399763584	120
-117.032485604	44.5	120
-117.5	44.1012850106	120
-117.575582087	44	120
-118	43.5191429555	120
-118.013438433	43.5	120
-118.45350334	43	120
-118.5	42.9576442428	120
-119	42.5500048101	120
-119.05937466	42.5	120
-119.5	42.1713152826	120
-119.771999344	42	120
-120	41.8419447988	120
-120.5	41.5758495331	120
-120.734019697	41.5	120
-121	41.4329797104	120
-121.5	41.4483462721	120
-121.660721004	41.5	120
-122	41.6648008823	120
-122.361432552	42	120
-122.5	42.0376429856	120
-122.945415497	42.5	120
-123	42.7678758651	120
-123.133906454	43	120
-123.212254226	43.5	120
-123.116894267	44	120
-123	44.2184056342	120
-122.833884656	44.5	120
-122.5	44.9010164738	120
-122.403402299	45	120
-122	45.4211158156	120
-121.893883348	45.5	120
-121.5	45.8670459092	120
-121.283550799	46	120
-121	46.2103761584	120
-120.5	46.4351389706	120
-120.319810003	46.5	120
-120	46.6773243994	120
-119.5	46.918169409	120
-119.32035476	47	120
-119	47.2131141275	120
-118.515972812	47.5	120
-118.5	47.5095364749	120
> 130 contour -Z130
-118.5	47.1268528402	130
-118	47.2576109767	130
-117.5	47.2039118409	130
-117.182066262	47	130
-117	46.848257184	130
-116.699226618	46.5	130
-116.5	46.1176946014	130
-116.437846329	46	130
-116.492665721	45.5	130
-116.5	45.4909476573	130
-116.883512579	45	130
-117	44.9108136743	130
-117.333835468	44.5	130
-117.5	44.3582882285	130
-117.767366007	44	130
-118	43.7364303172	130
-118.165975153	43.5	130
-118.5	43.126390487	130
-118.605511993	43	130
-119	42.6693764031	130
-119.201114058	42.5	130
-119.5	42.2770458609	130
-119.939869057	42	130
-120	41.9583158717	130
-120.5	41.6625346839	130
-121	41.5004599988	130
-121.5	41.5140095949	130
-122	41.7571677119	130
-122.261836886	42	130
-122.5	42.0646989644	130
-122.919350892	42.5	130
-123	42.8957890645	130
-123.060116608	43	130
-123.147703961	43.5	130
-123.051931366	44	130
-123	44.0970287323	130
-122.762283236	44.5	130
-122.5	44.8150186539	130
-122.31947732	45	130
-122	45.3335056603	130
-121.776028335	45.5	130
-121.5	45.7572210133	130
-121.104755841	46	130
-121	46.0777219906	130
-120.5	46.3016525805	130
-120	46.4804127216	130
-119.929042637	46.5	130
-119.5	46.6899110973	130
-119	46.9083958864	130
-118.73900114	47	130
-118.5	47.1268528402	130
> 140 contour -Z140
-119	46.6544340551	140
-118.5	46.8023782372	140
-118	46.8362350166	140
-117.5	46.6490420252	140
-117.327113658	46.5	140
-117	46.0022153805	140
-116.998776377	46	140
-117	45.979084475	140
-117.018612802	45.5	140
-117.242775917	45	140
-117.5	44.6789673865	140
-117.585600793	44.5	140
-117.959149931	44	140
-118	43.9537176825	140
-118.318511888	43.5	140
-118.5	43.297004059	140
-118.747941822	43	140
-119	42.7887479961	140
-119.342853457	42.5	140
-119.5	42.3827764466	140
-120	42.0480187833	140
-120.090783089	42	140
-120.5	41.7492198646	140
-121	41.5841084421	140
-121.5	41.6045106053	140
-122	41.8495345265	140
-122.16224125	42	140
-122.5	42.0917549431	140
-122.893286288	42.5	140
-122.994600475	43	140
-123	43.0628773868	140
-123.083153687	43.5	140
-123	43.9326304197	140
-122.988129765	44	140
-122.690681785	44.5	140
-122.5	44.7290208042	140
-122.235552311	45	140
-122	45.2458954751	140
-121.658173293	45.5	140
-121.5	45.6473960876	140
-121	45.9558932483	140
-120.876306742	46	140
-120.5	46.1681662202	140
-120	46.3380639553	140
-119.5	46.4743692577	140
-119.391766816	46.5	140
-119	46.6544340551	140
> 150 contour -Z150
-118.5	46.5072885454	150
-118.437658865	46.5	150
-118	46.4329986274	150
-117.5	46.0293704774	150
-117.477919402	46	150
-117.387916267	45.5	150
-117.5	45.1957698762	150
-117.54071641	45	150
-117.776418716	44.5	150
-118	44.2008985281	150
-118.106041759	44	150
-118.471048607	43.5	150
-118.5	43.467617631	150
-118.890371665	43	150
-119	42.908119604	150
-119.484592848	42.5	150
-119.5	42.4885070268	150
-120	42.1228377223	150
-120.232233822	42	150
-120.5	41.8359050304	150
-121	41.6677568555	150
-121.5	41.6950116158	150
-122	41.9419013374	150
-122.062645599	42	150
-122.5	42.1188109219	150
-122.867221683	42.5	150
-122.965461075	43	150
-123	43.4022055119	150
-123.018603412	43.5	150
-123	43.5967894867	150
-122.928956062	44	150
-122.619080335	44.5	150
-122.5	44.6430229694	150
-122.151627302	45	150
-122	45.1582853049	150
-121.540318269	45.5	150
-121.5	45.537571162	150
-121	45.849381119	150
-120.577603355	46	150
-120.5	46.0346798562	150
-120	46.1957152039	150
-119.5	46.3218046129	150
-119	46.4321008027	150
-118.529644022	46.5	150
-118.5	46.5072885454	150
> 160 contour -Z160
-120	46.0533664525	160
-119.5	46.169239983	160
-119	46.2588447034	160
-118.5	46.261049509	160
-118	46.0465994924	160
-117.943881143	46	160
-117.686309546	45.5	160
-117.749197394	45	160
-117.967236653	44.5	160
-118	44.4561700076	160
-118.240783572	44	160
-118.5	43.6481712162	160
-118.593515605	43.5	160
-119	43.030690223	160
-119.02288577	43	160
-119.5	42.5782871842	160
-119.59035334	42.5	160
-120	42.1976566613	160
-120.373684585	42	160
-120.5	41.9225902036	160
-121	41.7514052838	160
-121.5	41.7855126262	160
-121.932323843	42	160
-122	42.0087052286	160
-122.5	42.1458669007	160
-122.841157079	42.5	160
-122.936321676	43	160
-122.96973744	43.5	160
-122.869782358	44	160
-122.547478896	44.5	160
-122.5	44.5570251346	160
-122.067702308	45	160
-122	45.0706751347	160
-121.5	45.4485453069	160
-121.388039976	45.5	160
-121	45.7428689897	160
-120.5	45.9169975221	160
-120.168101415	46	160
-120	46.0533664525	160
> 170 contour -Z170
-119.5	46.0166753531	170
-119	46.085588567	170
-118.5	46.0160475951	170
-118.465340331	46	170
-118	45.5820740983	170
-117.953803636	45.5	170
-117.957678385	45	170
-118	44.9015806243	170
-118.113730639	44.5	170
-118.375525407	44	170
-118.5	43.8310533464	170
-118.70893839	43.5	170
-119	43.1639525294	170
-119.122259736	43	170
-119.5	42.6661220789	170
-119.69172591	42.5	170
-120	42.2724755853	170
-120.5	42.0066643953	170
-120.525734931	42	170
-121	41.8350537121	170
-121.5	41.876013644	170
-121.749908701	42	170
-122	42.0321693718	170
-122.5	42.1729229093	170
-122.815092444	42.5	170
-122.907182276	43	170
-122.927221864	43.5	170
-122.810608655	44	170
-122.5	44.4698442221	170
-122.476429343	44.5	170
-122	44.9861987829	170
-121.980389178	45	170
-121.5	45.3703347743	170
-121.217861935	45.5	170
-121	45.6363568604	170
-120.5	45.804862231	170
-120	45.931545347	170
-119.574414551	46	170
-119.5	46.0166753531	170
> 180 contour -Z180
-121	45.5298447311	180
-120.5	45.6927269101	180
-120	45.8220355213	180
-119.5	45.8969240487	180
-119	45.922540009	180
-118.5	45.7813216746	180
-118.20381856	45.5	180
-118.125932276	45	180
-118.251036674	44.5	180
-118.5	44.0201649666	180
-118.507777512	44	180
-118.82436119	43.5	180
-119	43.297214821	180
-119.221633703	43	180
-119.5	42.7539569587	180
-119.793098509	42.5	180
-120	42.3472945243	180
-120.5	42.0689479411	180
-120.766246736	42	180
-121	41.9187021405	180
-121.5	41.9665146545	180
-121.56749355	42	180
-122	42.0556335151	180
-122.5	42.199978888	180
-122.78902784	42.5	180
-122.878042877	43	180
-122.884706318	43.5	180
-122.751434952	44	180
-122.5	44.3803347349	180
-122.406466007	44.5	180
-122	44.9148007929	180
-121.87893638	45	180
-121.5	45.2921242118	180
-121.047683917	45.5	180
-121	45.5298447311	180
> 190 contour -Z190
-120.5	45.580591619	190
-120	45.7125256807	190
-119.5	45.7811993659	190
-119	45.769456923	190
-118.5	45.5473160185	190
-118.450184692	45.5	190
-118.283940122	45	190
-118.388342693	44.5	190
-118.5	44.2847992778	190
-118.6098454	44	190
-118.939783983	43.5	190
-119	43.43047712	190
-119.321007669	43	190
-119.5	42.8417918533	190
-119.894471101	42.5	190
-120	42.4221134633	190
-120.5	42.1312315166	190
-121	42.0013117194	190
-121.5	42.0191361606	190
-122	42.0790976584	190
-122.5	42.2270348668	190
-122.762963235	42.5	190
-122.848903477	43	190
-122.842190742	43.5	190
-122.692261264	44	190
-122.5	44.2908252478	190
-122.336502671	44.5	190
-122	44.8434028327	190
-121.777483553	45	190
-121.5	45.2139136642	190
-121	45.4407103658	190
-120.749808803	45.5	190
-120.5	45.580591619	190
> 200 contour -Z200
-120	45.6030158699	200
-119.5	45.665474683	200
-119	45.616373837	200
-118.756033242	45.5	200
-118.5	45.1576552689	200
-118.441947978	45	200
-118.5	44.6685311198	200
-118.521009028	44.5	200
-118.711913288	44	200
-119	43.5724521875	200
-119.037946492	43.5	200
-119.420381643	43	200
-119.5	42.929626748	200
-119.995843687	42.5	200
-120	42.4969323962	200
-120.5	42.1935150921	200
-121	42.047990948	200
-121.5	42.0495109856	200
-122	42.1025618315	200
-122.5	42.2540908456	200
-122.736898631	42.5	200
-122.819764078	43	200
-122.799675167	43.5	200
-122.633087561	44	200
-122.5	44.2013157606	200
-122.266539335	44.5	200
-122	44.7720048726	200
-121.676030755	45	200
-121.5	45.1357031167	200
-121	45.3583407402	200
-120.5	45.4785591066	200
-120.384901673	45.5	200
-120	45.6030158699	200
> 210 contour -Z210
-119.5	45.5497500002	210
-119.179035246	45.5	210
-119	45.4567554891	210
-118.599924237	45	210
-118.633477241	44.5	210
-118.81398119	44	210
-119	43.7239305675	210
-119.117282629	43.5	210
-119.5	43.0197898149	210
-119.515197903	43	210
-120	42.5656795204	210
-120.098262221	42.5	210
-120.5	42.2557986528	210
-121	42.0946701765	210
-121.5	42.0798858106	210
-122	42.1260259748	210
-122.5	42.2811468244	210
-122.710834026	42.5	210
-122.790624678	43	210
-122.757159621	43.5	210
-122.573913857	44	210
-122.5	44.1118062735	210
-122.196575984	44.5	210
-122	44.7006068826	210
-121.574577942	45	210
-121.5	45.0574925616	210
-121	45.2759711444	210
-120.5	45.4023384452	210
-120	45.4950765371	210
-119.93939057	45.5	210
-119.5	45.5497500002	210
> 220 contour -Z220
-121	45.1936015189	220
-120.5	45.3261177838	220
-120	45.4120503962	220
-119.5	45.4333075583	220
-119	45.2764193118	220
-118.757882103	45	220
-118.745945483	44.5	220
-118.916049093	44	220
-119	43.87540894	220
-119.196618736	43.5	220
-119.5	43.1193358898	220
-119.591645837	43	220
-120	42.6341670752	220
-120.200725436	42.5	220
-120.5	42.3180822134	220
-121	42.1413494051	220
-121.5	42.1102606356	220
-122	42.149490118	220
-122.5	42.308202818	220
-122.684769422	42.5	220
-122.761485279	43	220
-122.714644045	43.5	220
-122.514740153	44	220
-122.5	44.02229679	220
-122.126612648	44.5	220
-122	44.6292089075	220
-121.5	44.9812960625	220
-121.449355662	45	220
-121	45.1936015189	220
> 230 contour -Z230
-121	45.1112319231	230
-120.5	45.2498971224	230
-120	45.3290242553	230
-119.5	45.3163239062	230
-119	45.0960831568	230
-118.915839992	45	230
-118.858413696	44.5	230
-119	44.0617862046	230
-119.014125586	44	230
-119.275954872	43.5	230
-119.5	43.2188819647	230
-119.668093771	43	230
-120	42.7026546001	230
-120.303188682	42.5	230
-120.5	42.380365774	230
-121	42.1880286336	230
-121.5	42.1406354606	230
-122	42.1729542911	230
-122.5	42.3352587968	230
-122.658704802	42.5	230
-122.732345894	43	230
-122.672128484	43.5	230
-122.5	43.9217730761	230
-122.455685496	44	230
-122.056649312	44.5	230
-122	44.5578109398	230
-121.5	44.9106885493	230
-121.258173019	45	230
-121	45.1112319231	230
> 240 contour -Z240
-121	45.0288622975	240
-120.5	45.1736764759	240
-120	45.2459981143	240
-119.5	45.1993402541	240
-119.107590169	45	240
-119	44.6782815009	240
-118.970881926	44.5	240
-119	44.4098786935	240
-119.093706697	44	240
-119.355290994	43.5	240
-119.5	43.3184280545	240
-119.744541705	43	240
-120	42.77114214	240
-120.405651927	42.5	240
-120.5	42.4426493384	240
-121	42.2347078919	240
-121.5	42.1710102856	240
-122	42.1964184344	240
-122.5	42.3623147756	240
-122.632640198	42.5	240
-122.703206494	43	240
-122.629612923	43.5	240
-122.5	43.8175955415	240
-122.396670341	44	240
-122	44.4862336814	240
-121.980995864	44.5	240
-121.5	44.8400810659	240
-121.066990361	45	240
-121	45.0288622975	240
> 250 contour -Z250
-120.5	45.0974558294	250
-120	45.1629719883	250
-119.5	45.0823565945	250
-119.337877512	45	250
-119.081033498	44.5	250
-119.173287809	44	250
-119.434627116	43.5	250
-119.5	43.4179741293	250
-119.820989639	43	250
-120	42.8396296799	250
-120.5	42.5044749081	250
-120.508315027	42.5	250
-121	42.2813871056	250
-121.5	42.2013851106	250
-122	42.2198825777	250
-122.5	42.3893707693	250
-122.606575593	42.5	250
-122.674067095	43	250
-122.587097354	43.5	250
-122.5	43.7134180069	250
-122.337655187	44	250
-122	44.41389364	250
-121.881131679	44.5	250
-121.5	44.7694735825	250
-121	44.9617810249	250
-120.831552804	45	250
-120.5	45.0974558294	250
> 260 contour -Z260
-120.5	45.021235168	260
-120	45.0799458474	260
-119.617562711	45	260
-119.5	44.9526809752	260
-119.190375715	44.5	260
-119.252868935	44	260
-119.5	43.5268179774	260
-119.511275321	43.5	260
-119.897437565	43	260
-120	42.9081172198	260
-120.5	42.560975939	260
-120.613301873	42.5	260
-121	42.328066349	260
-121.5	42.2317599356	260
-122	42.2433467209	260
-122.5	42.416426748	260
-122.580510989	42.5	260
-122.644927695	43	260
-122.54458179	43.5	260
-122.5	43.6092404798	260
-122.278640032	44	260
-122	44.3415535688	260
-121.781267524	44.5	260
-121.5	44.6988660693	260
-121	44.9029464424	260
-120.572243772	45	260
-120.5	45.021235168	260
> 270 contour -Z270
-121.5	44.6282585859	270
-121	44.84411183	270
-120.5	44.9563677013	270
-120	44.9967996776	270
-119.5	44.7928189933	270
-119.299717963	44.5	270
-119.332450047	44	270
-119.5	43.6791919768	270
-119.575339288	43.5	270
-119.973885499	43	270
-120	42.9766047578	270
-120.5	42.6174769402	270
-120.71828872	42.5	270
-121	42.3747455776	270
-121.5	42.2621347457	270
-122	42.2668108791	270
-122.5	42.4434827343	270
-122.554446381	42.5	270
-122.615788296	43	270
-122.502066224	43.5	270
-122.5	43.5050629489	270
-122.219624877	44	270
-122	44.2692134976	270
-121.681403339	44.5	270
-121.5	44.6282585859	270
> 280 contour -Z280
-121.5	44.5576510727	280
-121	44.7852772474	280
-120.5	44.8958848119	280
-120	44.9105377495	280
-119.5	44.6329569966	280
-119.40906021	44.5	280
-119.412031151	44	280
-119.5	43.831565991	280
-119.639403254	43.5	280
-120	43.0523613095	280
-120.051208764	43	280
-120.5	42.6739779413	280
-120.823275566	42.5	280
-121	42.4214248136	280
-121.5	42.2925095707	280
-122	42.2902750373	280
-122.5	42.4705387186	280
-122.52838177	42.5	280
-122.586648896	43	280
-122.5	43.3788024485	280
-122.458956331	43.5	280
-122.160609722	44	280
-122	44.1968734413	280
-121.581539176	44.5	280
-121.5	44.5576510727	280
> 290 contour -Z290
-121	44.7264426351	290
-120.5	44.8354019225	290
-120	44.8242758512	290
-119.521426022	44.5	290
-119.5	44.1925439835	290
-119.491612266	44	290
-119.5	43.9839399997	290
-119.70346722	43.5	290
-120	43.1318892241	290
-120.12898618	43	290
-120.5	42.7304789424	290
-120.928262405	42.5	290
-121	42.4681040421	290
-121.5	42.3228843957	290
-122	42.3137391955	290
-122.5	42.4975947025	290
-122.502317163	42.5	290
-122.557509497	43	290
-122.5	43.2514139116	290
-122.415816039	43.5	290
-122.101594567	44	290
-122	44.124533385	290
-121.5	44.4887109399	290
-121.477246344	44.5	290
-121	44.7264426351	290
> 300 contour -Z300
-121	44.6676080525	300
-120.5	44.7749190032	300
-120	44.7380139381	300
-119.648733377	44.5	300
-119.567220777	44	300
-119.767531171	43.5	300
-120	43.2114171386	300
-120.206763595	43	300
-120.5	42.7869799435	300
-121	42.5137199163	300
-121.030761242	42.5	300
-121.5	42.3532592207	300
-122	42.3372033387	300
-122.441962302	42.5	300
-122.5	42.7417095602	300
-122.528370097	43	300
-122.5	43.1240253821	300
-122.372675776	43.5	300
-122.042579412	44	300
-122	44.052193325	300
-121.5	44.4271898866	300
-121.353247613	44.5	300
-121	44.6676080525	300
> 310 contour -Z310
-121	44.6087734401	310
-120.5	44.7144361138	310
-120	44.6517520398	310
-119.776040748	44.5	310
-119.642361283	44	310
-119.831595138	43.5	310
-120	43.2909450531	310
-120.284541026	43	310
-120.5	42.8434809446	310
-121	42.5570414662	310
-121.127892017	42.5	310
-121.5	42.3836340532	310
-122	42.3606674969	310
-122.378261536	42.5	310
-122.499052137	43	310
-122.329535514	43.5	310
-122	43.9824116826	310
-121.97762078	44	310
-121.5	44.3656688035	310
-121.229248911	44.5	310
-121	44.6087734401	310
> 320 contour -Z320
-121	44.5499388576	320
-120.5	44.6539532244	320
-120	44.5654901266	320
-119.903348111	44.5	320
-119.71750176	44	320
-119.895659104	43.5	320
-120	43.3704729825	320
-120.362318441	43	320
-120.5	42.8999819458	320
-121	42.6003630161	320
-121.225022793	42.5	320
-121.5	42.4140088782	320
-122	42.3841316476	320
-122.314560771	42.5	320
-122.463148832	43	320
-122.286395252	43.5	320
-122	43.9192580581	320
-121.89726463	44	320
-121.5	44.3041477501	320
-121.105250195	44.5	320
-121	44.5499388576	320
> 330 contour -Z330
-120.5	44.593470335	330
-120.067405373	44.5	330
-120	44.4598721862	330
-119.792642251	44	330
-119.959723067	43.5	330
-120	43.450000897	330
-120.440095864	43	330
-120.5	42.9564829506	330
-121	42.643684566	330
-121.322153568	42.5	330
-121.5	42.4443837032	330
-122	42.4075957984	330
-122.250860035	42.5	330
-122.427245557	43	330
-122.243254989	43.5	330
-122	43.8561044037	330
-121.816908479	44	330
-121.5	44.2426266968	330
-121	44.4907059371	330
-120.955440491	44.5	330
-120.5	44.593470335	330
> 340 contour -Z340
-120.5	44.5329874456	340
-120.347329244	44.5	340
-120	44.2932277322	340
-119.867782742	44	340
-120	43.5871230364	340
-120.026104599	43.5	340
-120.5	43.0164842606	340
-120.515413135	43	340
-121	42.6870061159	340
-121.419284351	42.5	340
-121.5	42.4747585282	340
-122	42.4310599491	340
-122.18715927	42.5	340
-122.391342252	43	340
-122.200114727	43.5	340
-122	43.7929507494	340
-121.736552343	44	340
-121.5	44.1811056286	340
-121	44.4292370677	340
-120.660733491	44.5	340
-120.5	44.5329874456	340
> 350 contour -Z350
-121.5	44.1195845604	350
-121	44.3677681983	350
-120.5	44.462458998	350
-120	44.1265832633	350
-119.942923225	44	350
-120	43.8217654377	350
-120.096410275	43.5	350
-120.5	43.088217169	350
-120.582484901	43	350
-121	42.7303276658	350
-121.5	42.507175386	350
-121.540102541	42.5	350
-122	42.4545240998	350
-122.123458512	42.5	350
-122.355438977	43	350
-122.15697445	43.5	350
-122	43.72979711	350
-121.656196192	44	350
-121.5	44.1195845604	350
> 360 contour -Z360
-121.5	44.0580635071	360
-121	44.3062993288	360
-120.5	44.379878521	360
-120.02483207	44	360
-120.16671595	43.5	360
-120.5	43.1599501073	360
-120.649556696	43	360
-121	42.7736492306	360
-121.5	42.5496331751	360
-121.777395338	42.5	360
-122	42.4779882506	360
-122.059757754	42.5	360
-122.319535673	43	360
-122.113834195	43.5	360
-122	43.6666434705	360
-121.575840041	44	360
-121.5	44.0580635071	360
> 370 contour -Z370
-121	44.2448304594	370
-120.5	44.297298044	370
-120.128127187	44	370
-120.237021625	43.5	370
-120.5	43.2316830158	370
-120.716628462	43	370
-121	42.8169707954	370
-121.5	42.5920909643	370
-122	42.5038872361	370
-122.283632368	43	370
-122.070693925	43.5	370
-122	43.6034898311	370
-121.5	43.9962503612	370
-121.493043035	44	370
-121	44.2448304594	370
> 380 contour -Z380
-121	44.1833615601	380
-120.5	44.214717567	380
-120.231422305	44	380
-120.3073273	43.5	380
-120.5	43.3034159392	380
-120.783700258	43	380
-121	42.8602923453	380
-121.5	42.6345487535	380
-122	42.5666871369	380
-122.247729093	43	380
-122.027553659	43.5	380
-122	43.5403361917	380
-121.5	43.9295321107	380
-121.369256139	44	380
-121	44.1833615601	380
> 390 contour -Z390
-121	44.1218926907	390
-120.5	44.1321370751	390
-120.334717408	44	390
-120.377632976	43.5	390
-120.5	43.3751488626	390
-120.850772038	43	390
-121	42.9036139026	390
-121.5	42.6770065427	390
-122	42.6294870079	390
-122.211825803	43	390
-122	43.4711476564	390
-121.968849629	43.5	390
-121.5	43.8628138602	390
-121.245469242	44	390
-121	44.1218926907	390
> 400 contour -Z400
-121	44.0604238212	400
-120.5	44.0495566055	400
-120.438012529	44	400
-120.447938655	43.5	400
-120.5	43.4468817823	400
-120.917843819	43	400
-121	42.9469354562	400
-121.5	42.7194643617	400
-122	42.6922868788	400
-122.175922513	43	400
-122	43.3912907541	400
-121.882632345	43.5	400
-121.5	43.7960956097	400
-121.121682353	44	400
-121	44.0604238212	400
> 410 contour -Z410
-121.5	43.7293773592	410
-121	43.9979652166	410
-120.529353887	43.5	410
-120.984915604	43	410
-121	42.9902570127	410
-121.5	42.7619221359	410
-122	42.7550867796	410
-122.140019223	43	410
-122	43.3114338517	410
-121.796415061	43.5	410
-121.5	43.7293773592	410
> 420 contour -Z420
-121.5	43.6626591086	420
-121	43.8782821596	420
-120.642470956	43.5	420
-121	43.0984680057	420
-121.072001904	43	420
-121.5	42.80437994	420
-122	42.8178866655	420
-122.104115926	43	420
-122	43.2315769643	420
-121.710197777	43.5	420
-121.5	43.6626591086	420
> 430 contour -Z430
-121.5	43.5959408581	430
-121	43.7585991025	430
-120.755588025	43.5	430
-121	43.2255069613	430
-121.164895535	43	430
-121.5	42.8468377292	430
-122	42.8806865439	430
-122.068212636	43	430
-122	43.1517200619	430
-121.6239805	43.5	430
-121.5	43.5959408581	430
> 440 contour -Z440
-121.5	43.5292226374	440
-121	43.6389160603	440
-120.868705079	43.5	440
-121	43.3525459319	440
-121.257789135	43	440
-121.5	42.8892955258	440
-122	42.9434864298	440
-122.032309346	43	440
-122	43.071863167	440
-121.537763212	43.5	440
-121.5	43.5292226374	440
> 450 contour -Z450
-121	43.5192329884	450
-120.981822148	43.5	450
-121	43.4795849063	450
-121.111180082	43.5	450
-121	43.5192329884	450
> 450 contour -Z450
-121.5	43.3704712093	450
-121.35068275	43	450
-121.5	42.9317533225	450
-121.970687956	43	450
-121.5	43.3704712093	450
> 460 contour -Z460
-121.5	43.1399927437	460
-121.443576369	43	460
-121.5	42.9742111135	460
-121.677862391	43	460
-121.5	43.1399927437	460
