> 10 contour -Z10
-117	54.0612966716	10
-116.5	54.1397058815	10
-116	54.1844469458	10
-115.5	54.1948486269	10
-115	54.1664611548	10
-114.5	54.0979673788	10
-114.014049739	54	10
-114	53.9976069629	10
-113.5	53.9052394629	10
-113	53.8016278446	10
-112.5	53.6797520518	10
-112	53.5352431685	10
-111.89399077	53.5	10
-111.5	53.3837015331	10
-111	53.1896485835	10
-110.617782831	53	10
-110.5	52.9505654573	10
-110	52.723527357	10
-109.539120555	52.5	10
-109.5	52.4853475392	10
-109	52.315058291	10
-108.5	52.1422525644	10
-108.118007183	52	10
-108	51.9561829865	10
-107.5	51.7468257099	10
-107.035481393	51.5	10
-107	51.4753522277	10
-106.5	51.0827608407	10
-106.406492516	51	10
-106.070760131	50.5	10
-106.023046076	50	10
-106.220940977	49.5	10
-106.5	49.1216385067	10
-106.573037922	49	10
-107	48.56652686	10
-107.053266168	48.5	10
-107.5	48.1586190462	10
-107.678010434	48	10
-108	47.7792137861	10
-108.386267662	47.5	10
-108.5	47.4253949896	10
-109	47.0845907927	10
-109.115687281	47	10
-109.5	46.7255526185	10
-109.828244254	46.5	10
-110	46.3665442616	10
-110.5	46.0083562732	10
-110.510424346	46	10
-111	45.5772977769	10
-111.094108552	45.5	10
-111.5	45.1117277145	10
-111.629892498	45	10
-112	44.6039429009	10
-112.109415352	44.5	10
-112.5	44.0360637307	10
-112.53249225	44	10
-112.885129772	43.5	10
-113	43.3311487734	10
-113.212046415	43	10
-113.5	42.5712972283	10
-113.54576546	42.5	10
-113.8578915	42	10
-114	41.8105998486	10
-114.229090899	41.5	10
-114.5	41.1895833313	10
-114.66510433	41	10
-115	40.6420490742	10
-115.133424371	40.5	10
-115.5	40.1374962926	10
-115.654886723	40	10
-116	39.7141456604	10
-116.320008442	39.5	10
-116.5	39.3842530623	10
-117	39.1129134595	10
-117.256750211	39	10
-117.5	38.8815449774	10
-118	38.6857115626	10
-118.5	38.5654752254	10
-118.99501845	38.5	10
-119	38.4991047031	10
-119.5	38.4578287341	10
-120	38.4734099135	10
-120.150966167	38.5	10
-120.5	38.5433543324	10
-121	38.6760319173	10
-121.5	38.9107259437	10
-121.633214071	39	10
-122	39.2248703837	10
-122.313237935	39.5	10
-122.5	39.6761242449	10
-122.788314879	40	10
-123	40.3227259368	10
-123.112380266	40.5	10
-123.378939241	41	10
-123.5	41.254585743	10
-123.651065409	41.5	10
-123.919201702	42	10
-124	42.1371209919	10
-124.305051655	42.5	10
-124.5	42.7145564854	10
-124.818438113	43	10
-125	43.1953883469	10
-125.298276931	43.5	10
-125.5	43.7851743102	10
-125.645188734	44	10
-125.863370776	44.5	10
-125.962870806	45	10
-125.98341611	45.5	10
-125.967704296	46	10
-125.885786265	46.5	10
-125.754674971	47	10
-125.589082636	47.5	10
-125.5	47.748940587	10
-125.426336467	48	10
-125.258177817	48.5	10
-125.034117259	49	10
-125	49.0667233691	10
-124.799684942	49.5	10
-124.5	49.9804292023	10
-124.488464355	50	10
-124.140691221	50.5	10
-124	50.6650726497	10
-123.711911798	51	10
-123.5	51.2137404382	10
-123.196943089	51.5	10
-123	51.673744604	10
-122.554591689	52	10
-122.5	52.0406043977	10
-122	52.3593094945	10
-121.718271598	52.5	10
-121.5	52.6221331656	10
-121	52.8621993065	10
-120.652512968	53	10
-120.5	53.07248763	10
-120	53.2777250111	10
-119.5	53.4357816875	10
-119.258293808	53.5	10
-119	53.5877617076	10
-118.5	53.7350427359	10
-118	53.8588672876	10
-117.5	53.9623222649	10
-117.274746239	54	10
-117	54.0612966716	10
> 20 contour -Z20
-117.5	53.056219548	20
-117	53.1324378699	20
-116.5	53.1694320589	20
-116	53.1679184884	20
-115.5	53.1246420741	20
-115	53.032772366	20
-114.857325748	53	20
-114.5	52.930013299	20
-114	52.8289268017	20
-113.5	52.7238805294	20
-113	52.6014717519	20
-112.661060601	52.5	20
-112.5	52.4615266323	20
-112	52.3182207942	20
-111.5	52.1312741786	20
-111.202015847	52	20
-111	51.9255730808	20
-110.5	51.7365694046	20
-110	51.5397611149	20
-109.90046721	51.5	20
-109.5	51.3365751207	20
-109	51.0834087431	20
-108.857722104	51	20
-108.5	50.7084644735	20
-108.279240221	50.5	20
-108.000275731	50	20
-108	49.9976293743	20
-107.941340771	49.5	20
-108	49.2961166054	20
-108.064156562	49	20
-108.309240982	48.5	20
-108.5	48.2857304364	20
-108.7008425	48	20
-109	47.7410210669	20
-109.239505023	47.5	20
-109.5	47.2976633161	20
-109.860079676	47	20
-110	46.894148536	20
-110.499876676	46.5	20
-110.5	46.4999016512	20
-111	46.0774134398	20
-111.086353153	46	20
-111.5	45.6385852993	20
-111.656773895	45.5	20
-112	45.1868433058	20
-112.212877393	45	20
-112.5	44.7208864689	20
-112.748651505	44.5	20
-113	44.2339688241	20
-113.243682325	44	20
-113.5	43.7066828907	20
-113.695203125	43.5	20
-114	43.132794112	20
-114.116283268	43	20
-114.5	42.5240276158	20
-114.519826502	42.5	20
-114.895472109	42	20
-115	41.875700511	20
-115.312624902	41.5	20
-115.5	41.2976618558	20
-115.797127441	41	20
-116	40.8027922809	20
-116.359436452	40.5	20
-116.5	40.384096317	20
-117	40.0288513303	20
-117.044731468	40	20
-117.5	39.7052962482	20
-117.918712407	39.5	20
-118	39.459306255	20
-118.5	39.2741411328	20
-119	39.1709468365	20
-119.5	39.1237215102	20
-120	39.1285519898	20
-120.5	39.1987400949	20
-121	39.3650774956	20
-121.247858733	39.5	20
-121.5	39.6324670613	20
-121.959946483	40	20
-122	40.0362005532	20
-122.418580651	40.5	20
-122.5	40.6142074168	20
-122.754705966	41	20
-123	41.4739059247	20
-123.014776017	41.5	20
-123.285771787	42	20
-123.5	42.4110329002	20
-123.56187354	42.5	20
-123.896259308	43	20
-124	43.1863259077	20
-124.268389851	43.5	20
-124.5	43.8480200469	20
-124.616184264	44	20
-124.887328893	44.5	20
-125	44.8755880818	20
-125.043603644	45	20
-125.106441751	45.5	20
-125.115464367	46	20
-125.040151935	46.5	20
-125	46.6298168302	20
-124.90776521	47	20
-124.747667298	47.5	20
-124.555580731	48	20
-124.5	48.1265039444	20
-124.35874933	48.5	20
-124.109030142	49	20
-124	49.1776399165	20
-123.812214196	49.5	20
-123.5	49.9260265231	20
-123.444318146	50	20
-123.010352201	50.5	20
-123	50.510896164	20
-122.5	50.987013936	20
-122.484023929	51	20
-122	51.372559309	20
-121.796573937	51.5	20
-121.5	51.6886635274	20
-121	51.9462133944	20
-120.877562851	52	20
-120.5	52.1875627488	20
-120	52.3861480355	20
-119.64314042	52.5	20
-119.5	52.5549550988	20
-119	52.7180784494	20
-118.5	52.8493230045	20
-118	52.9566473961	20
-117.751760602	53	20
-117.5	53.056219548	20
> 30 contour -Z30
-119	52.1410391033	30
-118.5	52.2742857039	30
-118	52.3771243393	30
-117.5	52.4508825839	30
-117	52.4924623072	30
-116.5	52.4993324876	30
-116	52.4694572687	30
-115.5	52.3938295543	30
-115	52.2909636199	30
-114.5	52.1887447089	30
-114	52.0932758003	30
-113.54324156	52	30
-113.5	51.9931811094	30
-113	51.8932283223	30
-112.5	51.7554070354	30
-112	51.5723021999	30
-111.823665932	51.5	30
-111.5	51.3873183131	30
-111	51.1976208687	30
-110.550218254	51	30
-110.5	50.9754239023	30
-110	50.7037287802	30
-109.697140694	50.5	30
-109.5	50.3035000265	30
-109.238136262	50	30
-109.036196679	49.5	30
-109.015144557	49	30
-109.142408967	48.5	30
-109.414572537	48	30
-109.5	47.9140468389	30
-109.842178032	47.5	30
-110	47.3663014174	30
-110.388419844	47	30
-110.5	46.908248201	30
-110.954330668	46.5	30
-111	46.4614085257	30
-111.5	46.0111602843	30
-111.51136741	46	30
-112	45.5568912625	30
-112.059931606	45.5	30
-112.5	45.1000230014	30
-112.608638585	45	30
-113	44.6381552517	30
-113.154066771	44.5	30
-113.5	44.1625699401	30
-113.679908186	44	30
-114	43.6687544882	30
-114.179575533	43.5	30
-114.5	43.1522118449	30
-114.653141439	43	30
-115	42.606716007	30
-115.101196349	42.5	30
-115.5	42.040379405	30
-115.538837343	42	30
-116	41.5159096122	30
-116.01711908	41.5	30
-116.5	41.0601210892	30
-116.574243039	41	30
-117	40.6517616808	30
-117.212461919	40.5	30
-117.5	40.2926127315	30
-118	40.0052366853	30
-118.012393415	40	30
-118.5	39.7769816965	30
-119	39.64993909	30
-119.5	39.5897141993	30
-120	39.5882419646	30
-120.5	39.6607678831	30
-121	39.8472974896	30
-121.246822566	40	30
-121.5	40.1676664054	30
-121.858559519	40.5	30
-122	40.6573934257	30
-122.265505433	41	30
-122.5	41.383991763	30
-122.569522947	41.5	30
-122.845742881	42	30
-123	42.3818238899	30
-123.055406775	42.5	30
-123.420866519	43	30
-123.5	43.1066872776	30
-123.741050169	43.5	30
-123.984780639	44	30
-124	44.0372893512	30
-124.260080844	44.5	30
-124.430955559	45	30
-124.5	45.48395711	30
-124.502771382	45.5	30
-124.525253061	46	30
-124.5	46.2242755443	30
-124.476420343	46.5	30
-124.355890304	47	30
-124.186927021	47.5	30
-124	47.9540174901	30
-123.983190328	48	30
-123.77350381	48.5	30
-123.5	48.9780880809	30
-123.487547725	49	30
-123.148952946	49.5	30
-123	49.6858856827	30
-122.728994593	50	30
-122.5	50.2391185015	30
-122.217042744	50.5	30
-122	50.6844795048	30
-121.561469682	51	30
-121.5	51.0427022539	30
-121	51.3477926254	30
-120.683901936	51.5	30
-120.5	51.5946761966	30
-120	51.8099258542	30
-119.5	51.9776979685	30
-119.421307862	52	30
-119	52.1410391033	30
> 40 contour -Z40
-119.5	51.534317553	40
-119	51.6995230317	40
-118.5	51.8269426227	40
-118	51.9192680717	40
-117.5	51.9765735269	40
-117	51.9998390377	40
-116.5	51.9884414375	40
-116	51.9346752167	40
-115.5	51.8418759406	40
-115	51.7456448674	40
-114.5	51.6647042632	40
-114	51.5872328281	40
-113.557617188	51.5	40
-113.5	51.4901518822	40
-113	51.3714559972	40
-112.5	51.2105472982	40
-112	51.0225985833	40
-111.942991853	51	40
-111.5	50.8266167939	40
-111	50.5787612721	40
-110.860112622	50.5	40
-110.5	50.2329372466	40
-110.233559817	50	40
-110	49.6642460972	40
-109.897915661	49.5	40
-109.755712539	49	40
-109.796806425	48.5	40
-109.997431611	48	40
-110	47.9968707804	40
-110.331985846	47.5	40
-110.5	47.3409710079	40
-110.80690366	47	40
-111	46.8241909295	40
-111.320814654	46.5	40
-111.5	46.3365328759	40
-111.842778563	46	40
-112	45.8574262261	40
-112.376527533	45.5	40
-112.5	45.3877762109	40
-112.921177663	45	40
-113	44.9271224812	40
-113.476314753	44.5	40
-113.5	44.4768969472	40
-114	44.018517673	40
-114.020711154	44	40
-114.5	43.5406675637	40
-114.545489907	43.5	40
-115	43.0473287702	40
-115.052251577	43	40
-115.5	42.5359248817	40
-115.539759934	42.5	40
-116	42.0270465314	40
-116.030704975	42	40
-116.5	41.5552839637	40
-116.565941662	41.5	40
-117	41.1295125782	40
-117.171012819	41	40
-117.5	40.7444912493	40
-117.884654522	40.5	40
-118	40.4241725504	40
-118.5	40.180085063	40
-119	40.0440665483	40
-119.325035587	40	40
-119.5	39.9718019627	40
-120	39.9653443396	40
-120.197125643	40	40
-120.5	40.0475901067	40
-121	40.2581688911	40
-121.332297415	40.5	40
-121.5	40.6400448084	40
-121.831178904	41	40
-122	41.2254536152	40
-122.186065555	41.5	40
-122.434180647	42	40
-122.5	42.0565886796	40
-122.81382823	42.5	40
-122.962143809	43	40
-123	43.0742355883	40
-123.341010332	43.5	40
-123.5	43.8094739914	40
-123.59850122	44	40
-123.808347076	44.5	40
-123.964704961	45	40
-124	45.1983506382	40
-124.064082399	45.5	40
-124.092638426	46	40
-124.04925245	46.5	40
-124	46.6780420393	40
-123.924126655	47	40
-123.751965046	47.5	40
-123.540829886	48	40
-123.5	48.0837264284	40
-123.303468913	48.5	40
-123	48.9803415835	40
-122.986998975	49	40
-122.5955339	49.5	40
-122.5	49.6075995266	40
-122.113611981	50	40
-122	50.1064077541	40
-121.522343811	50.5	40
-121.5	50.5171859413	40
-121	50.8582542837	40
-120.737762287	51	40
-120.5	51.1305473745	40
-120	51.3544243574	40
-119.587497048	51.5	40
-119.5	51.534317553	40
> 50 contour -Z50
-118	51.5348300338	50
-117.5	51.5861315504	50
-117	51.597618781	50
-116.5	51.5681320801	50
-116.083504856	51.5	50
-116	51.4881091416	50
-115.5	51.4004713297	50
-115	51.3225261867	50
-114.5	51.2580036223	50
-114	51.1832495034	50
-113.5	51.0728592277	50
-113.259039506	51	50
-113	50.9288854003	50
-112.5	50.7620144784	50
-112	50.5572352819	50
-111.877328619	50.5	50
-111.5	50.2917532623	50
-111.086818367	50	50
-111	49.9124082923	50
-110.642120987	49.5	50
-110.5	49.2061956972	50
-110.407402709	49	50
-110.360831484	48.5	50
-110.491702102	48	50
-110.5	47.9871795392	50
-110.753635257	47.5	50
-111	47.2261768579	50
-111.170143545	47	50
-111.5	46.6669126749	50
-111.647840083	46.5	50
-112	46.153603375	50
-112.144340098	46	50
-112.5	45.6600965559	50
-112.657957405	45.5	50
-113	45.1807415485	50
-113.187043518	45	50
-113.5	44.7127244174	50
-113.731462955	44.5	50
-114	44.250568524	50
-114.280249178	44	50
-114.5	43.7893990576	50
-114.823716	43.5	50
-115	43.3244291991	50
-115.35817422	43	50
-115.5	42.8530026823	50
-115.890686363	42.5	50
-116	42.3876667395	50
-116.44010476	42	50
-116.5	41.9432417303	50
-117	41.5184754431	50
-117.024001211	41.5	50
-117.5	41.1154616177	50
-117.672862679	41	50
-118	40.7698161602	50
-118.5	40.5281870067	50
-118.594240814	40.5	50
-119	40.3654859364	50
-119.5	40.2866782695	50
-120	40.2848852277	50
-120.5	40.3846309185	50
-120.737017035	40.5	50
-121	40.6370031238	50
-121.418663591	41	50
-121.5	41.0830996335	50
-121.831038177	41.5	50
-122	41.8288229704	50
-122.089756809	42	50
-122.5	42.3527095169	50
-122.604246117	42.5	50
-122.717752576	43	50
-122.965478808	43.5	50
-123	43.5606984198	50
-123.260095298	44	50
-123.44706583	44.5	50
-123.5	44.6999775171	50
-123.597813323	45	50
-123.699062333	45.5	50
-123.72826995	46	50
-123.689469963	46.5	50
-123.560225584	47	50
-123.5	47.1558966786	50
-123.373904049	47.5	50
-123.156122103	48	50
-123	48.2928925753	50
-122.887385935	48.5	50
-122.538689096	49	50
-122.5	49.0475272126	50
-122.099023893	49.5	50
-122	49.6002866328	50
-121.562012576	50	50
-121.5	50.0529406592	50
-121	50.427187562	50
-120.881822854	50.5	50
-120.5	50.7288888693	50
-120	50.9617257416	50
-119.900764644	51	50
-119.5	51.1640937626	50
-119	51.3253613114	50
-118.5	51.4472336173	50
-118.178839177	51.5	50
-118	51.5348300338	50
> 60 contour -Z60
-118.5	51.1229162812	60
-118	51.20651263	60
-117.5	51.2428741157	60
-117	51.2438957691	60
-116.5	51.2028723359	60
-116	51.1222376525	60
-115.5	51.0322556719	60
-115.28962557	51	60
-115	50.9632249475	60
-114.5	50.9049987793	60
-114	50.8263265491	60
-113.5	50.7100399435	60
-113	50.5500113592	60
-112.866720542	50.5	60
-112.5	50.3555175066	60
-112	50.0963327885	60
-111.845248714	50	60
-111.5	49.7062342912	60
-111.295235664	49.5	60
-111	49.031826213	60
-110.981864452	49	60
-110.857576072	48.5	60
-110.922227927	48	60
-111	47.8385917395	60
-111.133673429	47.5	60
-111.5	47.0033393502	60
-111.502076149	47	60
-111.944946211	46.5	60
-112	46.4458471984	60
-112.418959737	46	60
-112.5	45.9225499853	60
-112.916904032	45.5	60
-113	45.422439225	60
-113.437168561	45	60
-113.5	44.9423244484	60
-113.981288085	44.5	60
-114	44.4826193787	60
-114.5	44.0301380157	60
-114.533768028	44	60
-115	43.5737817287	60
-115.084763825	43.5	60
-115.5	43.1150431037	60
-115.638048112	43	60
-116	42.6643275917	60
-116.203987926	42.5	60
-116.5	42.2303810716	60
-116.79045324	42	60
-117	41.8164670616	60
-117.411117941	41.5	60
-117.5	41.4281961173	60
-118	41.0796500146	60
-118.162285984	41	60
-118.5	40.8181766123	60
-119	40.658351928	60
-119.5	40.5839546621	60
-120	40.5880589783	60
-120.5	40.7013655305	60
-121	40.9977274467	60
-121.002621057	41	60
-121.49368459	41.5	60
-121.5	41.5101159811	60
-121.778516591	42	60
-122	42.2102479339	60
-122.334844917	42.5	60
-122.476336241	43	60
-122.5	43.0887911916	60
-122.656149387	43.5	60
-122.939425409	44	60
-123	44.1387245357	60
-123.149180874	44.5	60
-123.286690742	45	60
-123.373444587	45.5	60
-123.39811343	46	60
-123.357470244	46.5	60
-123.230667472	47	60
-123.02871939	47.5	60
-123	47.5619878136	60
-122.797107935	48	60
-122.500927433	48.5	60
-122.5	48.5013098058	60
-122.126787022	49	60
-122	49.1401354373	60
-121.644500986	49.5	60
-121.5	49.6339396983	60
-121.043697808	50	60
-121	50.0333937034	60
-120.5	50.3614494801	60
-120.231205776	50.5	60
-120	50.61876674	60
-119.5	50.8279889524	60
-119	50.9880506992	60
-118.951297909	51	60
-118.5	51.1229162812	60
> 70 contour -Z70
-119.5	50.5148430765	70
-119	50.6958922744	70
-118.5	50.8252279758	70
-118	50.8976930976	70
-117.5	50.9239067435	70
-117	50.9172994196	70
-116.5	50.8691277504	70
-116	50.79587394	70
-115.5	50.7217953652	70
-115	50.658291176	70
-114.5	50.5921859071	70
-114.018149137	50.5	70
-114	50.4969377518	70
-113.5	50.3776099384	70
-113	50.1993210018	70
-112.577967077	50	70
-112.5	49.9547272921	70
-112	49.5912660956	70
-111.896007575	49.5	70
-111.502712578	49	70
-111.5	48.9937584698	70
-111.309032723	48.5	70
-111.31664224	48	70
-111.485538247	47.5	70
-111.5	47.4803929497	70
-111.798671216	47	70
-112	46.7727485299	70
-112.212893277	46.5	70
-112.5	46.195414722	70
-112.668539613	46	70
-113	45.6643991768	70
-113.151964724	45.5	70
-113.5	45.1624929309	70
-113.662007749	45	70
-114	44.6859646738	70
-114.199796975	44.5	70
-114.5	44.2267329693	70
-114.754042029	44	70
-115	43.7751510292	70
-115.316106096	43.5	70
-115.5	43.3295157403	70
-115.895408615	43	70
-116	42.9030024633	70
-116.5	42.5001841784	70
-116.500242949	42.5	70
-117	42.0858862102	70
-117.116358757	42	70
-117.5	41.6891201437	70
-117.783131152	41.5	70
-118	41.3440044224	70
-118.5	41.0906661153	70
-118.797164023	41	70
-119	40.9306683168	70
-119.5	40.8540788889	70
-120	40.8682337254	70
-120.475146294	41	70
-120.5	41.0068962276	70
-121	41.33243002	70
-121.164758936	41.5	70
-121.479961097	42	70
-121.5	42.0237339735	70
-122	42.494597293	70
-122.006243507	42.5	70
-122.259237558	43	70
-122.374467611	43.5	70
-122.5	43.778139919	70
-122.624425046	44	70
-122.849692941	44.5	70
-122.995941728	45	70
-123	45.0239286721	70
-123.082713135	45.5	70
-123.10054747	46	70
-123.047757674	46.5	70
-123	46.6754267365	70
-122.914226532	47	70
-122.707746238	47.5	70
-122.5	47.9120511413	70
-122.455762655	48	70
-122.148112789	48.5	70
-122	48.6892293096	70
-121.741664723	49	70
-121.5	49.2441525608	70
-121.212266982	49.5	70
-121	49.6763561666	70
-120.526048597	50	70
-120.5	50.0173101518	70
-120	50.2994170487	70
-119.533803962	50.5	70
-119.5	50.5148430765	70
> 80 contour -Z80
-118.5	50.5437915027	80
-118	50.6135860384	80
-117.5	50.6354563087	80
-117	50.620669201	80
-116.5	50.5632799193	80
-116.071989983	50.5	80
-116	50.4906516969	80
-115.5	50.4290067554	80
-115	50.3758968115	80
-114.5	50.3145605922	80
-114	50.2210604846	80
-113.5	50.0732330307	80
-113.319152281	50	80
-113	49.8498797715	80
-112.5	49.5288331192	80
-112.462013144	49.5	80
-112	49.0049897903	80
-111.995906482	49	80
-111.734866202	48.5	80
-111.691492528	48	80
-111.812263876	47.5	80
-112	47.178901583	80
-112.0894458	47	80
-112.474208226	46.5	80
-112.5	46.4726380706	80
-112.907636784	46	80
-113	45.9064830244	80
-113.375738434	45.5	80
-113.5	45.3794973865	80
-113.87836431	45	80
-114	44.8869858608	80
-114.415770344	44.5	80
-114.5	44.4233279377	80
-114.974316042	44	80
-115	43.9765203334	80
-115.5	43.5372313857	80
-115.545781314	43.5	80
-116	43.1129160821	80
-116.145711571	43	80
-116.5	42.704750061	80
-116.770090207	42.5	80
-117	42.3094898164	80
-117.419297159	42	80
-117.5	41.9346032664	80
-118	41.5910646021	80
-118.187357187	41.5	80
-118.5	41.3337385356	80
-119	41.1762175262	80
-119.5	41.1095544398	80
-120	41.1323587894	80
-120.5	41.2872281671	80
-120.801645339	41.5	80
-121	41.7113933563	80
-121.194507897	42	80
-121.5	42.3618230522	80
-121.647046104	42.5	80
-122	42.9174112007	80
-122.042138893	43	80
-122.120969415	43.5	80
-122.305052489	44	80
-122.5	44.3947026283	80
-122.548596859	44.5	80
-122.712140992	45	80
-122.807774991	45.5	80
-122.821044326	46	80
-122.758508474	46.5	80
-122.613583088	47	80
-122.5	47.2601569295	80
-122.396689773	47.5	80
-122.137736976	48	80
-122	48.2137287706	80
-121.810474306	48.5	80
-121.5	48.8640437126	80
-121.372493953	49	80
-121	49.3370391428	80
-120.785236835	49.5	80
-120.5	49.7060661614	80
-120	49.9933179617	80
-119.985953271	50	80
-119.5	50.2338808924	80
-119	50.4141256511	80
-118.66037935	50.5	80
-118.5	50.5437915027	80
> 90 contour -Z90
-119	50.1535053551	90
-118.5	50.2840630412	90
-118	50.3453252614	90
-117.5	50.3614926636	90
-117	50.338821888	90
-116.5	50.2837196589	90
-116	50.2220222354	90
-115.5	50.1685764939	90
-115	50.1178323105	90
-114.5	50.0516379327	90
-114.251455501	50	90
-114	49.9490173161	90
-113.5	49.7727299631	90
-113.00564155	49.5	90
-113	49.4957725108	90
-112.5	49.0380536169	90
-112.464061867	49	90
-112.146183074	48.5	90
-112.05309394	48	90
-112.133562505	47.5	90
-112.367919862	47	90
-112.5	46.8276025951	90
-112.717097014	46.5	90
-113	46.1715971231	90
-113.132674724	46	90
-113.5	45.6037176847	90
-113.590514958	45.5	90
-114	45.0893615186	90
-114.08711049	45	90
-114.5	44.6135897934	90
-114.621480018	44.5	90
-115	44.1586508751	90
-115.181567818	44	90
-115.5	43.7187591195	90
-115.768995568	43.5	90
-116	43.3031386584	90
-116.391182691	43	90
-116.5	42.9093159661	90
-117	42.5288544595	90
-117.04022184	42.5	90
-117.5	42.151232779	90
-117.73299244	42	90
-118	41.8132276088	90
-118.5	41.5690499842	90
-118.73045525	41.5	90
-119	41.4126241431	90
-119.5	41.3478198498	90
-120	41.3822339177	90
-120.330829471	41.5	90
-120.5	41.5829262435	90
-120.895930052	42	90
-121	42.1194599569	90
-121.315932006	42.5	90
-121.5	42.6235478818	90
-121.845470935	43	90
-121.92480731	43.5	90
-121.990945905	44	90
-122	44.0388708711	90
-122.214936376	44.5	90
-122.420316786	45	90
-122.5	45.3171313405	90
-122.539116684	45.5	90
-122.550759453	46	90
-122.5	46.3325070739	90
-122.474678814	46.5	90
-122.324286938	47	90
-122.100077122	47.5	90
-122	47.6865531802	90
-121.830977947	48	90
-121.5	48.4785738289	90
-121.48422116	48.5	90
-121.013221105	49	90
-121	49.0119626904	90
-120.5	49.4043283463	90
-120.350909948	49.5	90
-120	49.7171968222	90
-119.5	49.9588536024	90
-119.391726613	50	90
-119	50.1535053551	90
> 100 contour -Z100
-118.5	50.0283347368	100
-118	50.0876198709	100
-117.5	50.100355193	100
-117	50.0671123043	100
-116.5	50.0110171624	100
-116.405563504	50	100
-116	49.9609568417	100
-115.5	49.9245658219	100
-115	49.8848436475	100
-114.5	49.8195130229	100
-114	49.6924359947	100
-113.552879512	49.5	100
-113.5	49.4709370732	100
-113	49.0892682895	100
-112.903920248	49	100
-112.546727985	48.5	100
-112.5	48.349914521	100
-112.400340222	48	100
-112.44894024	47.5	100
-112.5	47.3822715506	100
-112.642250299	47	100
-112.957967952	46.5	100
-113	46.4512078539	100
-113.348862901	46	100
-113.5	45.8369484395	100
-113.794056624	45.5	100
-114	45.293476522	100
-114.286083803	45	100
-114.5	44.7998026162	100
-114.82062766	44.5	100
-115	44.3382421136	100
-115.387100808	44	100
-115.5	43.9002868757	100
-115.992209844	43.5	100
-116	43.49336125	100
-116.5	43.1032494009	100
-116.641058147	43	100
-117	42.7238166034	100
-117.311990485	42.5	100
-117.5	42.3573843539	100
-118	42.0328725278	100
-118.070393384	42	100
-118.5	41.7875623107	100
-119	41.6426050663	100
-119.5	41.5896036923	100
-120	41.6502672136	100
-120.5	41.9270180538	100
-120.5692821	42	100
-121	42.4944131202	100
-121.00463834	42.5	100
-121.5	42.8324906379	100
-121.653723717	43	100
-121.780980378	43.5	100
-121.821074307	44	100
-121.90925017	44.5	100
-122	44.762793079	100
-122.104739964	45	100
-122.252347857	45.5	100
-122.285563409	46	100
-122.207012877	46.5	100
-122.041880868	47	100
-122	47.0914416984	100
-121.812719077	47.5	100
-121.53282642	48	100
-121.5	48.0474649929	100
-121.166740701	48.5	100
-121	48.6764310002	100
-120.649898201	49	100
-120.5	49.1180579364	100
-120	49.4437946975	100
-119.896296889	49.5	100
-119.5	49.7061113119	100
-119	49.9009924829	100
-118.606171064	50	100
-118.5	50.0283347368	100
> 110 contour -Z110
-119	49.6600983441	110
-118.5	49.7850616574	110
-118	49.8403097391	110
-117.5	49.8455576599	110
-117	49.8098196685	110
-116.5	49.7662135363	110
-116	49.7359242141	110
-115.5	49.7106895149	110
-115	49.6729253829	110
-114.5	49.5949150473	110
-114.185846031	49.5	110
-114	49.4339602888	110
-113.5	49.1432831138	110
-113.320440158	49	110
-113	48.5995896012	110
-112.92632094	48.5	110
-112.736798316	48	110
-112.753248274	47.5	110
-112.912842304	47	110
-113	46.8596635908	110
-113.190330118	46.5	110
-113.5	46.0915146768	110
-113.562177181	46	110
-113.997598285	45.5	110
-114	45.4975915202	110
-114.485057115	45	110
-114.5	44.9860154279	110
-115	44.5182650089	110
-115.020298362	44.5	110
-115.5	44.0805570185	110
-115.599172682	44	110
-116	43.6731618047	110
-116.229316205	43.5	110
-116.5	43.2887162268	110
-116.894440785	43	110
-117	42.9187787622	110
-117.5	42.5613553226	110
-117.598034233	42.5	110
-118	42.2392282486	110
-118.5	42.0061687231	110
-118.522873104	42	110
-119	41.8688186556	110
-119.5	41.8376073092	110
-120	41.9344872683	110
-120.113167748	42	110
-120.5	42.285719499	110
-120.687468231	42.5	110
-121	42.6526434422	110
-121.459364742	43	110
-121.5	43.0860752165	110
-121.637153417	43.5	110
-121.651202723	44	110
-121.66244632	44.5	110
-121.774959624	45	110
-121.955590695	45.5	110
-122	45.8066346794	110
-122.021544032	46	110
-122	46.1323818415	110
-121.938971221	46.5	110
-121.768547267	47	110
-121.530073568	47.5	110
-121.5	47.5533976927	110
-121.236933857	48	110
-121	48.3139935434	110
-120.842468441	48.5	110
-120.5	48.8186195791	110
-120.269134045	49	110
-120	49.1804150343	110
-119.5	49.4534865916	110
-119.391355544	49.5	110
-119	49.6600983441	110
> 120 contour -Z120
-118.5	49.5433405638	120
-118	49.5983547643	120
-117.5	49.5947173312	120
-117	49.5572561137	120
-116.5	49.5225844625	120
-116	49.5108916042	120
-115.617694557	49.5	120
-115.5	49.497377634	120
-115	49.4649029672	120
-114.5	49.3723582327	120
-114	49.1698013842	120
-113.733388573	49	120
-113.5	48.7654438913	120
-113.279302746	48.5	120
-113.063548833	48	120
-113.051438838	47.5	120
-113.178150982	47	120
-113.420893662	46.5	120
-113.5	46.3956508711	120
-113.768814296	46	120
-114	45.7345040441	120
-114.195412338	45.5	120
-114.5	45.1875912845	120
-114.681787789	45	120
-115	44.7022035122	120
-115.224713832	44.5	120
-115.5	44.2592944205	120
-115.819214001	44	120
-116	43.8525854647	120
-116.466924906	43.5	120
-116.5	43.4741830509	120
-117	43.113794148	120
-117.163252771	43	120
-117.5	42.7604316324	120
-117.916120596	42.5	120
-118	42.4455839731	120
-118.5	42.2280654609	120
-119	42.1065864265	120
-119.5	42.0982692838	120
-120	42.2521297038	120
-120.324510932	42.5	120
-120.5	42.5639379025	120
-121	42.8075956702	120
-121.254446775	43	120
-121.495738536	43.5	120
-121.491410166	44	120
-121.465860307	44.5	120
-121.465708464	45	120
-121.5	45.1796751022	120
-121.612396233	45.5	120
-121.719829217	46	120
-121.669647262	46.5	120
-121.5	46.9908059537	120
-121.496626377	47	120
-121.245789751	47.5	120
-121	47.9065881968	120
-120.937286735	48	120
-120.51068343	48.5	120
-120.5	48.5099394564	120
-120	48.906766057	120
-119.858592153	49	120
-119.5	49.2013815045	120
-119	49.4153715074	120
-118.674179211	49.5	120
-118.5	49.5433405638	120
> 130 contour -Z130
-119	49.1630501747	130
-118.5	49.294947952	130
-118	49.3514913619	130
-117.5	49.3442130685	130
-117	49.3197603226	130
-116.5	49.3181982636	130
-116	49.328299284	130
-115.5	49.3213832974	130
-115	49.2741579115	130
-114.5	49.1512953192	130
-114.171467036	49	130
-114	48.8828776181	130
-113.618623108	48.5	130
-113.5	48.2696309388	130
-113.369808704	48	130
-113.331912339	47.5	130
-113.440949365	47	130
-113.5	46.8725615144	130
-113.652412981	46.5	130
-113.975451436	46	130
-114	45.9718081839	130
-114.393158019	45.5	130
-114.5	45.3904145733	130
-114.878336377	45	130
-115	44.8861420229	130
-115.429129265	44.5	130
-115.5	44.4380318262	130
-116	44.0357371271	130
-116.0479801	44	130
-116.5	43.6693487763	130
-116.733811378	43.5	130
-117	43.3088475913	130
-117.44308269	43	130
-117.5	42.9595079459	130
-118	42.6662226319	130
-118.382771678	42.5	130
-118.5	42.4499621801	130
-119	42.3603034765	130
-119.5	42.3829424158	130
-119.814037055	42.5	130
-120	42.5473864079	130
-120.5	42.7202269435	130
-121	42.9625479244	130
-121.049528822	43	130
-121.403896004	43.5	130
-121.413249761	44	130
-121.365978181	44.5	130
-121.27903679	45	130
-121.27984032	45.5	130
-121.393023998	46	130
-121.378679723	46.5	130
-121.21071589	47	130
-121	47.4221076071	130
-120.957005531	47.5	130
-120.621351019	48	130
-120.5	48.1420594007	130
-120.139445528	48.5	130
-120	48.6107854322	130
-119.5	48.9408583045	130
-119.381283969	49	130
-119	49.1630501747	130
> 140 contour -Z140
-118.5	49.0450977683	140
-118	49.1012660936	140
-117.5	49.093912676	140
-117	49.0866817757	140
-116.5	49.1178215891	140
-116	49.1478655636	140
-115.5	49.1453889608	140
-115	49.083412841	140
-114.709589779	49	140
-114.5	48.9201577306	140
-114	48.5549872741	140
-113.945228253	48.5	140
-113.663742393	48	140
-113.603502661	47.5	140
-113.692985594	47	140
-113.884431504	46.5	140
-114	46.3194372803	140
-114.189033747	46	140
-114.5	45.6203844249	140
-114.59733218	45.5	140
-115	45.083450079	140
-115.086160064	45	140
-115.5	44.6315387189	140
-115.665736586	44.5	140
-116	44.2360576987	140
-116.316927388	44	140
-116.5	43.8660829365	140
-117	43.5048266351	140
-117.007297546	43.5	140
-117.5	43.1855233014	140
-117.812367618	43	140
-118	42.8919766322	140
-118.5	42.711242497	140
-119	42.6275907457	140
-119.5	42.6475910842	140
-120	42.7419919968	140
-120.5	42.8765160069	140
-120.755134463	43	140
-121	43.0912294686	140
-121.312053442	43.5	140
-121.335089326	44	140
-121.266096056	44.5	140
-121.092365108	45	140
-121	45.386562705	140
-120.975855589	45.5	140
-121	45.9228304848	140
-121.010146237	46	140
-121.050875306	46.5	140
-121	46.6855570823	140
-120.904453784	47	140
-120.640869856	47.5	140
-120.5	47.7098915577	140
-120.272478938	48	140
-120	48.2705200911	140
-119.722034603	48.5	140
-119.5	48.646913588	140
-119	48.895922929	140
-118.668912321	49	140
-118.5	49.0450977683	140
> 150 contour -Z150
-119	48.6017532647	150
-118.5	48.7613011897	150
-118	48.8265542686	150
-117.5	48.8404982686	150
-117	48.8793413639	150
-116.5	48.9337195158	150
-116	48.9722581804	150
-115.5	48.9707091451	150
-115	48.8876846731	150
-114.5	48.6671726108	150
-114.278715357	48.5	150
-114	48.0891499743	150
-113.94856165	48	150
-113.861807019	47.5	150
-113.941902749	47	150
-114	46.8412892222	150
-114.114630848	46.5	150
-114.403552376	46	150
-114.5	45.8822604716	150
-114.809061974	45.5	150
-115	45.3024793118	150
-115.312302068	45	150
-115.5	44.832883656	150
-115.919427805	44.5	150
-116	44.4363782853	150
-116.5	44.0733852983	150
-116.616439104	44	150
-117	43.746162653	150
-117.372181088	43.5	150
-117.5	43.4184171483	150
-118	43.1474996507	150
-118.449413527	43	150
-118.5	42.9839895926	150
-119	42.9115040898	150
-119.5	42.8982552662	150
-120	42.9365975857	150
-120.304087996	43	150
-120.5	43.0150220394	150
-121	43.2115374506	150
-121.22021091	43.5	150
-121.256928891	44	150
-121.166213915	44.5	150
-121	44.8835569024	150
-120.961071968	45	150
-120.809571385	45.5	150
-120.667042941	46	150
-120.638449073	46.5	150
-120.541160922	47	150
-120.5	47.0848431364	150
-120.267312944	47.5	150
-120	47.8541090786	150
-119.874546051	48	150
-119.5	48.3051573932	150
-119.204408482	48.5	150
-119	48.6017532647	150
> 160 contour -Z160
-118	48.5351958871	160
-117.5	48.5852138698	160
-117	48.6872405559	160
-116.5	48.7728443742	160
-116	48.8185633719	160
-115.5	48.8022738993	160
-115	48.6880838871	160
-114.632344812	48.5	160
-114.5	48.3749908507	160
-114.223038793	48	160
-114.111735731	47.5	160
-114.180418968	47	160
-114.343024805	46.5	160
-114.5	46.2223478258	160
-114.621447414	46	160
-115	45.5270701051	160
-115.023288786	45.5	160
-115.5	45.0389889777	160
-115.546979398	45	160
-116	44.6469613314	160
-116.221760184	44.5	160
-116.5	44.3032176346	160
-116.981109859	44	160
-117	43.9874986652	160
-117.5	43.6682898104	160
-117.862555817	43.5	160
-118	43.4303371906	160
-118.5	43.233874917	160
-119	43.1115233302	160
-119.5	43.0594539344	160
-120	43.0498374104	160
-120.5	43.0865896642	160
-121	43.3318454474	160
-121.128368363	43.5	160
-121.178768471	44	160
-121.066331789	44.5	160
-121	44.6530679017	160
-120.884017318	45	160
-120.643287182	45.5	160
-120.5	45.8137334585	160
-120.410321176	46	160
-120.232354835	46.5	160
-120.059382126	47	160
-120	47.1238091961	160
-119.797558218	47.5	160
-119.5	47.8556578159	160
-119.360832632	48	160
-119	48.2309779674	160
-118.5	48.4581636488	160
-118.270002872	48.5	160
-118	48.5351958871	160
> 170 contour -Z170
-116.5	48.6119692028	170
-116	48.6648685187	170
-115.5	48.6338386387	170
-115.033849359	48.5	170
-115	48.4847444296	170
-114.5	48.0064495848	170
-114.495236458	48	170
-114.352027938	47.5	170
-114.415768519	47	170
-114.5	46.7331495583	170
-114.568973869	46.5	170
-114.842100516	46	170
-115	45.8027344346	170
-115.260446772	45.5	170
-115.5	45.268336311	170
-115.823329344	45	170
-116	44.8623206615	170
-116.5	44.5261312723	170
-116.545078486	44.5	170
-117	44.1975910366	170
-117.385823525	44	170
-117.5	43.9273169786	170
-118	43.6432944834	170
-118.456898738	43.5	170
-118.5	43.4823345561	170
-119	43.2735506594	170
-119.5	43.1595279872	170
-120	43.123758167	170
-120.5	43.1581572592	170
-121	43.4521534517	170
-121.036525823	43.5	170
-121.100608051	44	170
-121	44.3965252936	170
-120.980968863	44.5	170
-120.806962669	45	170
-120.5	45.4832242131	170
-120.489497125	45.5	170
-120.235030219	46	170
-120	46.3823211193	170
-119.91517657	46.5	170
-119.585374087	47	170
-119.5	47.1399787068	170
-119.226830661	47.5	170
-119	47.7344958484	170
-118.612241045	48	170
-118.5	48.0515936241	170
-118	48.229958728	170
-117.5	48.3757691979	170
-117	48.4964028895	170
-116.98246184	48.5	170
-116.5	48.6119692028	170
> 180 contour -Z180
-116	48.5111736953	180
-115.869290993	48.5	180
-115.5	48.4607640803	180
-115	48.2203479856	180
-114.770526975	48	180
-114.586070061	47.5	180
-114.635693252	47	180
-114.789549127	46.5	180
-115	46.1148161292	180
-115.060287356	46	180
-115.497604754	45.5	180
-115.5	45.4976836396	180
-116	45.0686210096	180
-116.091622531	45	180
-116.5	44.707850337	180
-116.858558178	44.5	180
-117	44.405976586	180
-117.5	44.1040647924	180
-117.725432545	44	180
-118	43.8334158212	180
-118.5	43.6035401821	180
-118.850132003	43.5	180
-119	43.4355779737	180
-119.5	43.259602055	180
-120	43.1976789236	180
-120.5	43.229724884	180
-120.931225508	43.5	180
-121	43.8385611326	180
-121.022447627	44	180
-121	44.08847256	180
-120.924311638	44.5	180
-120.729908019	45	180
-120.5	45.3619238734	180
-120.413554281	45.5	180
-120.059739247	46	180
-120	46.0971771926	180
-119.709643573	46.5	180
-119.5	46.7773698866	180
-119.278753728	47	180
-119	47.3136592209	180
-118.750651002	47.5	180
-118.5	47.7068363726	180
-118	47.9589083493	180
-117.900781721	48	180
-117.5	48.1892925054	180
-117	48.3542281985	180
-116.5	48.4592078626	180
-116.096496597	48.5	180
-116	48.5111736953	180
> 190 contour -Z190
-117.5	48.0028158128	190
-117	48.2120534778	190
-116.5	48.3250228763	190
-116	48.3594659567	190
-115.5	48.2697421312	190
-115.052764922	48	190
-115	47.9178744256	190
-114.810094431	47.5	190
-114.847020343	47	190
-115	46.529812932	190
-115.009090543	46.5	190
-115.272268608	46	190
-115.5	45.7397781909	190
-115.719256669	45.5	190
-116	45.2588652968	190
-116.345636085	45	190
-116.5	44.8895694017	190
-117	44.5712376237	190
-117.120040357	44.5	190
-117.5	44.2487197816	190
-118	44.0112617612	190
-118.023091972	44	190
-118.5	43.715005517	190
-119	43.5420206785	190
-119.150254428	43.5	190
-119.5	43.3596761227	190
-120	43.2715996802	190
-120.5	43.3012925088	190
-120.817038953	43.5	190
-120.956545025	44	190
-120.867654413	44.5	190
-120.652853355	45	190
-120.5	45.2406235486	190
-120.337611467	45.5	190
-120	45.935433358	190
-119.944210321	46	190
-119.504110597	46.5	190
-119.5	46.5054385439	190
-119.00851266	47	190
-119	47.0095786136	190
-118.5	47.4497369528	190
-118.412348866	47.5	190
-118	47.7953921258	190
-117.505961819	48	190
-117.5	48.0028158128	190
> 200 contour -Z200
-117	48.0698787868	200
-116.5	48.1908378899	200
-116	48.2079140246	200
-115.5	48.0787201822	200
-115.369481176	48	200
-115.033927292	47.5	200
-115.051467061	47	200
-115.207141697	46.5	200
-115.484249873	46	200
-115.5	45.9820028022	200
-115.940750368	45.5	200
-116	45.4491095953	200
-116.5	45.0559645593	200
-116.572772175	45	200
-117	44.7010436654	200
-117.338772491	44.5	200
-117.5	44.3933747783	200
-118	44.1022287309	200
-118.209617376	44	200
-118.5	43.826470837	200
-119	43.6117761135	200
-119.399680682	43.5	200
-119.5	43.4597501829	200
-120	43.3455204368	200
-120.5	43.3728601336	200
-120.702852398	43.5	200
-120.895581335	44	200
-120.810997218	44.5	200
-120.575798705	45	200
-120.5	45.1193232089	200
-120.261668622	45.5	200
-120	45.8374862969	200
-119.859577894	46	200
-119.5	46.4062864184	200
-119.39647156	46.5	200
-119	46.8974372745	200
-118.857757598	47	200
-118.5	47.3188434243	200
-118.18409045	47.5	200
-118	47.6318758875	200
-117.5	47.8841784894	200
-117.166452035	48	200
-117	48.0698787868	200
> 210 contour -Z210
-116.5	48.0566529036	210
-116	48.0563620776	210
-115.806261867	48	210
-115.5	47.8250401914	210
-115.256694123	47.5	210
-115.237874269	47	210
-115.405192859	46.5	210
-115.5	46.3295713365	210
-115.672133595	46	210
-116	45.6467523575	210
-116.128730029	45.5	210
-116.5	45.1986219287	210
-116.758273333	45	210
-117	44.8308496922	210
-117.5	44.523565352	210
-117.536156297	44.5	210
-118	44.1931957006	210
-118.396142781	44	210
-118.5	43.9379361756	210
-119	43.6815315485	210
-119.5	43.5326299071	210
-119.677115411	43.5	210
-120	43.4194411933	210
-120.5	43.4444277473	210
-120.58866585	43.5	210
-120.834617615	44	210
-120.754339993	44.5	210
-120.5	44.9981911182	210
-120.499111146	45	210
-120.185725763	45.5	210
-120	45.7395392507	210
-119.774945438	46	210
-119.5	46.3106603622	210
-119.290830314	46.5	210
-119	46.7915387154	210
-118.710888803	47	210
-118.5	47.1879499108	210
-118	47.4823487699	210
-117.960677177	47.5	210
-117.5	47.7665812671	210
-117	47.9421632588	210
-116.726818368	48	210
-116.5	48.0566529036	210
> 220 contour -Z220
-117.5	47.648984015	220
-117	47.8284235299	220
-116.5	47.9221356809	220
-116	47.8818960488	220
-115.5	47.5274387635	220
-115.479460962	47.5	220
-115.424281463	47	220
-115.5	46.781024307	220
-115.584519535	46.5	220
-115.858083203	46	220
-116	45.8470969349	220
-116.304470748	45.5	220
-116.5	45.3412792981	220
-116.943774492	45	220
-117	44.9606557153	220
-117.5	44.6132015884	220
-117.673685193	44.5	220
-118	44.2841626555	220
-118.5	44.0276689231	220
-118.555279851	44	220
-119	43.7512869984	220
-119.5	43.5872132778	220
-119.973394305	43.5	220
-120	43.4933619532	220
-120.143312514	43.5	220
-120.5	43.5237145424	220
-120.773653895	44	220
-120.697682753	44.5	220
-120.5	44.8872132003	220
-120.444577754	45	220
-120.109782927	45.5	220
-120	45.6415921897	220
-119.690312982	46	220
-119.5	46.215034321	220
-119.185189083	46.5	220
-119	46.6856401563	220
-118.564020015	47	220
-118.5	47.0570563972	220
-118	47.3911279142	220
-117.75745824	47.5	220
-117.5	47.648984015	220
> 230 contour -Z230
-117.5	47.5313867629	230
-117	47.7146837711	230
-116.5	47.7873756588	230
-116	47.6938625127	230
-115.734113961	47.5	230
-115.601821125	47	230
-115.746651888	46.5	230
-116	46.0657995939	230
-116.035514981	46	230
-116.48021147	45.5	230
-116.5	45.4839366786	230
-117	45.0778015554	230
-117.086849689	45	230
-117.5	44.7028378546	230
-117.811214045	44.5	230
-118	44.3751296103	230
-118.5	44.0900986791	230
-118.680008531	44	230
-119	43.8210424334	230
-119.5	43.6417966485	230
-120	43.5533478856	230
-120.5	43.6298198402	230
-120.712690189	44	230
-120.641025528	44.5	230
-120.5	44.7762352526	230
-120.390044391	45	230
-120.033840083	45.5	230
-120	45.5436451435	230
-119.605680533	46	230
-119.5	46.1194082573	230
-119.079547837	46.5	230
-119	46.5797415972	230
-118.5	46.9591112733	230
-118.426774442	47	230
-118	47.2999070287	230
-117.554239269	47.5	230
-117.5	47.5313867629	230
> 240 contour -Z240
-117	47.6009440124	240
-116.5	47.6526156664	240
-116	47.5058289934	240
-115.992005427	47.5	240
-115.773294792	47	240
-115.908784233	46.5	240
-116	46.343669951	240
-116.185493976	46	240
-116.5	45.648672998	240
-116.620925486	45.5	240
-117	45.1894411147	240
-117.21147272	45	240
-117.5	44.7924740911	240
-117.948742922	44.5	240
-118	44.4660965689	240
-118.5	44.1525284648	240
-118.80473724	44	240
-119	43.8907978758	240
-119.5	43.6963800192	240
-120	43.6119590402	240
-120.5	43.735925138	240
-120.651726484	44	240
-120.584368311	44.5	240
-120.5	44.6652573198	240
-120.335511029	45	240
-120	45.4586687684	240
-119.967767417	45.5	240
-119.521048086	46	240
-119.5	46.0237821955	240
-119	46.4840827882	240
-118.977870941	46.5	240
-118.5	46.8866265118	240
-118.296965092	47	240
-118	47.2086861432	240
-117.5	47.4323247075	240
-117.273818433	47.5	240
-117	47.6009440124	240
> 250 contour -Z250
-116.5	47.517855674	250
-116.439854879	47.5	250
-116	47.1247383729	250
-115.944768451	47	250
-116	46.7879526615	250
-116.060340941	46.5	250
-116.335473001	46	250
-116.5	45.8162109107	250
-116.757195026	45.5	250
-117	45.3010806888	250
-117.336095721	45	250
-117.5	44.8821103349	250
-118	44.5427986383	250
-118.060397416	44.5	250
-118.5	44.2149582207	250
-118.929465935	44	250
-119	43.9605533108	250
-119.5	43.7509633899	250
-120	43.6705701947	250
-120.5	43.8420304358	250
-120.590762772	44	250
-120.527711084	44.5	250
-120.5	44.5542793795	250
-120.280977666	45	250
-120	45.3841175437	250
-119.909627885	45.5	250
-119.5	45.9518205822	250
-119.448280364	46	250
-119	46.4196406603	250
-118.888279647	46.5	250
-118.5	46.8141417205	250
-118.167155713	47	250
-118	47.1174652576	250
-117.5	47.3400107622	250
-117	47.4868053794	250
-116.770407885	47.5	250
-116.5	47.517855674	250
> 260 contour -Z260
-118	47.0262443721	260
-117.5	47.247696802	260
-117	47.3695198596	260
-116.5	47.3382555246	260
-116.136009902	47	260
-116.198294848	46.5	260
-116.485452018	46	260
-116.5	45.9837488029	260
-116.893464565	45.5	260
-117	45.412720263	260
-117.460718729	45	260
-117.5	44.9717465825	260
-118	44.6110254228	260
-118.156679064	44.5	260
-118.5	44.2773879915	260
-119	44.0232651532	260
-119.054353267	44	260
-119.5	43.8055467606	260
-120	43.7291813493	260
-120.5	43.9481357262	260
-120.529799065	44	260
-120.5	44.2444735169	260
-120.469792873	44.5	260
-120.226444289	45	260
-120	45.3095663488	260
-119.851488322	45.5	260
-119.5	45.8876925409	260
-119.379440159	46	260
-119	46.3551985323	260
-118.798688352	46.5	260
-118.5	46.7416569442	260
-118.037346341	47	260
-118	47.0262443721	260
> 270 contour -Z270
-117.5	47.1553828418	270
-117	47.2522343695	270
-116.5	47.1518066525	270
-116.33664386	47	270
-116.33624877	46.5	270
-116.5	46.2160287499	270
-116.604448617	46	270
-117	45.529989928	270
-117.022034228	45.5	270
-117.5	45.0631966889	270
-117.563572168	45	270
-118	44.6792522371	270
-118.252960682	44.5	270
-118.5	44.3398177624	270
-119	44.0768098235	270
-119.179447085	44	270
-119.5	43.8601301163	270
-120	43.7877925038	270
-120.438138336	44	270
-120.410667449	44.5	270
-120.171910927	45	270
-120	45.235015139	270
-119.793348789	45.5	270
-119.5	45.8235644698	270
-119.310599983	46	270
-119	46.2907563746	270
-118.709097043	46.5	270
-118.5	46.6691721529	270
-118	46.9453381598	270
-117.851325601	47	270
-117.5	47.1553828418	270
> 280 contour -Z280
-117.5	47.0630688965	280
-117	47.1349488497	280
-116.569515109	47	280
-116.5	46.7508042753	280
-116.474202685	46.5	280
-116.5	46.4552632608	280
-116.720117092	46	280
-117	45.6674318612	280
-117.123015761	45.5	280
-117.5	45.1554816663	280
-117.656405449	45	280
-118	44.7474790215	280
-118.349242315	44.5	280
-118.5	44.4022475332	280
-119	44.1303544641	280
-119.304540917	44	280
-119.5	43.914713487	280
-120	43.8464036584	280
-120.317125678	44	280
-120.351542026	44.5	280
-120.117377549	45	280
-120	45.1604639292	280
-119.735209271	45.5	280
-119.5	45.7594364285	280
-119.241759792	46	280
-119	46.2263142467	280
-118.619505741	46.5	280
-118.5	46.5966873765	280
-118	46.8685980737	280
-117.642600805	47	280
-117.5	47.0630688965	280
> 290 contour -Z290
-117	47.0176633298	290
-116.943654206	47	290
-116.618866682	46.5	290
-116.835785568	46	290
-117	45.8048738092	290
-117.223997295	45.5	290
-117.5	45.2477666736	290
-117.749238759	45	290
-118	44.8157058209	290
-118.445523951	44.5	290
-118.5	44.4646773003	290
-119	44.1838991046	290
-119.429634728	44	290
-119.5	43.9692968559	290
-120	43.9050148055	290
-120.196113035	44	290
-120.292416602	44.5	290
-120.06284418	45	290
-120	45.0859127119	290
-119.677069724	45.5	290
-119.5	45.6953083724	290
-119.172919601	46	290
-119	46.1618721187	290
-118.529914439	46.5	290
-118.5	46.5242025908	290
-118	46.7918579876	290
-117.5	46.9663908482	290
-117.161104873	47	290
-117	47.0176633298	290
> 300 contour -Z300
-118	46.7151179016	300
-117.5	46.8603013158	300
-117	46.8270907402	300
-116.765074074	46.5	300
-116.951454047	46	300
-117	45.9423157424	300
-117.324978814	45.5	300
-117.5	45.340051651	300
-117.842072055	45	300
-118	44.8839326203	300
-118.5	44.5281302035	300
-118.540673047	44.5	300
-119	44.2374437749	300
-119.5	44.0290906429	300
-119.706738621	44	300
-120	43.9636259563	300
-120.075100377	44	300
-120.233291179	44.5	300
-120.008310813	45	300
-120	45.0113615058	300
-119.618930198	45.5	300
-119.5	45.6311803162	300
-119.104079403	46	300
-119	46.0974299833	300
-118.5	46.4516708851	300
-118.404000729	46.5	300
-118	46.7151179016	300
> 310 contour -Z310
-118	46.6383778155	310
-117.5	46.7542117834	310
-117	46.6235240996	310
-116.911281459	46.5	310
-117	46.2444195151	310
-117.064366311	46	310
-117.42596034	45.5	310
-117.5	45.4323366433	310
-117.93490535	45	310
-118	44.9521594159	310
-118.5	44.5929163396	310
-118.634346306	44.5	310
-119	44.2909884304	310
-119.5	44.0955835283	310
-120	44.057051003	310
-120.174165756	44.5	310
-120	44.888276577	310
-119.94433856	45	310
-119.560790662	45.5	310
-119.5	45.5670522526	310
-119.035239212	46	310
-119	46.0329878516	310
-118.5	46.3791156709	310
-118.259879529	46.5	310
-118	46.6383778155	310
> 320 contour -Z320
-118	46.5616377294	320
-117.5	46.6481222659	320
-117.109869331	46.5	320
-117.175285161	46	320
-117.5	45.5417618752	320
-117.525017351	45.5	320
-118	45.0278508365	320
-118.026763231	45	320
-118.5	44.6577024758	320
-118.728019595	44.5	320
-119	44.3445330858	320
-119.5	44.1620764136	320
-120	44.2074223757	320
-120.115040332	44.5	320
-120	44.7564652562	320
-119.878669202	45	320
-119.502651126	45.5	320
-119.5	45.5029241988	320
-119	45.9634337425	320
-118.948220879	46	320
-118.5	46.306560427	320
-118.11575833	46.5	320
-118	46.5616377294	320
> 330 contour -Z330
-117.5	46.5420327187	330
-117.389292419	46.5	330
-117.286203995	46	330
-117.5	45.6982907355	330
-117.618785501	45.5	330
-118	45.1210596561	330
-118.116332054	45	330
-118.5	44.7224886417	330
-118.821692884	44.5	330
-119	44.3980777338	330
-119.5	44.228569299	330
-120	44.3577937633	330
-120.055914916	44.5	330
-120	44.6246539578	330
-119.812999845	45	330
-119.5	45.4165835679	330
-119.422286391	45.5	330
-119	45.888518393	330
-118.842138171	46	330
-118.5	46.2340052128	330
-118	46.477589637	330
-117.83406496	46.5	330
-117.5	46.5420327187	330
> 340 contour -Z340
-118.5	46.1614499986	340
-118	46.363715142	340
-117.5	46.302847296	340
-117.397122838	46	340
-117.5	45.8548195809	340
-117.71255368	45.5	340
-118	45.214268446	340
-118.205900848	45	340
-118.5	44.787274763	340
-118.915366158	44.5	340
-119	44.4516223855	340
-119.5	44.2950621843	340
-119.991343588	44.5	340
-119.747330472	45	340
-119.5	45.3291817009	340
-119.340859801	45.5	340
-119	45.8136030436	340
-118.736055434	46	340
-118.5	46.1614499986	340
> 350 contour -Z350
-118.5	46.0888947546	350
-118	46.2498406619	350
-117.515993953	46	350
-117.806321859	45.5	350
-118	45.3074772358	350
-118.295469671	45	350
-118.5	44.8520608991	350
-119	44.5093391538	350
-119.022147149	44.5	350
-119.5	44.3615550697	350
-119.831925213	44.5	350
-119.681661114	45	350
-119.5	45.2417798042	350
-119.25943321	45.5	350
-119	45.738687709	350
-118.629972711	46	350
-118.5	46.0888947546	350
> 360 contour -Z360
-118.5	46.0163395405	360
-118	46.1359661669	360
-117.736598313	46	360
-117.900090024	45.5	360
-118	45.4006860405	360
-118.385038495	45	360
-118.5	44.9168470427	360
-119	44.6061183512	360
-119.251652226	44.5	360
-119.5	44.428047955	360
-119.672506854	44.5	360
-119.615991756	45	360
-119.5	45.1543779075	360
-119.178006619	45.5	360
-119	45.6637723744	360
-118.523889981	46	360
-118.5	46.0163395405	360
> 370 contour -Z370
-118	46.0220916867	370
-117.957202699	46	370
-117.993858196	45.5	370
-118	45.493894835	370
-118.474607317	45	370
-118.5	44.9816331845	370
-119	44.7028975189	370
-119.481157303	44.5	370
-119.5	44.4945408385	370
-119.513088478	44.5	370
-119.550322395	45	370
-119.5	45.0669760182	370
-119.096580021	45.5	370
-119	45.5888570324	370
-118.5	45.8898275495	370
-118.100124113	46	370
-118	46.0220916867	370
> 380 contour -Z380
-119	45.5139416754	380
-118.5	45.7476326227	380
-118.174607575	45.5	380
-118.5	45.1457486451	380
-118.628571004	45	380
-119	44.7996767163	380
-119.449274957	45	380
-119.015153428	45.5	380
-119	45.5139416754	380
> 390 contour -Z390
-118.5	45.6054376662	390
-118.361453548	45.5	390
-118.5	45.3491659164	390
-118.738363147	45.5	390
-118.5	45.6054376662	390
> 390 contour -Z390
-119	45.283973828	390
-118.808013931	45	390
-119	44.8964558989	390
-119.232223481	45	390
-119	45.283973828	390
> 400 contour -Z400
-119	45.0185530484	400
-118.987456848	45	400
-119	44.9932350852	400
-119.015172009	45	400
-119	45.0185530484	400
