> 10 contour -Z10
-121	50.1995798349	10
-120.5	50.3335299194	10
-120	50.3907247782	10
-119.5	50.3862377405	10
-119	50.3274184763	10
-118.5	50.1892158091	10
-118.105518043	50	10
-118	49.9609748125	10
-117.5	49.7398488522	10
-117.123166412	49.5	10
-117	49.4331479967	10
-116.5	49.0895837396	10
-116.391015165	49	10
-116	48.6980537027	10
-115.762018189	48.5	10
-115.5	48.3127804399	10
-115.032060236	48	10
-115	47.9848699868	10
-114.5	47.7841047347	10
-114	47.519293163	10
-113.966749571	47.5	10
-113.5	47.2587535977	10
-113.143268347	47	10
-113	46.8911690712	10
-112.578408241	46.5	10
-112.5	46.4069692791	10
-112.179213285	46	10
-112	45.5509770215	10
-111.976694524	45.5	10
-111.915221222	45	10
-112	44.7175707221	10
-112.04192704	44.5	10
-112.353401512	44	10
-112.5	43.8649343103	10
-112.920740724	43.5	10
-113	43.4383719265	10
-113.5	43.101587534	10
-113.716343254	43	10
-114	42.8179961294	10
-114.5	42.5886507034	10
-114.746867359	42.5	10
-115	42.3515210152	10
-115.5	42.1268393695	10
-115.875225648	42	10
-116	41.9280591905	10
-116.5	41.6915786862	10
-117	41.5313410759	10
-117.091829896	41.5	10
-117.5	41.2775953114	10
-118	41.0764837563	10
-118.224698156	41	10
-118.5	40.8431620449	10
-119	40.6325536072	10
-119.486873548	40.5	10
-119.5	40.4930991428	10
-120	40.250602603	10
-120.5	40.1035996974	10
-121	40.0138771534	10
-121.119662285	40	10
-121.5	39.8887597919	10
-122	39.7987386286	10
-122.5	39.7444452047	10
-123	39.734556675	10
-123.5	39.7856738865	10
-124	39.8801092729	10
-124.323770493	40	10
-124.5	40.0449164212	10
-125	40.2404669821	10
-125.390653759	40.5	10
-125.5	40.5658259392	10
-126	40.9468202777	10
-126.060221571	41	10
-126.499898285	41.5	10
-126.5	41.5001817644	10
-126.8174209	42	10
-126.970446587	42.5	10
-127	42.7479794919	10
-127.048086349	43	10
-127.011052462	43.5	10
-127	43.5556352362	10
-126.951209903	44	10
-126.849536598	44.5	10
-126.650160924	45	10
-126.5	45.2445071489	10
-126.372868598	45.5	10
-126.005544398	46	10
-126	46.0065466044	10
-125.628389478	46.5	10
-125.5	46.6358695626	10
-125.157043383	47	10
-125	47.1529106647	10
-124.628150374	47.5	10
-124.5	47.6241893321	10
-124.104314968	48	10
-124	48.1066706181	10
-123.6073706	48.5	10
-123.5	48.6084319279	10
-123.059477698	49	10
-123	49.0529076941	10
-122.5	49.4236605167	10
-122.371117532	49.5	10
-122	49.7572126091	10
-121.5	49.9783960581	10
-121.430699497	50	10
-121	50.1995798349	10
> 20 contour -Z20
-121.5	49.5745840669	20
-121	49.7856041491	20
-120.5	49.910112977	20
-120	49.9580776989	20
-119.5	49.9422492385	20
-119	49.868075341	20
-118.5	49.6982004195	20
-118.119432569	49.5	20
-118	49.4485946298	20
-117.5	49.1972423792	20
-117.208250582	49	20
-117	48.8666129112	20
-116.544669181	48.5	20
-116.5	48.4613385797	20
-116	48.0423510149	20
-115.945949983	48	20
-115.5	47.7136333138	20
-115.100862175	47.5	20
-115	47.4575714469	20
-114.5	47.2436907887	20
-114.072538048	47	20
-114	46.9611868262	20
-113.5	46.6265152991	20
-113.349836513	46.5	20
-113	46.1511218101	20
-112.864233002	46	20
-112.578875035	45.5	20
-112.502255946	45	20
-112.57185784	44.5	20
-112.8725418	44	20
-113	43.8825670928	20
-113.441691067	43.5	20
-113.5	43.4575353898	20
-114	43.145785749	20
-114.332095116	43	20
-114.5	42.9011311904	20
-115	42.6612250209	20
-115.437878195	42.5	20
-115.5	42.4658913501	20
-116	42.2196578383	20
-116.5	42.0415208936	20
-116.618718743	42	20
-117	41.8170390427	20
-117.5	41.6171039343	20
-117.780337021	41.5	20
-118	41.378671594	20
-118.5	41.1429903805	20
-118.920209557	41	20
-119	40.9574399106	20
-119.5	40.7196801305	20
-120	40.5608765483	20
-120.225285143	40.5	20
-120.5	40.3746611625	20
-121	40.2058157325	20
-121.5	40.1209712923	20
-122	40.0714450479	20
-122.5	40.0398252904	20
-123	40.0413110256	20
-123.5	40.0981888771	20
-124	40.2017237544	20
-124.5	40.3931058571	20
-124.692379981	40.5	20
-125	40.6588056386	20
-125.473044515	41	20
-125.5	41.0208304524	20
-125.99389112	41.5	20
-126	41.5085244179	20
-126.343279928	42	20
-126.5	42.4289934561	20
-126.532618247	42.5	20
-126.651682869	43	20
-126.635424361	43.5	20
-126.557105679	44	20
-126.5	44.1854837835	20
-126.428442419	44.5	20
-126.220887363	45	20
-126	45.3501577079	20
-125.919146389	45.5	20
-125.565285891	46	20
-125.5	46.0775270015	20
-125.157288685	46.5	20
-125	46.6631519049	20
-124.661463395	47	20
-124.5	47.1546496302	20
-124.123369493	47.5	20
-124	47.6193778068	20
-123.599213809	48	20
-123.5	48.0993253663	20
-123.072613657	48.5	20
-123	48.5676002279	20
-122.5	48.9646273255	20
-122.447500706	49	20
-122	49.3142916262	20
-121.628068224	49.5	20
-121.5	49.5745840669	20
> 30 contour -Z30
-120.5	49.6304396689	30
-120	49.6890000701	30
-119.5	49.6608127952	30
-119	49.5444926247	30
-118.895405449	49.5	30
-118.5	49.3568044007	30
-118	49.1074839905	30
-117.819839865	49	30
-117.5	48.8213692605	30
-117.059369564	48.5	30
-117	48.4512685537	30
-116.5	48.0054253438	30
-116.493668219	48	30
-116	47.5903028548	30
-115.865478307	47.5	30
-115.5	47.3067747056	30
-115	47.0797566921	30
-114.840245202	47	30
-114.5	46.8503129482	30
-114	46.5456283092	30
-113.937627837	46.5	30
-113.5	46.147543177	30
-113.352172777	46	30
-113.006536812	45.5	30
-113	45.4737059176	30
-112.872078419	45	30
-112.942832753	44.5	30
-113	44.412113592	30
-113.221479774	44	30
-113.5	43.746088028	30
-113.814266294	43.5	30
-114	43.378744781	30
-114.5	43.1203224659	30
-114.791240603	43	30
-115	42.8885907605	30
-115.5	42.6654403508	30
-115.942226406	42.5	30
-116	42.4705233239	30
-116.5	42.2497501075	30
-117	42.0674064755	30
-117.173719794	42	30
-117.5	41.8456439972	30
-118	41.6118900776	30
-118.226532966	41.5	30
-118.5	41.3502528816	30
-119	41.1328543425	30
-119.384173341	41	30
-119.5	40.941803664	30
-120	40.7214159369	30
-120.5	40.5633513927	30
-120.751144528	40.5	30
-121	40.397754319	30
-121.5	40.2780360579	30
-122	40.2155455649	30
-122.5	40.1844342649	30
-123	40.2120177746	30
-123.5	40.3073238879	30
-124	40.4661061876	30
-124.078056477	40.5	30
-124.5	40.6780941486	30
-125	40.9823045786	30
-125.024533587	41	30
-125.5	41.3674268425	30
-125.636646211	41.5	30
-125.996461362	42	30
-126	42.0073315799	30
-126.252936453	42.5	30
-126.364970475	43	30
-126.354337931	43.5	30
-126.287087262	44	30
-126.137202904	44.5	30
-126	44.7702190578	30
-125.904709786	45	30
-125.603927642	45.5	30
-125.5	45.6396324039	30
-125.250513077	46	30
-125	46.2883563936	30
-124.806796491	46.5	30
-124.5	46.8057227135	30
-124.287864596	47	30
-124	47.2700144947	30
-123.746516943	47.5	30
-123.5	47.737210691	30
-123.221101478	48	30
-123	48.2111329138	30
-122.65910174	48.5	30
-122.5	48.6324896663	30
-122	48.9760656059	30
-121.959047675	49	30
-121.5	49.2795056105	30
-121	49.4751402438	30
-120.904019445	49.5	30
-120.5	49.6304396689	30
> 40 contour -Z40
-121.5	49.009059906	40
-121	49.2507740557	40
-120.5	49.3929932415	40
-120	49.4413457215	40
-119.5	49.4128011167	40
-119	49.2992318273	40
-118.5	49.0813223049	40
-118.349403113	49	40
-118	48.8267917931	40
-117.5	48.5020436575	40
-117.497197934	48.5	40
-117	48.0918924436	40
-116.897210196	48	40
-116.5	47.5991480798	40
-116.382488713	47.5	40
-116	47.2172058076	40
-115.580875337	47	40
-115.5	46.9671495855	40
-115	46.7701876163	40
-114.5	46.5173791237	40
-114.472304787	46.5	40
-114	46.2010945827	40
-113.765394926	46	40
-113.5	45.6993965358	40
-113.346997142	45.5	40
-113.187507153	45	40
-113.233867854	44.5	40
-113.5	44.0433152318	40
-113.522453368	44	40
-114	43.599017024	40
-114.14649269	43.5	40
-114.5	43.296335429	40
-115	43.0761193931	40
-115.191902429	43	40
-115.5	42.8493856192	40
-116	42.6444164515	40
-116.406944521	42.5	40
-116.5	42.457979314	40
-117	42.2548549324	40
-117.5	42.0571861267	40
-117.61587888	42	40
-118	41.7988409251	40
-118.5	41.5433472097	40
-118.582638502	41.5	40
-119	41.2857361436	40
-119.5	41.0882585049	40
-119.750458166	41	40
-120	40.8819553629	40
-120.5	40.6811925471	40
-121	40.541297704	40
-121.265360594	40.5	40
-121.5	40.4351008385	40
-122	40.359646067	40
-122.5	40.3290432692	40
-123	40.3827244937	40
-123.448609173	40.5	40
-123.5	40.5114505887	40
-124	40.6772599816	40
-124.5	40.9350842685	40
-124.605434552	41	40
-125	41.2477201223	40
-125.304613352	41.5	40
-125.5	41.6934887171	40
-125.74549517	42	40
-125.990110368	42.5	40
-126	42.5398271382	40
-126.137801036	43	40
-126.124695726	43.5	40
-126.038095683	44	40
-126	44.1121864468	40
-125.899764985	44.5	40
-125.666841105	45	40
-125.5	45.2556681633	40
-125.355157971	45.5	40
-125	45.9593113959	40
-124.966562539	46	40
-124.5	46.498968482	40
-124.498892456	46.5	40
-124	46.965251863	40
-123.959554672	47	40
-123.5	47.4237936735	40
-123.416541368	47.5	40
-123	47.896679908	40
-122.885913223	48	40
-122.5	48.3393296003	40
-122.290557474	48.5	40
-122	48.7164736986	40
-121.51487959	49	40
-121.5	49.009059906	40
> 50 contour -Z50
-121	49.0264078677	50
-120.5	49.1924557984	50
-120	49.2442547977	50
-119.5	49.2093506008	50
-119	49.0664571598	50
-118.855851784	49	50
-118.5	48.8504117727	50
-118	48.5738961324	50
-117.88637422	48.5	50
-117.5	48.2146631032	50
-117.249463767	48	50
-117	47.719004795	50
-116.782847971	47.5	50
-116.5	47.2028472871	50
-116.214964598	47	50
-116	46.8908162117	50
-115.5	46.6885204464	50
-115.048391312	46.5	50
-115	46.482419163	50
-114.5	46.2400866598	50
-114.157097012	46	50
-114	45.8697219193	50
-113.663005531	45.5	50
-113.5	45.0703137815	50
-113.474171514	45	50
-113.5	44.6466667056	50
-113.508689195	44.5	50
-113.76838325	44	50
-114	43.8055176884	50
-114.452004172	43.5	50
-114.5	43.472348379	50
-115	43.2253731191	50
-115.5	43.0247189701	50
-115.566907912	43	50
-116	42.8080611378	50
-116.5	42.625333637	50
-116.860849917	42.5	50
-117	42.4423033819	50
-117.5	42.2333603203	50
-117.972868824	42	50
-118	41.9857917679	50
-118.5	41.6995532513	50
-118.880434804	41.5	50
-119	41.4386179596	50
-119.5	41.2078499794	50
-120	41.0252095163	50
-120.067179322	41	50
-120.5	40.7990336865	50
-121	40.6296728253	50
-121.5	40.5390903056	50
-122	40.5015542805	50
-122.06243965	40.5	50
-122.5	40.4736522622	50
-122.683965951	40.5	50
-123	40.529705435	50
-123.5	40.6569474638	50
-124	40.8805863783	50
-124.220012024	41	50
-124.5	41.1538682878	50
-124.98914811	41.5	50
-125	41.508299619	50
-125.495115638	42	50
-125.5	42.0067134202	50
-125.801736772	42.5	50
-125.939207584	43	50
-125.930443525	43.5	50
-125.861465454	44	50
-125.710249037	44.5	50
-125.5	44.8939630687	50
-125.449718803	45	50
-125.139072582	45.5	50
-125	45.6798569262	50
-124.736909807	46	50
-124.5	46.2533648014	50
-124.235193282	46.5	50
-124	46.719334051	50
-123.673316941	47	50
-123.5	47.159830004	50
-123.127457216	47.5	50
-123	47.6213798225	50
-122.581924856	48	50
-122.5	48.0720357001	50
-122	48.4614742398	50
-121.94410044	48.5	50
-121.5	48.7886137664	50
-121.054279573	49	50
-121	49.0264078677	50
> 60 contour -Z60
-120	49.0471638739	60
-119.5	49.0059000836	60
-119.480497587	49	60
-119	48.8655590415	60
-118.5	48.6381696612	60
-118.260450348	48.5	60
-118	48.3311142921	60
-117.576972365	48	60
-117.5	47.9121921659	60
-117.13079372	47.5	60
-117	47.3061940372	60
-116.710961938	47	60
-116.5	46.8504078686	60
-116	46.6101380959	60
-115.725901127	46.5	60
-115.5	46.4251215458	60
-115	46.2399243265	60
-114.555884689	46	60
-114.5	45.9676909149	60
-114	45.5449200757	60
-113.959056206	45.5	60
-113.722556472	45	60
-113.741020381	44.5	60
-114	44.0248103142	60
-114.013453543	44	60
-114.5	43.6429758966	60
-114.750430793	43.5	60
-115	43.3746268451	60
-115.5	43.1611371934	60
-115.936156854	43	60
-116	42.9717058316	60
-116.5	42.7823540419	60
-117	42.6113757193	60
-117.287053123	42.5	60
-117.5	42.409534514	60
-118	42.1603164673	60
-118.250081196	42	60
-118.5	41.8557593077	60
-119	41.5818070173	60
-119.14659059	41.5	60
-119.5	41.3274414539	60
-120	41.1204476357	60
-120.32097353	41	60
-120.5	40.9168748409	60
-121	40.7180479765	60
-121.5	40.6057063341	60
-122	40.5613349974	60
-122.5	40.5523485839	60
-123	40.6246109009	60
-123.5	40.802444309	60
-123.883451045	41	60
-124	41.0593898296	60
-124.5	41.3597397208	60
-124.698213711	41.5	60
-125	41.7308086157	60
-125.271061122	42	60
-125.5	42.314671129	60
-125.613363184	42.5	60
-125.784676731	43	60
-125.778241128	43.5	60
-125.69790642	44	60
-125.520733079	44.5	60
-125.5	44.5388494879	60
-125.281328946	45	60
-125	45.4120911956	60
-124.935254157	45.5	60
-124.50725707	46	60
-124.5	46.0077611227	60
-124	46.4776051044	60
-123.972164959	46.5	60
-123.5	46.9114756286	60
-123.39292112	47	60
-123	47.3606916666	60
-122.846020401	47.5	60
-122.5	47.8161709309	60
-122.287657738	48	60
-122	48.2295310646	60
-121.607558712	48.5	60
-121.5	48.5699006841	60
-121	48.8300261497	60
-120.5	48.9928061366	60
-120.427932829	49	60
-120	49.0471638739	60
> 70 contour -Z70
-121	48.6373776197	70
-120.5	48.8142984807	70
-120	48.8733053803	70
-119.5	48.8309423029	70
-119	48.6773981303	70
-118.635082752	48.5	70
-118.5	48.4282365739	70
-118	48.0925077349	70
-117.881813228	48	70
-117.5	47.5644386262	70
-117.442281429	47.5	70
-117.120386213	47	70
-117	46.872779578	70
-116.5	46.541460786	70
-116.409544192	46.5	70
-116	46.3624343574	70
-115.5	46.1935864687	70
-115.006259769	46	70
-115	45.9975786209	70
-114.5	45.7081798464	70
-114.258939803	45.5	70
-114	45.0674197748	70
-113.967150908	45	70
-113.97335154	44.5	70
-114	44.4511039816	70
-114.244614005	44	70
-114.5	43.8125997037	70
-115	43.5243493915	70
-115.048661768	43.5	70
-115.5	43.2975554168	70
-116	43.1110410094	70
-116.340875372	43	70
-116.5	42.9393744282	70
-117	42.7722767591	70
-117.5	42.584248215	70
-117.668420613	42.5	70
-118	42.3338191211	70
-118.5	42.0143043697	70
-118.517929852	42	70
-119	41.7184937	70
-119.391520515	41.5	70
-119.5	41.4470329285	70
-120	41.2156857252	70
-120.5	41.0215704143	70
-120.559275627	41	70
-121	40.8064231128	70
-121.5	40.6723223925	70
-122	40.6211157143	70
-122.5	40.6163600683	70
-123	40.7195163667	70
-123.5	40.9479411803	70
-123.601044975	41	70
-124	41.2032954395	70
-124.433060348	41.5	70
-124.5	41.5486460328	70
-125	41.9533176199	70
-125.047006626	42	70
-125.436342955	42.5	70
-125.5	42.6605128348	70
-125.630145848	43	70
-125.62603876	43.5	70
-125.534347374	44	70
-125.5	44.0954024643	70
-125.373602062	44.5	70
-125.11293909	45	70
-125	45.1654333919	70
-124.753587902	45.5	70
-124.5	45.7952036858	70
-124.287052542	46	70
-124	46.2704371214	70
-123.71467191	46.5	70
-123.5	46.6870792359	70
-123.121491738	47	70
-123	47.1115263477	70
-122.570614226	47.5	70
-122.5	47.5645226911	70
-122	47.9974138141	70
-121.996875674	48	70
-121.5	48.354260385	70
-121.255866438	48.5	70
-121	48.6373776197	70
> 80 contour -Z80
-120.5	48.6357908249	80
-120	48.7067552954	80
-119.5	48.6568354815	80
-119.029853791	48.5	80
-119	48.4893652797	80
-118.5	48.2226106077	80
-118.180630177	48	80
-118	47.8057916462	80
-117.729002774	47.5	80
-117.5	47.0350415632	80
-117.478040107	47	80
-117.006709814	46.5	80
-117	46.4974001646	80
-116.5	46.3174496591	80
-116	46.1360261291	80
-115.607166171	46	80
-115.5	45.9639748633	80
-115	45.7691533864	80
-114.571869701	45.5	80
-114.5	45.429256171	80
-114.209521264	45	80
-114.196610928	44.5	80
-114.475774465	44	80
-114.5	43.9822234865	80
-115	43.676533252	80
-115.352798119	43.5	80
-115.5	43.4339736328	80
-116	43.2452944219	80
-116.5	43.0868071318	80
-116.798241362	43	80
-117	42.933177799	80
-117.5	42.7574203759	80
-118	42.5087023973	80
-118.012841493	42.5	80
-118.5	42.2010457218	80
-118.752001286	42	80
-119	41.8551804125	80
-119.5	41.5679953992	80
-119.609561831	41.5	80
-120	41.3109238297	80
-120.5	41.0947897136	80
-120.760482892	41	80
-121	40.8947982416	80
-121.5	40.738938421	80
-122	40.680896461	80
-122.5	40.6803715229	80
-123	40.8144218326	80
-123.376385927	41	80
-123.5	41.0460926592	80
-124	41.3472010642	80
-124.22302036	41.5	80
-124.5	41.7012851834	80
-124.856180817	42	80
-125	42.1568044126	80
-125.276481092	42.5	80
-125.479147911	43	80
-125.478652835	43.5	80
-125.398582697	44	80
-125.231677547	44.5	80
-125	44.9160676897	80
-124.948380738	45	80
-124.571921661	45.5	80
-124.5	45.5837245733	80
-124.067156322	46	80
-124	46.0632691234	80
-123.5	46.466406703	80
-123.45048821	46.5	80
-123	46.866279304	80
-122.833944529	47	80
-122.5	47.2995147407	80
-122.28678751	47.5	80
-122	47.7487317473	80
-121.696449026	48	80
-121.5	48.1400634199	80
-121	48.4420614243	80
-120.863067865	48.5	80
-120.5	48.6357908249	80
> 90 contour -Z90
-120	48.5402052104	90
-119.645624965	48.5	90
-119.5	48.4822977781	90
-119	48.3034432828	90
-118.5	48.0169846322	90
-118.475632884	48	90
-118.009742767	47.5	90
-118	47.4740643501	90
-117.794268966	47	90
-117.5	46.5038062274	90
-117.496473768	46.5	90
-117	46.3076324463	90
-116.5	46.1066037044	90
-116.220601141	46	90
-116	45.9121556878	90
-115.5	45.7441753298	90
-115	45.5407281555	90
-114.93521554	45.5	90
-114.5	45.07160227	90
-114.451546561	45	90
-114.418694966	44.5	90
-114.5	44.3548719138	90
-114.72150749	44	90
-115	43.8287171125	90
-115.5	43.5779833496	90
-115.682564467	43.5	90
-116	43.3795478344	90
-116.5	43.2282098234	90
-117	43.0949280858	90
-117.296651348	43	90
-117.5	42.9305925444	90
-118	42.7149220407	90
-118.317144334	42.5	90
-118.5	42.3877870739	90
-118.986072721	42	90
-119	41.9918671241	90
-119.5	41.6900478601	90
-119.806226432	41.5	90
-120	41.4061619267	90
-120.5	41.1680090427	90
-120.96169015	41	90
-121	40.9831733797	90
-121.5	40.8055544496	90
-122	40.7406771779	90
-122.5	40.7443830073	90
-123	40.9093273059	90
-123.18390055	41	90
-123.5	41.1178657413	90
-124	41.4911066871	90
-124.01298039	41.5	90
-124.5	41.853924334	90
-124.674177334	42	90
-125	42.3552407324	90
-125.116619207	42.5	90
-125.347005635	43	90
-125.354469329	43.5	90
-125.270206392	44	90
-125.089753024	44.5	90
-125	44.6611866951	90
-124.791626155	45	90
-124.5	45.3774396181	90
-124.38435179	45.5	90
-124	45.8714798689	90
-123.826653332	46	90
-123.5	46.2644028366	90
-123.1527628	46.5	90
-123	46.624207139	90
-122.53333737	47	90
-122.5	47.029900277	90
-122.000057315	47.5	90
-122	47.5000497091	90
-121.5	47.9105823636	90
-121.387271225	48	90
-121	48.240114674	90
-120.5	48.4561159313	90
-120.251092345	48.5	90
-120	48.5402052104	90
> 100 contour -Z100
-121	48.0381679237	100
-120.5	48.2727306485	100
-120	48.3640891612	100
-119.5	48.3038474321	100
-119	48.1175212786	100
-118.796031043	48	100
-118.5	47.7339172661	100
-118.281127855	47.5	100
-118.101123691	47	100
-118	46.6277608573	100
-117.946885124	46.5	100
-117.5	46.3273811638	100
-117	46.1178647056	100
-116.721604705	46	100
-116.5	45.8902504146	100
-116	45.6921046376	100
-115.5	45.5243757945	100
-115.440542534	45.5	100
-115	45.2653492093	100
-114.731289774	45	100
-114.659535855	44.5	100
-114.968946474	44	100
-115	43.9809009675	100
-115.5	43.7291137874	100
-116	43.5167913437	100
-116.050151229	43.5	100
-116.5	43.3696125448	100
-117	43.2572815865	100
-117.5	43.1214282215	100
-117.805215985	43	100
-118	42.9211416692	100
-118.5	42.5876641273	100
-118.582254708	42.5	100
-119	42.1584720612	100
-119.189616948	42	100
-119.5	41.8121003062	100
-120	41.501480639	100
-120.002071112	41.5	100
-120.5	41.2412283421	100
-121	41.0360945165	100
-121.148359895	41	100
-121.5	40.8721704781	100
-122	40.8004579097	100
-122.5	40.8083944768	100
-122.99265942	41	100
-123	41.0013643801	100
-123.5	41.1896388233	100
-123.910858154	41.5	100
-124	41.5724747777	100
-124.496145159	42	100
-124.5	42.0047866106	100
-124.971340477	42.5	100
-125	42.5713156164	100
-125.21486336	43	100
-125.230285853	43.5	100
-125.141830102	44	100
-125	44.3751696944	100
-124.949549824	44.5	100
-124.634871572	45	100
-124.5	45.1745586842	100
-124.192912966	45.5	100
-124	45.6864523292	100
-123.577090032	46	100
-123.5	46.0623989366	100
-123	46.3906922936	100
-122.805021495	46.5	100
-122.5	46.7307062894	100
-122.192331642	47	100
-122	47.1786448509	100
-121.685399577	47.5	100
-121.5	47.6522244364	100
-121.061559495	48	100
-121	48.0381679237	100
> 110 contour -Z110
-120.5	48.089345336	110
-120	48.1849290431	110
-119.5	48.1253970712	110
-119.171819568	48	110
-119	47.9010808468	110
-118.557411522	47.5	110
-118.5	47.3239629269	110
-118.395258635	47	110
-118.377310179	46.5	110
-118	46.3440208137	110
-117.5	46.1535104662	110
-117.15014267	46	110
-117	45.9305229485	110
-116.5	45.6682649851	110
-116.071751237	45.5	110
-116	45.4669581354	110
-115.5	45.2709213793	110
-115.031542391	45	110
-115	44.9164305627	110
-114.911209531	44.5	110
-115	44.356269896	110
-115.262313262	44	110
-115.5	43.8802441955	110
-116	43.6801313758	110
-116.5	43.5156343877	110
-116.567987412	43.5	110
-117	43.4196350724	110
-117.5	43.3240789324	110
-118	43.1538845301	110
-118.206582814	43	110
-118.5	42.8073188365	110
-118.788355321	42.5	110
-119	42.3269697577	110
-119.391229883	42	110
-119.5	41.9341527447	110
-120	41.6022017896	110
-120.142959833	41.5	110
-120.5	41.3144476563	110
-121	41.0806776583	110
-121.331610739	41	110
-121.5	40.9387865029	110
-122	40.8602386415	110
-122.5	40.8724059463	110
-122.828072011	41	110
-123	41.0319560766	110
-123.5	41.2614118904	110
-123.815844476	41.5	110
-124	41.6497234702	110
-124.406497627	42	110
-124.5	42.1161030531	110
-124.865390301	42.5	110
-125	42.8349591196	110
-125.082721092	43	110
-125.106102362	43.5	110
-125.013453792	44	110
-125	44.0355880409	110
-124.812307835	44.5	110
-124.5	44.9710996151	110
-124.475876063	45	110
-124.001474146	45.5	110
-124	45.5014247765	110
-123.5	45.8744641244	110
-123.258592933	46	110
-123	46.1661951989	110
-122.5	46.4306137264	110
-122.37576884	46.5	110
-122	46.8093561828	110
-121.831153959	47	110
-121.5	47.3397815228	110
-121.368257314	47.5	110
-121	47.7930383384	110
-120.687644467	48	110
-120.5	48.089345336	110
> 120 contour -Z120
-120	48.005768925	120
-119.951138273	48	120
-119.5	47.9228433669	120
-119	47.6322058439	120
-118.854112253	47.5	120
-118.705797791	47	120
-118.814406723	46.5	120
-118.5	46.3396870494	120
-118	46.1671736687	120
-117.555110961	46	120
-117.5	45.9865092337	120
-117	45.7471578568	120
-116.576105356	45.5	120
-116.5	45.4257076979	120
-116	45.2067853063	120
-115.5	45.0132690771	120
-115.477056071	45	120
-115.225144356	44.5	120
-115.5	44.1040391326	120
-115.589029878	44	120
-116	43.8434713781	120
-116.5	43.7163327932	120
-117	43.6348465085	120
-117.5	43.5390907526	120
-117.626583546	43.5	120
-118	43.4030498192	120
-118.5	43.0253666043	120
-118.518694967	43	120
-118.994455951	42.5	120
-119	42.4954674593	120
-119.5	42.0521340668	120
-119.567522049	42	120
-120	41.7029229701	120
-120.283848569	41.5	120
-120.5	41.387666963	120
-121	41.1252608001	120
-121.5	41.0020228922	120
-121.528576374	41	120
-122	40.9200193733	120
-122.5	40.9364174157	120
-122.663484633	41	120
-123	41.0625478029	120
-123.5	41.3331849724	120
-123.720830813	41.5	120
-124	41.7269721925	120
-124.316850126	42	120
-124.5	42.2274194658	120
-124.759440154	42.5	120
-124.965385765	43	120
-124.986429542	43.5	120
-124.898272693	44	120
-124.67506583	44.5	120
-124.5	44.764077425	120
-124.303068966	45	120
-124	45.3193255961	120
-123.758423507	45.5	120
-123.5	45.6928177327	120
-123	45.9491482377	120
-122.824194461	46	120
-122.5	46.139442116	120
-122	46.3769827187	120
-121.829193622	46.5	120
-121.5	46.9034336209	120
-121.45230332	47	120
-121.047559533	47.5	120
-121	47.5378451869	120
-120.5	47.8705181479	120
-120.029541172	48	120
-120	48.005768925	120
> 130 contour -Z130
-120.5	47.6180182993	130
-120	47.7506183982	130
-119.5	47.6633187979	130
-119.223408937	47.5	130
-119.036198795	47	130
-119.315531537	46.5	130
-119	46.2514806688	130
-118.5	46.1149073616	130
-118.04832986	46	130
-118	45.9960738719	130
-117.5	45.8713018894	130
-117	45.56379278	130
-116.890590496	45.5	130
-116.5	45.1187144294	130
-116.173340082	45	130
-116	44.87551561	130
-115.626613498	44.5	130
-116	44.0315579474	130
-116.045814812	44	130
-116.5	43.9170312211	130
-117	43.9018691108	130
-117.5	43.8354572505	130
-118	43.6063803732	130
-118.160038739	43.5	130
-118.5	43.2319354713	130
-118.670934379	43	130
-119	42.6552191675	130
-119.123832464	42.5	130
-119.5	42.1653459072	130
-119.714149624	42	130
-120	41.8036441356	130
-120.424737304	41.5	130
-120.5	41.4608862773	130
-121	41.1698439717	130
-121.5	41.0269660354	130
-121.880937316	41	130
-122	40.9798001051	130
-122.490278393	41	130
-122.5	41.0001325905	130
-123	41.0931394994	130
-123.5	41.4049580544	130
-123.625817135	41.5	130
-124	41.8042209148	130
-124.227202609	42	130
-124.5	42.3387358934	130
-124.653489992	42.5	130
-124.872834295	43	130
-124.893225968	43.5	130
-124.784636348	44	130
-124.537823848	44.5	130
-124.5	44.5570552461	130
-124.130261883	45	130
-124	45.137249127	130
-123.514972378	45.5	130
-123.5	45.5111713521	130
-123	45.7533385754	130
-122.5	45.8962406814	130
-122	45.968652308	130
-121.504803667	46	130
-121.5	46.0015117133	130
-121.215473652	46.5	130
-121.081987984	47	130
-121	47.1031592563	130
-120.677166179	47.5	130
-120.5	47.6180182993	130
> 140 contour -Z140
-120.5	47.1414918303	140
-120	47.4714164138	140
-119.5	47.0238895938	140
-119.491530617	47	140
-119.5	46.9863252193	140
-120	46.6635145545	140
-120.5	46.7349307835	140
-120.606290698	47	140
-120.5	47.1414918303	140
> 140 contour -Z140
-123	45.5575289428	140
-122.5	45.6971247047	140
-122	45.7515630126	140
-121.5	45.7051494569	140
-121	45.7046232671	140
-120.5	45.7510983646	140
-120	45.9085022509	140
-119.5	45.9627909064	140
-119	45.9778875113	140
-118.5	45.9732278883	140
-118	45.9242976904	140
-117.5	45.7560945153	140
-117.113408625	45.5	140
-117	45.2607499063	140
-116.731608778	45	140
-116.698066652	44.5	140
-117	44.3871815354	140
-117.5	44.0886797607	140
-117.6304245	44	140
-118	43.7805175036	140
-118.422010794	43.5	140
-118.5	43.438504342	140
-118.823173821	43	140
-119	42.8147291094	140
-119.251088068	42.5	140
-119.5	42.2785577178	140
-119.860777184	42	140
-120	41.9043653011	140
-120.5	41.528921634	140
-120.533895135	41.5	140
-121	41.2144271135	140
-121.5	41.0519091487	140
-122	41.0128769577	140
-122.5	41.0199201405	140
-123	41.1237311959	140
-123.5	41.4767311364	140
-123.530803472	41.5	140
-124	41.8814696223	140
-124.137555093	42	140
-124.5	42.4500523247	140
-124.54753983	42.5	140
-124.780282825	43	140
-124.800022364	43.5	140
-124.671000019	44	140
-124.5	44.3375201523	140
-124.395868629	44.5	140
-124	44.9589679539	140
-123.947812349	45	140
-123.5	45.3462031186	140
-123.11920815	45.5	140
-123	45.5575289428	140
> 150 contour -Z150
-122	45.5344737172	150
-121.828879565	45.5	150
-121.5	45.4691822827	150
-121	45.454731226	150
-120.5	45.478739202	150
-120.401693881	45.5	150
-120	45.746243611	150
-119.5	45.8899746537	150
-119	45.9244886935	150
-118.5	45.918456763	150
-118	45.8525215089	150
-117.5	45.6408871412	150
-117.287321672	45.5	150
-117.044439405	45	150
-117.217080057	44.5	150
-117.5	44.2880497873	150
-117.923645213	44	150
-118	43.9546546265	150
-118.5	43.5424216986	150
-118.553546906	43.5	150
-118.975413248	43	150
-119	42.9742390569	150
-119.378343672	42.5	150
-119.5	42.3917695284	150
-120	42.0030366778	150
-120.003804177	42	150
-120.5	41.591011852	150
-120.606662631	41.5	150
-121	41.2590102553	150
-121.5	41.0768522918	150
-122	41.0323256254	150
-122.5	41.0397076905	150
-123	41.1543228924	150
-123.471784085	41.5	150
-123.5	41.5195648074	150
-124	41.9587183334	150
-124.04790758	42	150
-124.476409733	42.5	150
-124.5	42.6068535447	150
-124.68773137	43	150
-124.706818789	43.5	150
-124.557363674	44	150
-124.5	44.1132245287	150
-124.252120286	44.5	150
-124	44.7923068702	150
-123.735840276	45	150
-123.5	45.182327792	150
-123	45.4011478722	150
-122.5	45.4988986254	150
-122.470377415	45.5	150
-122	45.5344737172	150
> 160 contour -Z160
-120	45.583984971	160
-119.5	45.817158401	160
-119	45.8710898459	160
-118.5	45.8636856675	160
-118	45.7807453275	160
-117.5	45.5256797671	160
-117.461234715	45.5	160
-117.198049217	45	160
-117.483207449	44.5	160
-117.5	44.4874198167	160
-118	44.0540990829	160
-118.050554305	44	160
-118.5	43.6028256714	160
-118.629791975	43.5	160
-119	43.0736300945	160
-119.063584358	43	160
-119.5	42.5037937164	160
-119.503010184	42.5	160
-120	42.0631682277	160
-120.079133749	42	160
-120.5	41.6531020701	160
-120.679430097	41.5	160
-121	41.3035933971	160
-121.5	41.101795435	160
-122	41.0517742932	160
-122.5	41.0594952703	160
-123	41.1849146187	160
-123.430032164	41.5	160
-123.5	41.5485154092	160
-123.985504895	42	160
-124	42.021963954	160
-124.433619469	42.5	160
-124.5	42.8006745428	160
-124.595179901	43	160
-124.613615192	43.5	160
-124.5	43.8555595577	160
-124.454279423	44	160
-124.108371913	44.5	160
-124	44.6256458014	160
-123.523868205	45	160
-123.5	45.0184524767	160
-123	45.2611702681	160
-122.5	45.3887689114	160
-122	45.4166666269	160
-121.5	45.3682068586	160
-121	45.3565129042	160
-120.5	45.4214943051	160
-120.137003571	45.5	160
-120	45.583984971	160
> 170 contour -Z170
-119.5	45.7443421781	170
-119	45.8176910281	170
-118.5	45.8089145422	170
-118	45.708969146	170
-117.605340898	45.5	170
-117.5	45.2770541906	170
-117.35165903	45	170
-117.5	44.7462157905	170
-117.577649236	44.5	170
-118	44.1272455752	170
-118.118907958	44	170
-118.5	43.6632296443	170
-118.706037074	43.5	170
-119	43.1614418626	170
-119.139415473	43	170
-119.5	42.5900139809	170
-119.571422726	42.5	170
-120	42.1232998073	170
-120.154463321	42	170
-120.5	41.7151922584	170
-120.752197593	41.5	170
-121	41.3481765538	170
-121.5	41.1267385483	170
-122	41.0712229609	170
-122.5	41.0792828202	170
-123	41.2155063152	170
-123.388280272	41.5	170
-123.5	41.5774659812	170
-123.954372793	42	170
-124	42.069137305	170
-124.390829176	42.5	170
-124.5	42.9944955497	170
-124.50262843	43	170
-124.520411609	43.5	170
-124.5	43.563878268	170
-124.361951828	44	170
-124	44.4704661369	170
-123.963590384	44.5	170
-123.5	44.8896516562	170
-123.246920079	45	170
-123	45.1211926714	170
-122.5	45.2786391675	170
-122	45.3176018	170
-121.5	45.2672314346	170
-121	45.2582945824	170
-120.5	45.3642494082	170
-120	45.4853763878	170
-119.93715471	45.5	170
-119.5	45.7443421781	170
> 180 contour -Z180
-119.5	45.6715259254	180
-119	45.7642921805	180
-118.5	45.7541434467	180
-118	45.6371929795	180
-117.740897357	45.5	180
-117.502733946	45	180
-117.660528094	44.5	180
-118	44.2003920376	180
-118.187261581	44	180
-118.5	43.7236336172	180
-118.782282189	43.5	180
-119	43.2492536008	180
-119.215246588	43	180
-119.5	42.6762342751	180
-119.639835268	42.5	180
-120	42.1834313869	180
-120.229792893	42	180
-120.5	41.7772824615	180
-120.824965075	41.5	180
-121	41.3927596956	180
-121.5	41.1516816914	180
-122	41.0906716287	180
-122.5	41.0990703702	180
-123	41.2460980117	180
-123.346528351	41.5	180
-123.5	41.6064165831	180
-123.923240721	42	180
-124	42.1163106859	180
-124.348038912	42.5	180
-124.459657192	43	180
-124.458873957	43.5	180
-124.269624263	44	180
-124	44.3504584432	180
-123.815643907	44.5	180
-123.5	44.7653013766	180
-123	44.9890038371	180
-122.959682882	45	180
-122.5	45.1685094386	180
-122	45.2185369879	180
-121.5	45.1662559956	180
-121	45.1600762606	180
-120.5	45.3070044816	180
-120	45.455062151	180
-119.806878537	45.5	180
-119.5	45.6715259254	180
> 190 contour -Z190
-119.5	45.5987097025	190
-119	45.7108933628	190
-118.5	45.6993723214	190
-118	45.565416798	190
-117.876453847	45.5	190
-117.582440645	45	190
-117.743406981	44.5	190
-118	44.2735385001	190
-118.255615219	44	190
-118.5	43.7840376049	190
-118.858527273	43.5	190
-119	43.337065354	190
-119.291077718	43	190
-119.5	42.7624545544	190
-119.70824784	42.5	190
-120	42.2435629368	190
-120.30512245	42	190
-120.5	41.8393726647	190
-120.897732571	41.5	190
-121	41.4373428449	190
-121.5	41.1766248047	190
-122	41.1101202965	190
-122.5	41.11885795	190
-123	41.2766897231	190
-123.30477643	41.5	190
-123.5	41.6353671849	190
-123.892108619	42	190
-124	42.1634840667	190
-124.305248648	42.5	190
-124.418135136	43	190
-124.406215787	43.5	190
-124.177296683	44	190
-124	44.2304507792	190
-123.66769743	44.5	190
-123.5	44.6409511119	190
-123	44.9070648253	190
-122.659256086	45	190
-122.5	45.0583797134	190
-122	45.1194721609	190
-121.5	45.065280579	190
-121	45.0618579425	190
-120.5	45.2497595698	190
-120	45.4247479141	190
-119.676602378	45.5	190
-119.5	45.5987097025	190
> 200 contour -Z200
-119.5	45.5258934498	200
-119	45.6574945301	200
-118.5	45.644601211	200
-118.016234875	45.5	200
-118	45.4897626638	200
-117.662147313	45	200
-117.826285839	44.5	200
-118	44.3466849625	200
-118.323968843	44	200
-118.5	43.8444415927	200
-118.934772372	43.5	200
-119	43.4248771146	200
-119.366908833	43	200
-119.5	42.8486748338	200
-119.776660398	42.5	200
-120	42.3036945164	200
-120.380452015	42	200
-120.5	41.9014628753	200
-120.970500054	41.5	200
-121	41.4819259886	200
-121.5	41.2015679479	200
-122	41.129568994	200
-122.5	41.1386454999	200
-123	41.3072814196	200
-123.263024539	41.5	200
-123.5	41.6643177867	200
-123.860976547	42	200
-124	42.2106574178	200
-124.262458384	42.5	200
-124.37661311	43	200
-124.353557587	43.5	200
-124.084969096	44	200
-124	44.1104431003	200
-123.519750955	44.5	200
-123.5	44.5166008454	200
-123	44.8251258135	200
-122.5	44.9759948552	200
-122.152389169	45	200
-122	45.0204073302	200
-121.815907314	45	200
-121.5	44.9845053852	200
-121	44.9855809808	200
-120.950417936	45	200
-120.5	45.192514658	200
-120	45.3944336772	200
-119.546326201	45.5	200
-119.5	45.5258934498	200
> 210 contour -Z210
-119	45.6040956974	210
-118.5	45.5898301005	210
-118.199472278	45.5	210
-118	45.3742171526	210
-117.741854012	45	210
-117.909164704	44.5	210
-118	44.419831425	210
-118.392322481	44	210
-118.5	43.904845573	210
-119	43.5044535697	210
-119.005623221	43.5	210
-119.44273996	43	210
-119.5	42.9348951131	210
-119.845072955	42.5	210
-120	42.3638260812	210
-120.455781583	42	210
-120.5	41.9635530785	210
-121	41.5192280412	210
-121.02572	41.5	210
-121.5	41.2265110612	210
-122	41.1490176618	210
-122.5	41.1584330499	210
-123	41.3378731161	210
-123.221272632	41.5	210
-123.5	41.6932683885	210
-123.829844475	42	210
-124	42.2578307986	210
-124.21966812	42.5	210
-124.335091084	43	210
-124.300899416	43.5	210
-124	43.9931221008	210
-123.994577676	44	210
-123.5	44.4467490613	210
-123.38700977	44.5	210
-123	44.7431868017	210
-122.5	44.9249092937	210
-122	44.9640427828	210
-121.5	44.9406734109	210
-121	44.94663167	210
-120.816484571	45	210
-120.5	45.1352697462	210
-120	45.3641194403	210
-119.5	45.4831728339	210
-119.375780731	45.5	210
-119	45.6040956974	210
> 220 contour -Z220
-119	45.5506968796	220
-118.5	45.5350589938	220
-118.382709712	45.5	220
-118	45.2586716413	220
-117.821560696	45	220
-117.992043573	44.5	220
-118	44.4929778902	220
-118.460676115	44	220
-118.5	43.9652495533	220
-119	43.5352740288	220
-119.044537961	43.5	220
-119.5	43.0102477372	220
-119.510968715	43	220
-119.913485505	42.5	220
-120	42.4239576459	220
-120.5	42.0134019852	220
-120.514460593	42	220
-121	41.5515657961	220
-121.068975955	41.5	220
-121.5	41.2514542043	220
-122	41.1684663296	220
-122.5	41.1782206297	220
-123	41.3684648275	220
-123.179520726	41.5	220
-123.5	41.7222189903	220
-123.798712373	42	220
-124	42.3050041646	220
-124.176877841	42.5	220
-124.293569058	43	220
-124.248241216	43.5	220
-124	43.9068244398	220
-123.926543057	44	220
-123.5	44.3852938116	220
-123.256611258	44.5	220
-123	44.6612477899	220
-122.5	44.8738237321	220
-122	44.9187566042	220
-121.5	44.8968414366	220
-121	44.907682389	220
-120.68255122	45	220
-120.5	45.0780248418	220
-120	45.3338052034	220
-119.5	45.45705989	220
-119.18301338	45.5	220
-119	45.5506968796	220
> 230 contour -Z230
-120.5	45.0207799375	230
-120	45.3034909666	230
-119.5	45.4309469759	230
-119	45.4984014034	230
-118.5	45.4819336534	230
-118	45.143126145	230
-117.90126738	45	230
-118	44.7109487653	230
-118.039730996	44.5	230
-118.5	44.0194866359	230
-118.514641583	44	230
-119	43.5660944581	230
-119.083452702	43.5	230
-119.5	43.0520922542	230
-119.555757105	43	230
-119.981898064	42.5	230
-120	42.4840892106	230
-120.5	42.0458522141	230
-120.54947412	42	230
-121	41.5839035511	230
-121.11223194	41.5	230
-121.5	41.2763973325	230
-122	41.1879149973	230
-122.5	41.1980081797	230
-123	41.3990565315	230
-123.137768805	41.5	230
-123.5	41.7511695772	230
-123.767580301	42	230
-124	42.3521775305	230
-124.134087577	42.5	230
-124.252047032	43	230
-124.195583031	43.5	230
-124	43.8205267787	230
-123.858508438	44	230
-123.5	44.323838532	230
-123.126212731	44.5	230
-123	44.579308778	230
-122.5	44.8227381706	230
-122	44.8734704554	230
-121.5	44.8530094624	230
-121	44.8687330782	230
-120.548617873	45	230
-120.5	45.0207799375	230
> 240 contour -Z240
-120	45.2731767297	240
-119.5	45.4048340321	240
-119	45.4668086469	240
-118.5	45.4317353666	240
-118	45.0275806356	240
-117.980974067	45	240
-118	44.9442993663	240
-118.083681256	44.5	240
-118.5	44.0653699636	240
-118.549116731	44	240
-119	43.5969148874	240
-119.122367442	43.5	240
-119.5	43.0939367712	240
-119.600545526	43	240
-120	42.5380874574	240
-120.026779622	42.5	240
-120.5	42.0783024728	240
-120.584487617	42	240
-121	41.6162413061	240
-121.155487895	41.5	240
-121.5	41.3013404608	240
-122	41.2073636651	240
-122.5	41.2177957296	240
-123	41.4296482354	240
-123.096016906	41.5	240
-123.5	41.7801201791	240
-123.736448213	42	240
-124	42.3993509039	240
-124.091297306	42.5	240
-124.210524991	43	240
-124.142924845	43.5	240
-124	43.7342291027	240
-123.790473819	44	240
-123.5	44.2623832822	240
-123	44.4988279939	240
-122.99699983	44.5	240
-122.5	44.7716525793	240
-122	44.8281842768	240
-121.5	44.8091775179	240
-121	44.8297837675	240
-120.5	44.9836179614	240
-120.466989696	45	240
-120	45.2731767297	240
> 250 contour -Z250
-120	45.2428624928	250
-119.5	45.3787210882	250
-119	45.4352158606	250
-118.5	45.3815370798	250
-118.045521975	45	250
-118.127631485	44.5	250
-118.5	44.1112533212	250
-118.583591878	44	250
-119	43.6277353168	250
-119.161282212	43.5	250
-119.5	43.1357812583	250
-119.645333946	43	250
-120	42.5898789167	250
-120.063194633	42.5	250
-120.5	42.1107527316	250
-120.619501144	42	250
-121	41.6485790908	250
-121.19874385	41.5	250
-121.5	41.326283589	250
-122	41.2268123329	250
-122.5	41.2375833094	250
-123	41.4602399357	250
-123.054264992	41.5	250
-123.5	41.8090707809	250
-123.705316126	42	250
-124	42.4465242736	250
-124.048507042	42.5	250
-124.16900295	43	250
-124.090266652	43.5	250
-124	43.6479314417	250
-123.722439215	44	250
-123.5	44.2009280175	250
-123	44.4623172581	250
-122.903536648	44.5	250
-122.5	44.7205670178	250
-122	44.782898128	250
-121.5	44.7653455436	250
-121	44.7908344865	250
-120.5	44.9579004347	250
-120.415168166	45	250
-120	45.2428624928	250
> 260 contour -Z260
-120	45.2125482559	260
-119.5	45.3526081741	260
-119	45.4036230743	260
-118.5	45.3313388228	260
-118.105316997	45	260
-118.171581745	44.5	260
-118.5	44.1571366787	260
-118.618067026	44	260
-119	43.6585557759	260
-119.200196952	43.5	260
-119.5	43.1776257753	260
-119.690122366	43	260
-120	42.6416703761	260
-120.099609643	42.5	260
-120.5	42.1432029903	260
-120.65451467	42	260
-121	41.6809168458	260
-121.241999835	41.5	260
-121.5	41.3512267321	260
-122	41.2462610006	260
-122.5	41.2573708594	260
-123	41.4908316378	260
-123.012513085	41.5	260
-123.5	41.8380213678	260
-123.674184039	42	260
-124	42.4936976447	260
-124.005716774	42.5	260
-124.127480924	43	260
-124.037608467	43.5	260
-124	43.5616337769	260
-123.654404595	44	260
-123.5	44.1394727528	260
-123	44.4258065224	260
-122.810073435	44.5	260
-122.5	44.6694814563	260
-122	44.7376119494	260
-121.5	44.7215135694	260
-121	44.7518851757	260
-120.5	44.9321829081	260
-120.363346636	45	260
-120	45.2125482559	260
> 270 contour -Z270
-120	45.182234019	270
-119.5	45.3264952302	270
-119	45.372030288	270
-118.5	45.2811405361	270
-118.165111989	45	270
-118.215531975	44.5	270
-118.5	44.2030200064	270
-118.652542174	44	270
-119	43.6893762052	270
-119.239111692	43.5	270
-119.5	43.2194702923	270
-119.734910756	43	270
-120	42.6934618354	270
-120.136024654	42.5	270
-120.5	42.175653249	270
-120.689528167	42	270
-121	41.7132546008	270
-121.285255805	41.5	270
-121.5	41.3761698529	270
-122	41.2657096684	270
-122.5	41.2771584243	270
-122.970728189	41.5	270
-123	41.5099734366	270
-123.5	41.8669719696	270
-123.643051967	42	270
-123.984734386	42.5	270
-124	42.6475175619	270
-124.085958891	43	270
-124	43.4393463135	270
-123.991853654	43.5	270
-123.586369991	44	270
-123.5	44.0780174956	270
-123	44.3892957866	270
-122.716610253	44.5	270
-122.5	44.6183958873	270
-122	44.6923257858	270
-121.5	44.6776815951	270
-121	44.7129358798	270
-120.5	44.9064653814	270
-120.311525106	45	270
-120	45.182234019	270
> 280 contour -Z280
-120	45.1519197822	280
-119.5	45.3003823161	280
-119	45.3404375017	280
-118.5	45.2309422493	280
-118.224907011	45	280
-118.259482235	44.5	280
-118.5	44.2489033639	280
-118.687017322	44	280
-119	43.7201966345	280
-119.278026447	43.5	280
-119.5	43.2613147944	280
-119.779699177	43	280
-120	42.7452532947	280
-120.172439665	42.5	280
-120.5	42.208103478	280
-120.724541694	42	280
-121	41.7455923557	280
-121.32851176	41.5	280
-121.5	41.4011129886	280
-122	41.2851583362	280
-122.5	41.2969459891	280
-122.92892915	41.5	280
-123	41.524215132	280
-123.5	41.895922564	280
-123.61191988	42	280
-123.967114806	42.5	280
-124	42.8177825212	280
-124.044436861	43	280
-124	43.2271221727	280
-123.963349968	43.5	280
-123.518335378	44	280
-123.5	44.0165622383	280
-123	44.3527850509	280
-122.623147056	44.5	280
-122.5	44.5673103184	280
-122	44.6470396221	280
-121.5	44.6338496357	280
-121	44.6739865839	280
-120.5	44.8807478547	280
-120.259703577	45	280
-120	45.1519197822	280
> 290 contour -Z290
-120	45.1216055453	290
-119.5	45.2742693722	290
-119	45.3088447154	290
-118.5	45.1807439774	290
-118.284702018	45	290
-118.30343248	44.5	290
-118.5	44.2947867066	290
-118.721492469	44	290
-119	43.7510170788	290
-119.316941187	43.5	290
-119.5	43.3031593114	290
-119.824487597	43	290
-120	42.797044754	290
-120.208854675	42.5	290
-120.5	42.2405537367	290
-120.759555206	42	290
-121	41.7779301256	290
-121.37176773	41.5	290
-121.5	41.4260561168	290
-122	41.3046070039	290
-122.5	41.3167335391	290
-122.887130111	41.5	290
-123	41.5384568274	290
-123.5	41.9248731658	290
-123.580787793	42	290
-123.949495196	42.5	290
-124	42.9880474713	290
-124.002914829	43	290
-124	43.0148980459	290
-123.934846312	43.5	290
-123.5	43.9771523476	290
-123.461114705	44	290
-123	44.3162742853	290
-122.529683864	44.5	290
-122.5	44.5162247494	290
-122	44.6017534584	290
-121.5	44.5900176615	290
-121	44.6350372732	290
-120.5	44.8550303578	290
-120.207882032	45	290
-120	45.1216055453	290
> 300 contour -Z300
-120	45.0912913084	300
-119.5	45.2481564432	300
-119	45.277251929	300
-118.5	45.1305457056	300
-118.344497025	45	300
-118.347382739	44.5	300
-118.5	44.3406700492	300
-118.755967632	44	300
-119	43.781837523	300
-119.355855942	43.5	300
-119.5	43.3450038135	300
-119.869276002	43	300
-120	42.8488362134	300
-120.245269716	42.5	300
-120.5	42.2730039954	300
-120.794568717	42	300
-121	41.8102678955	300
-121.415023699	41.5	300
-121.5	41.4509992488	300
-122	41.3240556717	300
-122.5	41.336521104	300
-122.845331073	41.5	300
-123	41.552698493	300
-123.5	41.9538237602	300
-123.549655713	42	300
-123.931875616	42.5	300
-123.982930243	43	300
-123.906342626	43.5	300
-123.5	43.9458755553	300
-123.407883555	44	300
-123	44.2797635496	300
-122.5	44.4825119674	300
-122.323148161	44.5	300
-122	44.556467291	300
-121.5	44.5461856909	300
-121	44.5960879773	300
-120.5	44.8293128312	300
-120.156060502	45	300
-120	45.0912913084	300
> 310 contour -Z310
-120	45.0609770715	310
-119.5	45.2220435143	310
-119	45.2456591427	310
-118.5	45.0803474262	310
-118.40429204	45	310
-118.391332984	44.5	310
-118.5	44.3865533993	310
-118.79044278	44	310
-119	43.8126579523	310
-119.394770689	43.5	310
-119.5	43.386848323	310
-119.914064422	43	310
-120	42.9006276652	310
-120.281684712	42.5	310
-120.5	42.3054542542	310
-120.829582229	42	310
-121	41.8426056504	310
-121.458279666	41.5	310
-121.5	41.4759423789	310
-122	41.3435043395	310
-122.5	41.3563086689	310
-122.803532034	41.5	310
-123	41.5669401884	310
-123.5	41.9827743601	310
-123.518523628	42	310
-123.914256006	42.5	310
-123.964571714	43	310
-123.877838969	43.5	310
-123.5	43.914598763	310
-123.354652435	44	310
-123	44.2432528138	310
-122.5	44.4568847418	310
-122.063986786	44.5	310
-122	44.5111811273	310
-121.5	44.5023537211	310
-121	44.5571386777	310
-120.5	44.8035953045	310
-120.104238965	45	310
-120	45.0609770715	310
> 320 contour -Z320
-120	45.0306628346	320
-119.5	45.1959305853	320
-119	45.2140663713	320
-118.5	45.0301491451	320
-118.464087047	45	320
-118.435283229	44.5	320
-118.5	44.4324367419	320
-118.824917927	44	320
-119	43.8434783965	320
-119.433685437	43.5	320
-119.5	43.4286928326	320
-119.958852831	43	320
-120	42.9524191283	320
-120.318099737	42.5	320
-120.5	42.3379045129	320
-120.864595741	42	320
-121	41.8749434203	320
-121.5	41.50071913	320
-121.502506405	41.5	320
-122	41.3629530072	320
-122.5	41.3760962263	320
-122.761733025	41.5	320
-123	41.5811818838	320
-123.493207663	42	320
-123.5	42.0088365674	320
-123.896636426	42.5	320
-123.946213186	43	320
-123.849335313	43.5	320
-123.5	43.8833220005	320
-123.301421285	44	320
-123	44.2067420781	320
-122.5	44.4312575161	320
-122	44.4820582569	320
-121.5	44.476436615	320
-121.165216327	44.5	320
-121	44.5181893762	320
-120.5	44.7778777778	320
-120.052417431	45	320
-120	45.0306628346	320
> 330 contour -Z330
-120	45.0003485978	330
-119.5	45.1698176563	330
-119	45.182473585	330
-118.532338947	45	330
-118.5	44.7709605098	330
-118.479233481	44.5	330
-118.5	44.4783200901	330
-118.85939309	44	330
-119	43.8742988259	330
-119.472600184	43.5	330
-119.5	43.470537344	330
-120	43.0026114583	330
-120.002528429	43	330
-120.354514748	42.5	330
-120.5	42.3703547567	330
-120.89960926	42	330
-121	41.9072811753	330
-121.5	41.5209755599	330
-121.573106915	41.5	330
-122	41.382401675	330
-122.5	41.3958837837	330
-122.719933987	41.5	330
-123	41.5954235792	330
-123.476436406	42	330
-123.5	42.0306552649	330
-123.879016846	42.5	330
-123.927854657	43	330
-123.820831627	43.5	330
-123.5	43.8520452082	330
-123.248190165	44	330
-123	44.1702313274	330
-122.5	44.4056302905	330
-122	44.4582344592	330
-121.5	44.4515360892	330
-121	44.4859390855	330
-120.974221379	44.5	330
-120.5	44.7521602511	330
-120.000595897	45	330
-120	45.0003485978	330
> 340 contour -Z340
-119.5	45.1437047124	340
-119	45.1508807987	340
-118.613308012	45	340
-118.52108565	44.5	340
-118.893868238	44	340
-119	43.9051192701	340
-119.5	43.5079950988	340
-119.510009915	43.5	340
-120	43.0347331762	340
-120.033628762	43	340
-120.390929766	42.5	340
-120.5	42.4028050154	340
-120.934622772	42	340
-121	41.9396189414	340
-121.5	41.5412320197	340
-121.643707424	41.5	340
-122	41.4018503428	340
-122.5	41.4156713486	340
-122.678134948	41.5	340
-123	41.6096652448	340
-123.45966512	42	340
-123.5	42.0524739921	340
-123.861397237	42.5	340
-123.909496129	43	340
-123.79232797	43.5	340
-123.5	43.8207684457	340
-123.19495903	44	340
-123	44.1337205917	340
-122.5	44.3800030649	340
-122	44.4344106317	340
-121.5	44.4266355634	340
-121	44.4595583081	340
-120.925856113	44.5	340
-120.5	44.7264427394	340
-120	44.9755986035	340
-119.923864275	45	340
-119.5	45.1437047124	340
> 350 contour -Z350
-119.5	45.1175917983	350
-119	45.1192880198	350
-118.694277078	45	350
-118.561058462	44.5	350
-118.928343385	44	350
-119	43.9359397069	350
-119.5	43.5350145102	350
-119.543838501	43.5	350
-120	43.0668548644	350
-120.064729095	43	350
-120.427344777	42.5	350
-120.5	42.4352552667	350
-120.969636289	42	350
-121	41.9719567019	350
-121.5	41.5614884794	350
-121.714307934	41.5	350
-122	41.4212990105	350
-122.5	41.435458906	350
-122.636335924	41.5	350
-123	41.6239069402	350
-123.442893863	42	350
-123.5	42.0742927194	350
-123.843777657	42.5	350
-123.8911376	43	350
-123.763824284	43.5	350
-123.5	43.7894916534	350
-123.141727895	44	350
-123	44.0972098485	350
-122.5	44.3543758392	350
-122	44.410586834	350
-121.5	44.4017350376	350
-121	44.4331775606	350
-120.877490848	44.5	350
-120.5	44.7007252276	350
-120	44.9509133399	350
-119.846842855	45	350
-119.5	45.1175917983	350
> 360 contour -Z360
-119.5	45.0914788544	360
-119	45.0876952335	360
-118.775246128	45	360
-118.601031274	44.5	360
-118.962818537	44	360
-119	43.9667601474	360
-119.5	43.5620339513	360
-119.577667087	43.5	360
-120	43.0989765823	360
-120.095829427	43	360
-120.463759791	42.5	360
-120.5	42.4677055217	360
-121	42.0026595891	360
-121.003195256	42	360
-121.5	41.5817449093	360
-121.784908444	41.5	360
-122	41.4407476783	360
-122.5	41.4552464671	360
-122.594536886	41.5	360
-123	41.6381486356	360
-123.426122606	42	360
-123.5	42.0961114466	360
-123.826158047	42.5	360
-123.872779071	43	360
-123.735320628	43.5	360
-123.5	43.758214891	360
-123.08849676	44	360
-123	44.060699109	360
-122.5	44.3287486136	360
-122	44.3867630064	360
-121.5	44.3768345118	360
-121	44.4067967832	360
-120.829125583	44.5	360
-120.5	44.6750077009	360
-120	44.9262280762	360
-119.769821465	45	360
-119.5	45.0914788544	360
> 370 contour -Z370
-119.5	45.0653659105	370
-119	45.0561024509	370
-118.856215179	45	370
-118.641004115	44.5	370
-118.997293688	44	370
-119	43.9975805844	370
-119.5	43.5890533626	370
-119.611495674	43.5	370
-120	43.1310982704	370
-120.12692976	43	370
-120.5	42.5002000034	370
-120.500100672	42.5	370
-121	42.0226865709	370
-121.027255952	42	370
-121.5	41.602001369	370
-121.855508968	41.5	370
-122	41.4601963498	370
-122.5	41.4750340264	370
-122.552737858	41.5	370
-123	41.652390331	370
-123.409351319	42	370
-123.5	42.1179301441	370
-123.808538467	42.5	370
-123.854420543	43	370
-123.706816956	43.5	370
-123.5	43.7269380987	370
-123.035265625	44	370
-123	44.0241883658	370
-122.5	44.303121388	370
-122	44.3629391789	370
-121.5	44.3519339859	370
-121	44.3804160058	370
-120.780760318	44.5	370
-120.5	44.6492901742	370
-120	44.9015428126	370
-119.692800075	45	370
-119.5	45.0653659105	370
> 380 contour -Z380
-119.5	45.0392529964	380
-119	45.0245096665	380
-118.937184237	45	380
-118.680976927	44.5	380
-119	44.0517551005	380
-119.030451119	44	380
-119.5	43.6160728037	380
-119.64532426	43.5	380
-120	43.1632199883	380
-120.158030093	43	380
-120.5	42.5418649316	380
-120.521075338	42.5	380
-121	42.0427135825	380
-121.051316619	42	380
-121.5	41.6222577989	380
-121.926109478	41.5	380
-122	41.4796450175	380
-122.5	41.4948215866	380
-122.510938825	41.5	380
-123	41.6666320264	380
-123.392580062	42	380
-123.5	42.1397488713	380
-123.790918887	42.5	380
-123.836062014	43	380
-123.678313285	43.5	380
-123.5	43.6956613213	380
-123	43.9924252033	380
-122.984886616	44	380
-122.5	44.2774941623	380
-122	44.3391153812	380
-121.5	44.3270334899	380
-121	44.3540352583	380
-120.732395053	44.5	380
-120.5	44.623572655	380
-120	44.876857549	380
-119.61577867	45	380
-119.5	45.0392529964	380
> 390 contour -Z390
-119.5	45.0131400526	390
-119.154110461	45	390
-119	44.9844417572	390
-118.720949739	44.5	390
-119	44.1079190969	390
-119.063496292	44	390
-119.5	43.6430922151	390
-119.679152817	43.5	390
-120	43.1953416765	390
-120.189130425	43	390
-120.5	42.5835298598	390
-120.542049974	42.5	390
-121	42.0627405643	390
-121.075377285	42	390
-121.5	41.6425142586	390
-121.996709992	41.5	390
-122	41.4990936854	390
-122.029685531	41.5	390
-122.5	41.5130726695	390
-123	41.680873692	390
-123.375808805	42	390
-123.5	42.1615675986	390
-123.773299277	42.5	390
-123.817703485	43	390
-123.649809629	43.5	390
-123.5	43.6643845439	390
-123	43.9699813426	390
-122.940106213	44	390
-122.5	44.2518669367	390
-122	44.3152915537	390
-121.5	44.3021329641	390
-121	44.3276544809	390
-120.684029773	44.5	390
-120.5	44.5978551358	390
-120	44.8521722555	390
-119.538757268	45	390
-119.5	45.0131400526	390
> 400 contour -Z400
-120.5	44.572137624	400
-120	44.8274869919	400
-119.5	44.9828163981	400
-119	44.915047437	400
-118.760922566	44.5	400
-119	44.1640831232	400
-119.096541464	44	400
-119.5	43.6701116562	400
-119.712981403	43.5	400
-120	43.2274633944	400
-120.220230728	43	400
-120.5	42.625194788	400
-120.56302464	42.5	400
-121	42.082767576	400
-121.099437952	42	400
-121.5	41.6627707183	400
-122	41.5170357525	400
-122.5	41.5307791233	400
-123	41.6951153874	400
-123.359037548	42	400
-123.5	42.1833863258	400
-123.755679697	42.5	400
-123.799344957	43	400
-123.62130595	43.5	400
-123.5	43.6331077665	400
-123	43.947537452	400
-122.89532584	44	400
-122.5	44.2262397259	400
-122	44.291467756	400
-121.5	44.2772324383	400
-121	44.3012737036	400
-120.635664508	44.5	400
-120.5	44.572137624	400
> 410 contour -Z410
-120.5	44.5464200974	410
-120	44.8028017282	410
-119.5	44.9482277334	410
-119	44.8456531167	410
-118.800895393	44.5	410
-119	44.2202471197	410
-119.129586637	44	410
-119.5	43.6971310675	410
-119.746809989	43.5	410
-120	43.2595850974	410
-120.251331076	43	410
-120.5	42.6668597162	410
-120.583999276	42.5	410
-121	42.1027945578	410
-121.123498619	42	410
-121.5	41.6830271482	410
-122	41.5349042118	410
-122.5	41.5484855473	410
-123	41.7093570828	410
-123.342266262	42	410
-123.5	42.2052050233	410
-123.738060102	42.5	410
-123.780986428	43	410
-123.592802286	43.5	410
-123.5	43.6018309817	410
-123	43.9250935912	410
-122.850545436	44	410
-122.5	44.2006125003	410
-122	44.2676439285	410
-121.5	44.2523319125	410
-121	44.274892956	410
-120.58729925	44.5	410
-120.5	44.5464200974	410
> 420 contour -Z420
-120.5	44.5207025707	420
-120	44.7781164646	420
-119.5	44.9136390388	420
-119	44.7762587965	420
-118.840868205	44.5	420
-119	44.2764111161	420
-119.16263181	44	420
-119.5	43.7241505086	420
-119.780638576	43.5	420
-120	43.2917068005	420
-120.282431409	43	420
-120.5	42.7085246444	420
-120.604973912	42.5	420
-121	42.1228215694	420
-121.147559315	42	420
-121.5	41.703283608	420
-122	41.5527726412	420
-122.5	41.5661920011	420
-123	41.7235987782	420
-123.325495005	42	420
-123.5	42.2270237505	420
-123.720440507	42.5	420
-123.7626279	43	420
-123.564298615	43.5	420
-123.5	43.5705542043	420
-123	43.9026497304	420
-122.805765033	44	420
-122.5	44.1749852747	420
-122	44.2438201159	420
-121.5	44.2274314016	420
-121	44.2485121787	420
-120.538933981	44.5	420
-120.5	44.5207025707	420
> 430 contour -Z430
-120	44.7534312159	430
-119.5	44.879050374	430
-119	44.7068644613	430
-118.880841032	44.5	430
-119	44.3325751275	430
-119.195677012	44	430
-119.5	43.7511699349	430
-119.814467147	43.5	430
-120	43.3238285035	430
-120.313531741	43	430
-120.5	42.7501895875	430
-120.625948578	42.5	430
-121	42.1428485513	430
-121.171619982	42	430
-121.5	41.7235400379	430
-122	41.5706410706	430
-122.5	41.5838984549	430
-123	41.7378404438	430
-123.308723748	42	430
-123.5	42.2488424778	430
-123.702820927	42.5	430
-123.744269371	43	430
-123.535794947	43.5	430
-123.5	43.5392774232	430
-123	43.8802058697	430
-122.760984629	44	430
-122.5	44.149358049	430
-122	44.2199963033	430
-121.5	44.2025308758	430
-121	44.2221314162	430
-120.5	44.4939478934	430
-120.490680039	44.5	430
-120	44.7534312159	430
> 440 contour -Z440
-120	44.7287459373	440
-119.5	44.8444617093	440
-119	44.6374701411	440
-118.920813851	44.5	440
-119	44.3887391239	440
-119.228722185	44	440
-119.5	43.7781893611	440
-119.848295733	43.5	440
-120	43.3559502065	440
-120.344632074	43	440
-120.5	42.7918545157	440
-120.646923214	42.5	440
-121	42.1628755331	440
-121.195680648	42	440
-121.5	41.7437964976	440
-122	41.5885095298	440
-122.5	41.6016049087	440
-123	41.7520821393	440
-123.291952461	42	440
-123.5	42.2706612051	440
-123.685201332	42.5	440
-123.725910842	43	440
-123.507291278	43.5	440
-123.5	43.5080006439	440
-123	43.8577620089	440
-122.716204256	44	440
-122.5	44.1237308159	440
-122	44.1961724907	440
-121.5	44.17763035	440
-121	44.1957506388	440
-120.5	44.4629116654	440
-120.442885756	44.5	440
-120	44.7287459373	440
> 450 contour -Z450
-120	44.7040606737	450
-119.5	44.8098730445	450
-119	44.5680758134	450
-118.96078667	44.5	450
-119	44.4449031278	450
-119.261767358	44	450
-119.5	43.8052087873	450
-119.882124305	43.5	450
-120	43.388071917	450
-120.3757324	43	450
-120.5	42.8335194439	450
-120.66789788	42.5	450
-121	42.1829025447	450
-121.219741315	42	450
-121.5	41.7640529424	450
-122	41.6063779593	450
-122.5	41.6193113625	450
-123	41.7663238347	450
-123.275181204	42	450
-123.5	42.2924799174	450
-123.667581737	42.5	450
-123.707552314	43	450
-123.5	43.4691196084	450
-123.47627598	43.5	450
-123	43.8353181183	450
-122.671423852	44	450
-122.5	44.0981035978	450
-122	44.1723486632	450
-121.5	44.1527298391	450
-121	44.1693698764	450
-120.5	44.4318754077	450
-120.395091444	44.5	450
-120	44.7040606737	450
> 460 contour -Z460
-120	44.6793754101	460
-119.5	44.7752843499	460
-119.001190811	44.5	460
-119.29481253	44	460
-119.5	43.8322282135	460
-119.915952891	43.5	460
-120	43.42019362	460
-120.406832732	43	460
-120.5	42.8751843721	460
-120.688872516	42.5	460
-121	42.2029295266	460
-121.243802011	42	460
-121.5	41.7843093872	460
-122	41.6242463887	460
-122.5	41.6370178163	460
-123	41.7805655152	460
-123.258409947	42	460
-123.5	42.3142986447	460
-123.649962142	42.5	460
-123.689193785	43	460
-123.5	43.4276247919	460
-123.44439739	43.5	460
-123	43.8128742576	460
-122.626643464	44	460
-122.5	44.0724763721	460
-122	44.1485248506	460
-121.5	44.1278293133	460
-121	44.1429891139	460
-120.5	44.4008391798	460
-120.347297162	44.5	460
-120	44.6793754101	460
> 470 contour -Z470
-120	44.6546901464	470
-119.5	44.7406956851	470
-119.063864738	44.5	470
-119.327857703	44	470
-119.5	43.8592476547	470
-119.94978147	43.5	470
-120	43.4523153268	470
-120.437933065	43	470
-120.5	42.9168493003	470
-120.709847152	42.5	470
-121	42.2229565382	470
-121.267862678	42	470
-121.5	41.804565832	470
-122	41.6421148181	470
-122.5	41.6547242403	470
-123	41.7948072106	470
-123.241638675	42	470
-123.5	42.336117357	470
-123.632342547	42.5	470
-123.670835271	43	470
-123.5	43.3861299753	470
-123.41251877	43.5	470
-123	43.7904303968	470
-122.581863068	44	470
-122.5	44.0468491465	470
-122	44.124701038	470
-121.5	44.1029287875	470
-121	44.1166083366	470
-120.5	44.369802922	470
-120.29950285	44.5	470
-120	44.6546901464	470
> 480 contour -Z480
-120	44.6300048828	480
-119.5	44.7061070204	480
-119.126538634	44.5	480
-119.360902876	44	480
-119.5	43.8862670735	480
-119.983610049	43.5	480
-120	43.4844370298	480
-120.469033398	43	480
-120.5	42.9585142285	480
-120.730821818	42.5	480
-121	42.24298352	480
-121.291923344	42	480
-121.5	41.8248222768	480
-122	41.6599832773	480
-122.5	41.6724306941	480
-123	41.8090488911	480
-123.224867418	42	480
-123.5	42.3579360843	480
-123.61472296	42.5	480
-123.652476743	43	480
-123.5	43.3446351588	480
-123.380640179	43.5	480
-123	43.767986536	480
-122.537082672	44	480
-122.5	44.0212219208	480
-122	44.1008772254	480
-121.5	44.0780282691	480
-121	44.0902275741	480
-120.5	44.3387666941	480
-120.251708567	44.5	480
-120	44.6300048828	480
> 490 contour -Z490
-120	44.6053196192	490
-119.5	44.6715183556	490
-119.189212531	44.5	490
-119.393948056	44	490
-119.5	43.9132864997	490
-120	43.5211523771	490
-120.019473702	43.5	490
-120.5	43.0001689494	490
-120.500092059	43	490
-120.751796454	42.5	490
-121	42.2630105168	490
-121.315984011	42	490
-121.5	41.8450787365	490
-122	41.6778517067	490
-122.5	41.6901371479	490
-123	41.8232905865	490
-123.208096147	42	490
-123.5	42.3797548041	490
-123.597103372	42.5	490
-123.634118214	43	490
-123.5	43.3031403422	490
-123.348761559	43.5	490
-123	43.7455426604	490
-122.5	43.9972697496	490
-122.474766701	44	490
-122	44.0770534053	490
-121.5	44.053127747	490
-121	44.0638468042	490
-120.5	44.3077304661	490
-120.20391427	44.5	490
-120	44.6053196192	490
> 500 contour -Z500
-120	44.5806343555	500
-119.5	44.6369296759	500
-119.251886457	44.5	500
-119.426993236	44	500
-119.5	43.9403059296	500
-120	43.5621850789	500
-120.057250023	43.5	500
-120.5	43.039462924	500
-120.521501303	43	500
-120.772771105	42.5	500
-121	42.2830375135	500
-121.340044692	42	500
-121.5	41.8653351814	500
-122	41.6957201362	500
-122.5	41.7078436017	500
-123	41.837532267	500
-123.19132489	42	500
-123.5	42.4015735239	500
-123.579483777	42.5	500
-123.615759686	43	500
-123.5	43.2616455257	500
-123.316882968	43.5	500
-123	43.7230987996	500
-122.5	43.9813868999	500
-122.327975601	44	500
-122	44.0532295927	500
-121.5	44.0282272268	500
-121	44.0374660343	500
-120.5	44.2766942084	500
-120.156119972	44.5	500
-120	44.5806343555	500
> 510 contour -Z510
-120	44.5559490919	510
-119.5	44.6023410037	510
-119.314560354	44.5	510
-119.460038409	44	510
-119.5	43.9673253596	510
-120	43.6032178104	510
-120.095026374	43.5	510
-120.5	43.0787568986	510
-120.542910546	43	510
-120.793745756	42.5	510
-121	42.3030645102	510
-121.364105359	42	510
-121.5	41.8855916262	510
-122	41.7135885954	510
-122.5	41.7255500555	510
-123	41.8517739624	510
-123.174553618	42	510
-123.5	42.4233922437	510
-123.56186419	42.5	510
-123.597401157	43	510
-123.5	43.2201507241	510
-123.285004348	43.5	510
-123	43.7006549388	510
-122.5	43.9655040503	510
-122.1811845	44	510
-122	44.0294057764	510
-121.5	44.0033267059	510
-121	44.0110852681	510
-120.5	44.2456579804	510
-120.108325668	44.5	510
-120	44.5559490919	510
> 520 contour -Z520
-120	44.5312638283	520
-119.5	44.5677523315	520
-119.377234273	44.5	520
-119.493083586	44	520
-119.5	43.9943447863	520
-120	43.6442505121	520
-120.132802695	43.5	520
-120.5	43.1180508435	520
-120.564319789	43	520
-120.814720407	42.5	520
-121	42.323091507	520
-121.38816604	42	520
-121.5	41.905848071	520
-122	41.7314570248	520
-122.5	41.7432565093	520
-123	41.8660156429	520
-123.157782346	42	520
-123.5	42.4452109598	520
-123.544244595	42.5	520
-123.579042628	43	520
-123.5	43.1786559075	520
-123.253125757	43.5	520
-123	43.6782110631	520
-122.5	43.9496212006	520
-122.034393411	44	520
-122	44.0055819619	520
-121.893567115	44	520
-121.5	43.9850071669	520
-121	43.9850263596	520
-120.961321026	44	520
-120.5	44.2146217376	520
-120.060531374	44.5	520
-120	44.5312638283	520
> 530 contour -Z530
-120	44.5065785646	530
-119.5	44.533163663	530
-119.439908177	44.5	530
-119.5	44.2259784043	530
-119.546728283	44	530
-120	43.6852832437	530
-120.170579016	43.5	530
-120.5	43.1573448181	530
-120.585729033	43	530
-120.835695058	42.5	530
-121	42.3431184888	530
-121.412226714	42	530
-121.5	41.9261045232	530
-122	41.7493254542	530
-122.5	41.7609629482	530
-123	41.8802573383	530
-123.141011089	42	530
-123.5	42.4670296833	530
-123.526625006	42.5	530
-123.5606841	43	530
-123.5	43.137161091	530
-123.221247137	43.5	530
-123	43.6557672024	530
-122.5	43.9337383509	530
-122	43.9887025952	530
-121.5	43.9677024186	530
-121	43.9592007101	530
-120.894609839	44	530
-120.5	44.1835854948	530
-120.012737076	44.5	530
-120	44.5065785646	530
> 540 contour -Z540
-120.5	44.1525492668	540
-120	44.4504618049	540
-119.605825782	44	540
-120	43.7263159752	540
-120.208355367	43.5	540
-120.5	43.1966387928	540
-120.607138276	43	540
-120.856669694	42.5	540
-121	42.3631454855	540
-121.436287381	42	540
-121.5	41.9463609681	540
-122	41.7671938986	540
-122.5	41.7786693871	540
-123	41.8944990262	540
-123.124239825	42	540
-123.5	42.4888484022	540
-123.509005413	42.5	540
-123.542325571	43	540
-123.5	43.095666267	540
-123.189368531	43.5	540
-123	43.6333233267	540
-122.5	43.9178555012	540
-122	43.9739481807	540
-121.5	43.9503976703	540
-121	43.9333750606	540
-120.827898651	44	540
-120.5	44.1525492668	540
> 550 contour -Z550
-120.5	44.1215130091	550
-120	44.382925272	550
-119.66492328	44	550
-120	43.7673486769	550
-120.246131688	43.5	550
-120.5	43.2359327674	550
-120.628547519	43	550
-120.877644345	42.5	550
-121	42.3831724823	550
-121.460348058	42	550
-121.5	41.9666174129	550
-122	41.7850623429	550
-122.5	41.7963758409	550
-123	41.9087407142	550
-123.107468553	42	550
-123.485021979	42.5	550
-123.5	42.6362289786	550
-123.523967044	43	550
-123.5	43.0541714542	550
-123.157489926	43.5	550
-123	43.6108794659	550
-122.5	43.9019726515	550
-122	43.9591937959	550
-121.5	43.933092922	550
-121	43.9075494111	550
-120.761187464	44	550
-120.5	44.1215130091	550
> 560 contour -Z560
-120.5	44.0904767811	560
-120	44.3153887093	560
-119.724020779	44	560
-120	43.8083814085	560
-120.283908024	43.5	560
-120.5	43.2752267122	560
-120.649956763	43	560
-120.898618996	42.5	560
-121	42.403199479	560
-121.484408731	42	560
-121.5	41.9868738614	560
-122	41.8029307723	560
-122.5	41.8140822947	560
-123	41.9229824021	560
-123.090697289	42	560
-123.454385638	42.5	560
-123.5	42.9148741141	560
-123.505608517	43	560
-123.5	43.0126766358	560
-123.12561132	43.5	560
-123	43.5884355977	560
-122.5	43.8860898018	560
-122	43.9444393814	560
-121.5	43.9157881439	560
-121	43.8817237616	560
-120.694476292	44	560
-120.5	44.0904767811	560
> 570 contour -Z570
-120.5	44.0594405234	570
-120	44.2478521764	570
-119.783118263	44	570
-120	43.8494141251	570
-120.321684361	43.5	570
-120.5	43.3145206869	570
-120.671366006	43	570
-120.91959364	42.5	570
-121	42.4232264757	570
-121.5	42.0037873089	570
-121.516954303	42	570
-122	41.8207992166	570
-122.5	41.8317887336	570
-123	41.9372240901	570
-123.073926024	42	570
-123.423749328	42.5	570
-123.477331758	43	570
-123.093732715	43.5	570
-123	43.5659917369	570
-122.5	43.8702069521	570
-122	43.9296849668	570
-121.5	43.8984833956	570
-121	43.8558980823	570
-120.627765104	44	570
-120.5	44.0594405234	570
> 580 contour -Z580
-120.5	44.0284042954	580
-120	44.1803156435	580
-119.842215747	44	580
-120	43.8904468417	580
-120.359460697	43.5	580
-120.5	43.3538146466	580
-120.692775249	43	580
-120.940568291	42.5	580
-121	42.4432534687	580
-121.5	42.0145466626	580
-121.565119684	42	580
-122	41.838667661	580
-122.5	41.8494951874	580
-123	41.9514657781	580
-123.05715476	42	580
-123.393112987	42.5	580
-123.444692105	43	580
-123.061854109	43.5	580
-123	43.5435478687	580
-122.5	43.8543241024	580
-122	43.914930582	580
-121.5	43.8811786473	580
-121	43.8300724328	580
-120.561053924	44	580
-120.5	44.0284042954	580
> 590 contour -Z590
-120	44.1127791107	590
-119.901313245	44	590
-120	43.9314795658	590
-120.397237033	43.5	590
-120.5	43.3931086138	590
-120.714184493	43	590
-120.961542938	42.5	590
-121	42.4632804617	590
-121.5	42.0253060162	590
-121.613285035	42	590
-122	41.8565360904	590
-122.5	41.8672016412	590
-123	41.965707466	590
-123.040383495	42	590
-123.362476677	42.5	590
-123.412052482	43	590
-123.029975502	43.5	590
-123	43.5211040024	590
-122.5	43.8384412527	590
-122	43.9001761675	590
-121.5	43.863873899	590
-121	43.8042467833	590
-120.5	43.9848842919	590
-120.475835681	44	590
-120	44.1127791107	590
> 600 contour -Z600
-120	44.045242548	600
-119.96041074	44	600
-120	43.9725122843	600
-120.190886647	44	600
-120	44.045242548	600
> 600 contour -Z600
-122.5	43.8225584179	600
-122	43.8854217827	600
-121.5	43.8465691507	600
-121	43.7784211338	600
-120.5	43.8066376746	600
-120.435013361	43.5	600
-120.5	43.432402581	600
-120.735593736	43	600
-120.982517585	42.5	600
-121	42.4833074566	600
-121.5	42.0360653698	600
-121.661450416	42	600
-122	41.8744045347	600
-122.5	41.8849080876	600
-123	41.9799491558	600
-123.023612229	42	600
-123.331840336	42.5	600
-123.37941286	43	600
-123	43.4974452853	600
-122.99853453	43.5	600
-122.5	43.8225584179	600
> 610 contour -Z610
-122.5	43.8066755682	610
-122	43.8706673682	610
-121.5	43.8292644024	610
-121	43.7525954843	610
-120.5	43.6283910871	610
-120.472789695	43.5	610
-120.5	43.4716965444	610
-120.757002994	43	610
-121	42.5072286129	610
-121.001968712	42.5	610
-121.5	42.0468247235	610
-121.709615797	42	610
-122	41.8922729716	610
-122.5	41.9026145339	610
-123	41.9941908447	610
-123.006840965	42	610
-123.301204026	42.5	610
-123.346773207	43	610
-123	43.4546517134	610
-122.973986566	43.5	610
-122.5	43.8066755682	610
> 620 contour -Z620
-122.5	43.7907927185	620
-122	43.8559129834	620
-121.5	43.8119596541	620
-121	43.7267698348	620
-120.515435129	43.5	620
-120.778412238	43	620
-121	42.5506442189	620
-121.013793051	42.5	620
-121.5	42.0575840771	620
-121.757781163	42	620
-122	41.9101414084	620
-122.5	41.9203209803	620
-122.941860735	42	620
-123	42.0314155817	620
-123.270567685	42.5	620
-123.314133584	43	620
-123	43.4118581414	620
-122.949438632	43.5	620
-122.5	43.7907927185	620
> 630 contour -Z630
-122.5	43.7749098688	630
-122	43.8411585689	630
-121.5	43.7946549058	630
-121	43.7009441853	630
-120.570619732	43.5	630
-120.799821481	43	630
-121	42.5940598249	630
-121.025617391	42.5	630
-121.5	42.0683434308	630
-121.805946529	42	630
-122	41.9280098453	630
-122.5	41.9380274303	630
-122.843669474	42	630
-123	42.0844733119	630
-123.239931375	42.5	630
-123.281493932	43	630
-123	43.3690645695	630
-122.924890667	43.5	630
-122.5	43.7749098688	630
> 640 contour -Z640
-122.5	43.7590270191	640
-122	43.8264041841	640
-121.5	43.7773501575	640
-121	43.6751185358	640
-120.625804335	43.5	640
-120.821230724	43	640
-121	42.637475431	640
-121.037441701	42.5	640
-121.5	42.0791027844	640
-121.854111895	42	640
-122	41.9458782859	640
-122.5	41.9557338767	640
-122.745478198	42	640
-123	42.1375310123	640
-123.209295049	42.5	640
-123.248854309	43	640
-123	43.3262709975	640
-122.900342733	43.5	640
-122.5	43.7590270191	640
> 650 contour -Z650
-122.5	43.7431441844	650
-122	43.8116497695	650
-121.5	43.7600454092	650
-121	43.6492928863	650
-120.680988938	43.5	650
-120.842639968	43	650
-121	42.680891037	650
-121.04926604	42.5	650
-121.5	42.0898621082	650
-121.902277268	42	650
-122	41.9637467228	650
-122.5	41.9734403268	650
-122.647286922	42	650
-123	42.1905887425	650
-123.178658724	42.5	650
-123.216214672	43	650
-123	43.2834773958	650
-122.875794768	43.5	650
-122.5	43.7431441844	650
> 660 contour -Z660
-122.5	43.7272613347	660
-122	43.7968953848	660
-121.5	43.742740646	660
-121	43.6234672293	660
-120.73617354	43.5	660
-120.864049211	43	660
-121	42.724306643	660
-121.06109038	42.5	660
-121.5	42.1006214619	660
-121.950442642	42	660
-122	41.9816151615	660
-122.5	41.9911467759	660
-122.549095638	42	660
-123	42.2436464429	660
-123.148022398	42.5	660
-123.183575034	43	660
-123	43.2406838238	660
-122.851246804	43.5	660
-122.5	43.7272613347	660
> 670 contour -Z670
-122.5	43.711378485	670
-122	43.7821409702	670
-121.5	43.7254358977	670
-121	43.5976415798	670
-120.791358143	43.5	670
-120.885458454	43	670
-121	42.767722249	670
-121.07291469	42.5	670
-121.5	42.1113808155	670
-121.998608014	42	670
-122	41.9994835995	670
-122.027320985	42	670
-122.5	42.0023869574	670
-123	42.2967041582	670
-123.11738608	42.5	670
-123.150935397	43	670
-123	43.1978902519	670
-122.826698869	43.5	670
-122.5	43.711378485	670
> 680 contour -Z680
-122.5	43.6954956353	680
-122	43.7673865855	680
-121.5	43.7081311345	680
-121	43.5718159303	680
-120.846542746	43.5	680
-120.906867698	43	680
-121	42.81113787	680
-121.084739029	42.5	680
-121.5	42.1221401691	680
-122	42.0055285096	680
-122.5	42.007160902	680
-123	42.3497618884	680
-123.086749755	42.5	680
-123.118295766	43	680
-123	43.1550966799	680
-122.802150905	43.5	680
-122.5	43.6954956353	680
> 690 contour -Z690
-122.5	43.6796127856	690
-122	43.7526321709	690
-121.5	43.6908263862	690
-121	43.5459902771	690
-120.901727349	43.5	690
-120.928276941	43	690
-121	42.854553476	690
-121.096563339	42.5	690
-121.5	42.1328995228	690
-122	42.0112215579	690
-122.5	42.0119348168	690
-123	42.4028195962	690
-123.056113429	42.5	690
-123.085656129	43	690
-123	43.1123031005	690
-122.777602971	43.5	690
-122.5	43.6796127856	690
> 700 contour -Z700
-122.5	43.6637299359	700
-122	43.7378777862	700
-121.5	43.6735216379	700
-121	43.5201646257	700
-120.956911951	43.5	700
-120.949686185	43	700
-121	42.897969082	700
-121.108387679	42.5	700
-121.5	42.1436588764	700
-122	42.0169146061	700
-122.5	42.0167087615	700
-123	42.4558773153	700
-123.025477104	42.5	700
-123.053016495	43	700
-123	43.0695095211	700
-122.753055006	43.5	700
-122.5	43.6637299359	700
> 710 contour -Z710
-122.5	43.6478470862	710
-122	43.7231233865	710
-121.5	43.6562168896	710
-121.011853099	43.5	710
-121	43.43015939	710
-120.97109543	43	710
-121	42.941384688	710
-121.120212018	42.5	710
-121.5	42.1544182301	710
-122	42.0226076543	710
-122.5	42.0214826763	710
-122.999161363	42.5	710
-123	42.6062205434	710
-123.020376861	43	710
-123	43.0267159473	710
-122.728507057	43.5	710
-122.5	43.6478470862	710
> 720 contour -Z720
-122.5	43.6319642365	720
-122	43.7083689868	720
-121.5	43.6389121413	720
-121.065927029	43.5	720
-121	43.1115458533	720
-120.992504674	43	720
-121	42.9848002968	720
-121.132036328	42.5	720
-121.5	42.1651775837	720
-122	42.0283007026	720
-122.5	42.0262566209	720
-122.994181484	42.5	720
-122.996717572	43	720
-122.703959107	43.5	720
-122.5	43.6319642365	720
> 730 contour -Z730
-122.5	43.6160813868	730
-122	43.6936145723	730
-121.5	43.6216073856	730
-121.120000958	43.5	730
-121.010325581	43	730
-121.143860668	42.5	730
-121.5	42.1759369373	730
-122	42.0339937508	730
-122.5	42.0310305357	730
-122.989201605	42.5	730
-122.987980813	43	730
-122.679411158	43.5	730
-122.5	43.6160813868	730
> 740 contour -Z740
-122.5	43.6001985371	740
-122	43.6788601726	740
-121.5	43.6043026373	740
-121.174074888	43.5	740
-121.026213467	43	740
-121.155685008	42.5	740
-121.5	42.186696291	740
-122	42.0396868289	740
-122.5	42.0358044803	740
-122.984221727	42.5	740
-122.979244053	43	740
-122.654863209	43.5	740
-122.5	43.6001985371	740
> 750 contour -Z750
-122.5	43.5843156874	750
-122	43.664105773	750
-121.5	43.5869978815	750
-121.228148818	43.5	750
-121.042101353	43	750
-121.167509317	42.5	750
-121.5	42.1974556446	750
-122	42.0453798771	750
-122.5	42.0405784249	750
-122.979241818	42.5	750
-122.970507264	43	750
-122.630315259	43.5	750
-122.5	43.5843156874	750
> 760 contour -Z760
-122.5	43.5684328377	760
-122	43.6493513733	760
-121.5	43.5696931332	760
-121.282222733	43.5	760
-121.05798924	43	760
-121.179333657	42.5	760
-121.5	42.2082149982	760
-122	42.0510729253	760
-122.5	42.0453523397	760
-122.97426194	42.5	760
-122.961770505	43	760
-122.605767302	43.5	760
-122.5	43.5684328377	760
> 770 contour -Z770
-122.5	43.552549988	770
-122	43.6345969737	770
-121.5	43.5523883812	770
-121.336296663	43.5	770
-121.073877156	43	770
-121.191157967	42.5	770
-121.5	42.2189743221	770
-122	42.0567659736	770
-122.5	42.0501262844	770
-122.969282061	42.5	770
-122.953033745	43	770
-122.581219345	43.5	770
-122.5	43.552549988	770
> 780 contour -Z780
-122.5	43.5366671383	780
-122	43.6198425815	780
-121.5	43.5350836292	780
-121.390370592	43.5	780
-121.089765042	43	780
-121.202982306	42.5	780
-121.5	42.2297336757	780
-122	42.0624590218	780
-122.5	42.0549001992	780
-122.964302182	42.5	780
-122.944296986	43	780
-122.556671396	43.5	780
-122.5	43.5366671383	780
> 790 contour -Z790
-122.5	43.5207842886	790
-122	43.6050881818	790
-121.5	43.517778879	790
-121.444444519	43.5	790
-121.105652928	43	790
-121.214806646	42.5	790
-121.5	42.2404930294	790
-122	42.06815207	790
-122.5	42.0596741438	790
-122.959322274	42.5	790
-122.935560197	43	790
-122.532123446	43.5	790
-122.5	43.5207842886	790
> 800 contour -Z800
-122.5	43.504901439	800
-122	43.5903337821	800
-121.5	43.5004741274	800
-121.498518446	43.5	800
-121.121540815	43	800
-121.226630956	42.5	800
-121.5	42.251252383	800
-122	42.0738451183	800
-122.5	42.0644480586	800
-122.954342395	42.5	800
-122.926823437	43	800
-122.507575494	43.5	800
-122.5	43.504901439	800
> 810 contour -Z810
-122	43.575579375	810
-121.579785526	43.5	810
-121.5	43.4795613587	810
-121.137428701	43	810
-121.238455296	42.5	810
-121.5	42.2620117366	810
-122	42.0795381665	810
-122.5	42.0692220032	810
-122.949362516	42.5	810
-122.918086678	43	810
-122.5	43.4928787947	810
-122.440539002	43.5	810
-122	43.575579375	810
> 820 contour -Z820
-122	43.5608249903	820
-121.661818653	43.5	820
-121.5	43.4585469663	820
-121.153316587	43	820
-121.25027962	42.5	820
-121.5	42.2727710903	820
-122	42.0852312148	820
-122.5	42.073995918	820
-122.944382638	42.5	820
-122.909349889	43	820
-122.5	43.4825790823	820
-122.354538202	43.5	820
-122	43.5608249903	820
> 830 contour -Z830
-122	43.5460705757	830
-121.743851781	43.5	830
-121.5	43.4375325739	830
-121.169204473	43	830
-121.262103945	42.5	830
-121.5	42.2835304439	830
-122	42.090924263	830
-122.5	42.0787698627	830
-122.939402729	42.5	830
-122.900613129	43	830
-122.5	43.4722793698	830
-122.268537372	43.5	830
-122	43.5460705757	830
> 840 contour -Z840
-122	43.531316191	840
-121.825884894	43.5	840
-121.5	43.4165181518	840
-121.18509239	43	840
-121.273928285	42.5	840
-121.5	42.2942897975	840
-122	42.0966173112	840
-122.5	42.0835437775	840
-122.934422851	42.5	840
-122.89187637	43	840
-122.5	43.4619796872	840
-122.182536542	43.5	840
-122	43.531316191	840
> 850 contour -Z850
-122	43.5165617764	850
-121.907918021	43.5	850
-121.5	43.3955037594	850
-121.200980276	43	850
-121.285752609	42.5	850
-121.5	42.3050491512	850
-122	42.1023103595	850
-122.5	42.0883177221	850
-122.929442972	42.5	850
-122.88313958	43	850
-122.5	43.4516799748	850
-122.09653572	43.5	850
-122	43.5165617764	850
> 860 contour -Z860
-122	43.5018073916	860
-121.989951143	43.5	860
-121.5	43.374489367	860
-121.216868162	43	860
-121.297576934	42.5	860
-121.5	42.3158084899	860
-122	42.1080034077	860
-122.5	42.0930916369	860
-122.924463093	42.5	860
-122.874402821	43	860
-122.5	43.4413802922	860
-122.010534891	43.5	860
-122	43.5018073916	860
> 870 contour -Z870
-122.5	43.4310805798	870
-122	43.4902679622	870
-121.5	43.3534749448	870
-121.232756048	43	870
-121.309401259	42.5	870
-121.5	42.3265678436	870
-122	42.113696456	870
-122.5	42.0978655815	870
-122.919483185	42.5	870
-122.865666062	43	870
-122.5	43.4310805798	870
> 880 contour -Z880
-122.5	43.4207808822	880
-122	43.4791773558	880
-121.5	43.3324605525	880
-121.248643935	43	880
-121.321225598	42.5	880
-121.5	42.3373271972	880
-122	42.1193895042	880
-122.5	42.1026394963	880
-122.914503306	42.5	880
-122.856929302	43	880
-122.5	43.4207808822	880
> 890 contour -Z890
-122.5	43.4104811773	890
-122	43.4680867493	890
-121.5	43.3114461601	890
-121.264531836	43	890
-121.333049923	42.5	890
-121.5	42.3480865508	890
-122	42.1250825524	890
-122.5	42.1074134409	890
-122.909523427	42.5	890
-122.848192513	43	890
-122.5	43.4104811773	890
> 900 contour -Z900
-122.5	43.4001814798	900
-122	43.4569961429	900
-121.5	43.2904317379	900
-121.280419722	43	900
-121.344874248	42.5	900
-121.5	42.3588459045	900
-122	42.1307756007	900
-122.5	42.1121873558	900
-122.904543549	42.5	900
-122.839455754	43	900
-122.5	43.4001814798	900
> 910 contour -Z910
-122.5	43.3898817748	910
-122	43.4459055364	910
-121.5	43.2694173455	910
-121.296307623	43	910
-121.356698573	42.5	910
-121.5	42.3696052581	910
-122	42.1364686489	910
-122.5	42.1169613004	910
-122.89956364	42.5	910
-122.830718994	43	910
-122.5	43.3898817748	910
> 920 contour -Z920
-122.5	43.3795820773	920
-122	43.43481493	920
-121.5	43.2484029531	920
-121.31219551	43	920
-121.368522912	42.5	920
-121.5	42.3803646043	920
-122	42.1421616971	920
-122.5	42.121735245	920
-122.894583762	42.5	920
-122.821982205	43	920
-122.5	43.3795820773	920
> 930 contour -Z930
-122.5	43.3692823797	930
-122	43.4237243235	930
-121.5	43.2273885459	930
-121.328083396	43	930
-121.380347237	42.5	930
-121.5	42.3911239579	930
-122	42.1478547454	930
-122.5	42.1265091598	930
-122.889603883	42.5	930
-122.813245445	43	930
-122.5	43.3692823797	930
> 940 contour -Z940
-122.5	43.3589826673	940
-122	43.4126337171	940
-121.5	43.2063741535	940
-121.343971297	43	940
-121.392171562	42.5	940
-121.5	42.4018833041	940
-122	42.1535477936	940
-122.5	42.1312831044	940
-122.884624004	42.5	940
-122.804508686	43	940
-122.5	43.3589826673	940
> 950 contour -Z950
-122.5	43.3486829698	950
-122	43.4015431404	950
-121.5	43.1853597462	950
-121.359859183	43	950
-121.403995894	42.5	950
-121.5	42.4126426578	950
-122	42.1592408419	950
-122.5	42.1360570192	950
-122.879644096	42.5	950
-122.795771927	43	950
-122.5	43.3486829698	950
> 960 contour -Z960
-122.5	43.3383832723	960
-122	43.390452534	960
-121.5	43.1643453389	960
-121.37574707	43	960
-121.415820219	42.5	960
-121.5	42.4234020114	960
-122	42.1649338901	960
-122.5	42.1408309639	960
-122.874664217	42.5	960
-122.787035137	43	960
-122.5	43.3383832723	960
> 970 contour -Z970
-122.5	43.3280835748	970
-122	43.3793619275	970
-121.5	43.1433309466	970
-121.391634963	43	970
-121.427644551	42.5	970
-121.5	42.4341613576	970
-122	42.1706269383	970
-122.5	42.1456048787	970
-122.869684339	42.5	970
-122.778298378	43	970
-122.5	43.3280835748	970
> 980 contour -Z980
-122.5	43.3177838624	980
-122	43.3682713211	980
-121.5	43.1223165393	980
-121.407522857	43	980
-121.439468879	42.5	980
-121.5	42.4449207112	980
-122	42.1763199866	980
-122.5	42.1503788233	980
-122.86470446	42.5	980
-122.769561619	43	980
-122.5	43.3177838624	980
> 990 contour -Z990
-122.5	43.3074841648	990
-122	43.3571807146	990
-121.5	43.1013021395	990
-121.423410743	43	990
-121.451293208	42.5	990
-121.5	42.4556800611	990
-122	42.1820130348	990
-122.5	42.1551527381	990
-122.859724551	42.5	990
-122.760824829	43	990
-122.5	43.3074841648	990
> 1000 contour -Z1000
-122.5	43.2971844673	1000
-122	43.3460901082	1000
-121.5	43.0802877396	1000
-121.439298637	43	1000
-121.463117536	42.5	1000
-121.5	42.4664394148	1000
-122	42.1877060831	1000
-122.5	42.1599266827	1000
-122.854744673	42.5	1000
-122.75208807	43	1000
-122.5	43.2971844673	1000
> 1010 contour -Z1010
-122.5	43.2868847698	1010
-122	43.3349995017	1010
-121.5	43.0592733361	1010
-121.455186527	43	1010
-121.474941863	42.5	1010
-121.5	42.4771987647	1010
-122	42.1933991313	1010
-122.5	42.1647005975	1010
-122.849764794	42.5	1010
-122.74335131	43	1010
-122.5	43.2868847698	1010
> 1020 contour -Z1020
-122.5	43.2765850723	1020
-122	43.3239088953	1020
-121.5	43.0382589325	1020
-121.471074419	43	1020
-121.486766192	42.5	1020
-121.5	42.4879581165	1020
-122	42.1990921795	1020
-122.5	42.1694745421	1020
-122.844784915	42.5	1020
-122.734614536	43	1020
-122.5	43.2765850723	1020
> 1030 contour -Z1030
-122.5	43.2662853599	1030
-122	43.3128182888	1030
-121.5	43.0172445327	1030
-121.48696231	43	1030
-121.49859052	42.5	1030
-121.5	42.4987174675	1030
-122	42.2047852278	1030
-122.5	42.174248457	1030
-122.839805007	42.5	1030
-122.725877777	43	1030
-122.5	43.2662853599	1030
> 1040 contour -Z1040
-122.5	43.2559856623	1040
-122	43.3017276824	1040
-121.503275394	43	1040
-121.508512408	42.5	1040
-122	42.210478276	1040
-122.5	42.1790224016	1040
-122.834825128	42.5	1040
-122.717141002	43	1040
-122.5	43.2559856623	1040
> 1050 contour -Z1050
-122.5	43.2456859648	1050
-122	43.2906370759	1050
-121.521533519	43	1050
-121.518176854	42.5	1050
-122	42.2161713243	1050
-122.5	42.1837963164	1050
-122.82984525	42.5	1050
-122.708404228	43	1050
-122.5	43.2456859648	1050
> 1060 contour -Z1060
-122.5	43.2353862524	1060
-122	43.2795464694	1060
-121.539791614	43	1060
-121.52784127	42.5	1060
-122	42.2218644023	1060
-122.5	42.188570261	1060
-122.824865371	42.5	1060
-122.699667469	43	1060
-122.5	43.2353862524	1060
> 1070 contour -Z1070
-122.5	43.2250865698	1070
-122	43.268455863	1070
-121.558049738	43	1070
-121.537505716	42.5	1070
-122	42.2275574505	1070
-122.5	42.1933441758	1070
-122.819885463	42.5	1070
-122.690930694	43	1070
-122.5	43.2250865698	1070
> 1080 contour -Z1080
-122.5	43.2147868574	1080
-122	43.2573652565	1080
-121.576307833	43	1080
-121.547170132	42.5	1080
-122	42.2332504988	1080
-122.5	42.1981181204	1080
-122.814905584	42.5	1080
-122.682193935	43	1080
-122.5	43.2147868574	1080
> 1090 contour -Z1090
-122.5	43.2044871449	1090
-122	43.2462746501	1090
-121.594565928	43	1090
-121.556834579	42.5	1090
-122	42.238943547	1090
-122.5	42.202892065	1090
-122.809925705	42.5	1090
-122.673457161	43	1090
-122.5	43.2044871449	1090
> 1100 contour -Z1100
-122.5	43.1941874623	1100
-122	43.2351840436	1100
-121.612824053	43	1100
-121.566499025	42.5	1100
-122	42.2446365952	1100
-122.5	42.2076659799	1100
-122.804945827	42.5	1100
-122.664720386	43	1100
-122.5	43.1941874623	1100
> 1110 contour -Z1110
-122.5	43.1838877499	1110
-122	43.2240934521	1110
-121.631082147	43	1110
-121.576163441	42.5	1110
-122	42.2503296286	1110
-122.5	42.2124399245	1110
-122.799965918	42.5	1110
-122.655983627	43	1110
-122.5	43.1838877499	1110
> 1120 contour -Z1120
-122.5	43.1735880673	1120
-122	43.2130028456	1120
-121.649340272	43	1120
-121.585827887	42.5	1120
-122	42.2560226768	1120
-122.5	42.2172138393	1120
-122.794986039	42.5	1120
-122.647246853	43	1120
-122.5	43.1735880673	1120
> 1130 contour -Z1130
-122.5	43.1632883549	1130
-122	43.2019122392	1130
-121.667598367	43	1130
-121.595492303	42.5	1130
-122	42.2617157251	1130
-122.5	42.2219877839	1130
-122.790006161	42.5	1130
-122.638510093	43	1130
-122.5	43.1632883549	1130
> 1140 contour -Z1140
-122.5	43.1529886425	1140
-122	43.1908216327	1140
-121.685856462	43	1140
-121.605156749	42.5	1140
-122	42.2674087733	1140
-122.5	42.2267616987	1140
-122.785026282	42.5	1140
-122.629773319	43	1140
-122.5	43.1529886425	1140
> 1150 contour -Z1150
-122.5	43.1426889598	1150
-122	43.1797310263	1150
-121.704114586	43	1150
-121.614821166	42.5	1150
-122	42.2731018364	1150
-122.5	42.2315356433	1150
-122.780046374	42.5	1150
-122.621036552	43	1150
-122.5	43.1426889598	1150
> 1160 contour -Z1160
-122.5	43.1323892474	1160
-122	43.1686404198	1160
-121.722372681	43	1160
-121.624485612	42.5	1160
-122	42.2787948847	1160
-122.5	42.2363095582	1160
-122.775066495	42.5	1160
-122.612299785	43	1160
-122.5	43.1323892474	1160
> 1170 contour -Z1170
-122.5	43.1220895648	1170
-122	43.1575498134	1170
-121.740630805	43	1170
-121.634150028	42.5	1170
-122	42.2844879329	1170
-122.5	42.2410835028	1170
-122.770086616	42.5	1170
-122.603563018	43	1170
-122.5	43.1220895648	1170
> 1180 contour -Z1180
-122.5	43.1117898524	1180
-122	43.1464592069	1180
-121.7588889	43	1180
-121.643814474	42.5	1180
-122	42.2901809812	1180
-122.5	42.2458574176	1180
-122.765106738	42.5	1180
-122.594826251	43	1180
-122.5	43.1117898524	1180
> 1190 contour -Z1190
-122.5	43.10149014	1190
-122	43.1353686005	1190
-121.77714701	43	1190
-121.653478891	42.5	1190
-122	42.2958740294	1190
-122.5	42.2506313622	1190
-122.760126829	42.5	1190
-122.586089477	43	1190
-122.5	43.10149014	1190
> 1200 contour -Z1200
-122.5	43.0911904573	1200
-122	43.1242780015	1200
-121.79540512	43	1200
-121.663143337	42.5	1200
-122	42.3015670776	1200
-122.5	42.2554052919	1200
-122.75514695	42.5	1200
-122.57735271	43	1200
-122.5	43.0911904573	1200
> 1210 contour -Z1210
-122.5	43.0808907449	1210
-122	43.113187395	1210
-121.813663229	43	1210
-121.672807753	42.5	1210
-122	42.3072601259	1210
-122.5	42.2601792216	1210
-122.750167072	42.5	1210
-122.568615943	43	1210
-122.5	43.0808907449	1210
> 1220 contour -Z1220
-122.5	43.0705910325	1220
-122	43.1020967886	1220
-121.831921324	43	1220
-121.682472199	42.5	1220
-122	42.3129531741	1220
-122.5	42.2649531513	1220
-122.745187178	42.5	1220
-122.559879176	43	1220
-122.5	43.0705910325	1220
> 1230 contour -Z1230
-122.5	43.0602913499	1230
-122	43.0910061821	1230
-121.850179434	43	1230
-121.692136616	42.5	1230
-122	42.3186462224	1230
-122.5	42.2697270811	1230
-122.7402073	42.5	1230
-122.551142409	43	1230
-122.5	43.0602913499	1230
> 1240 contour -Z1240
-122.5	43.0499916375	1240
-122	43.0799155831	1240
-121.868437544	43	1240
-121.701801062	42.5	1240
-122	42.3243392706	1240
-122.5	42.2745010108	1240
-122.735227406	42.5	1240
-122.542405639	43	1240
-122.5	43.0499916375	1240
> 1250 contour -Z1250
-122.5	43.0396919549	1250
-122	43.0688249767	1250
-121.886695653	43	1250
-121.711465508	42.5	1250
-122	42.3300323188	1250
-122.5	42.2792749405	1250
-122.730247527	42.5	1250
-122.533668872	43	1250
-122.5	43.0396919549	1250
> 1260 contour -Z1260
-122.5	43.0293922424	1260
-122	43.0577343702	1260
-121.904953763	43	1260
-121.721129924	42.5	1260
-122	42.3357253671	1260
-122.5	42.2840488702	1260
-122.725267634	42.5	1260
-122.524932103	43	1260
-122.5	43.0293922424	1260
> 1270 contour -Z1270
-122.5	43.01909253	1270
-122	43.0466437638	1270
-121.923211865	43	1270
-121.73079437	42.5	1270
-122	42.3414184153	1270
-122.5	42.2888227999	1270
-122.720287755	42.5	1270
-122.516195336	43	1270
-122.5	43.01909253	1270
> 1280 contour -Z1280
-122.5	43.0087928474	1280
-122	43.0355531611	1280
-121.941469975	43	1280
-121.740458786	42.5	1280
-122	42.3471114635	1280
-122.5	42.2935967296	1280
-122.715307862	42.5	1280
-122.507458568	43	1280
-122.5	43.0087928474	1280
> 1290 contour -Z1290
-122	43.0244625509	1290
-121.959728081	43	1290
-121.750123218	42.5	1290
-122	42.3528045118	1290
-122.5	42.2983706594	1290
-122.710327968	42.5	1290
-122.5	42.9982739985	1290
-122.468898565	43	1290
-122	43.0244625509	1290
> 1300 contour -Z1300
-122	43.0133719444	1300
-121.977986189	43	1300
-121.759787649	42.5	1300
-122	42.35849756	1300
-122.5	42.3031445891	1300
-122.705348089	42.5	1300
-122.5	42.986476481	1300
-122.256313711	43	1300
-122	43.0133719444	1300
> 1310 contour -Z1310
-122	43.002281338	1310
-121.996244295	43	1310
-121.769452095	42.5	1310
-122	42.3641906232	1310
-122.5	42.3079185188	1310
-122.700368196	42.5	1310
-122.5	42.9746789634	1310
-122.043728851	43	1310
-122	43.002281338	1310
> 1320 contour -Z1320
-122.5	42.9628814571	1320
-122	42.9832069278	1320
-121.779116526	42.5	1320
-122	42.3698836714	1320
-122.5	42.3126924485	1320
-122.695388317	42.5	1320
-122.5	42.9628814571	1320
> 1330 contour -Z1330
-122.5	42.9510839395	1330
-122	42.9620649219	1330
-121.788780957	42.5	1330
-122	42.3755767122	1330
-122.5	42.3174663782	1330
-122.690408424	42.5	1330
-122.5	42.9510839395	1330
> 1340 contour -Z1340
-122.5	42.939286422	1340
-122	42.9409228861	1340
-121.798445389	42.5	1340
-122	42.3812697604	1340
-122.5	42.3222403228	1340
-122.685428545	42.5	1340
-122.5	42.939286422	1340
> 1350 contour -Z1350
-122.5	42.9274889082	1350
-122	42.9197808802	1350
-121.80810982	42.5	1350
-122	42.3869628161	1350
-122.5	42.3270142525	1350
-122.680448651	42.5	1350
-122.5	42.9274889082	1350
> 1360 contour -Z1360
-122.5	42.9156913906	1360
-122	42.8986388743	1360
-121.817774251	42.5	1360
-122	42.3926558644	1360
-122.5	42.3317881823	1360
-122.675468773	42.5	1360
-122.5	42.9156913906	1360
> 1370 contour -Z1370
-122.5	42.9038938731	1370
-122	42.8774968684	1370
-121.827438682	42.5	1370
-122	42.3983489126	1370
-122.5	42.336562112	1370
-122.670488879	42.5	1370
-122.5	42.9038938731	1370
> 1380 contour -Z1380
-122.5	42.8920963556	1380
-122	42.8563548625	1380
-121.837103114	42.5	1380
-122	42.4040419608	1380
-122.5	42.3413360417	1380
-122.665509	42.5	1380
-122.5	42.8920963556	1380
> 1390 contour -Z1390
-122.5	42.880298838	1390
-122	42.8352128565	1390
-121.846767545	42.5	1390
-122	42.4097350091	1390
-122.5	42.3461099714	1390
-122.660529107	42.5	1390
-122.5	42.880298838	1390
> 1400 contour -Z1400
-122.5	42.8685013205	1400
-122	42.8140708506	1400
-121.856431976	42.5	1400
-122	42.4154280573	1400
-122.5	42.3508839011	1400
-122.655549228	42.5	1400
-122.5	42.8685013205	1400
> 1410 contour -Z1410
-122.5	42.8567038029	1410
-122	42.7929288447	1410
-121.866096407	42.5	1410
-122	42.4211211056	1410
-122.5	42.3556578308	1410
-122.650569335	42.5	1410
-122.5	42.8567038029	1410
> 1420 contour -Z1420
-122.5	42.8449062854	1420
-122	42.7717868388	1420
-121.875760846	42.5	1420
-122	42.4268141538	1420
-122.5	42.3604317605	1420
-122.645589456	42.5	1420
-122.5	42.8449062854	1420
> 1430 contour -Z1430
-122.5	42.8331087679	1430
-122	42.750644803	1430
-121.885425277	42.5	1430
-122	42.4325072095	1430
-122.5	42.3652056903	1430
-122.640609562	42.5	1430
-122.5	42.8331087679	1430
> 1440 contour -Z1440
-122.5	42.8213112503	1440
-122	42.729502812	1440
-121.895089708	42.5	1440
-122	42.438200254	1440
-122.5	42.36997962	1440
-122.635629684	42.5	1440
-122.5	42.8213112503	1440
> 1450 contour -Z1450
-122.5	42.8095137328	1450
-122	42.7083607912	1450
-121.904754139	42.5	1450
-122	42.443893306	1450
-122.5	42.3747535497	1450
-122.63064979	42.5	1450
-122.5	42.8095137328	1450
> 1460 contour -Z1460
-122.5	42.7977162153	1460
-122	42.6872187853	1460
-121.914418571	42.5	1460
-122	42.4495863542	1460
-122.5	42.3795274869	1460
-122.625669912	42.5	1460
-122.5	42.7977162153	1460
> 1470 contour -Z1470
-122.5	42.7859186977	1470
-122	42.6660767794	1470
-121.924083002	42.5	1470
-122	42.4552794024	1470
-122.5	42.3843014166	1470
-122.620690025	42.5	1470
-122.5	42.7859186977	1470
> 1480 contour -Z1480
-122.5	42.7741211802	1480
-122	42.6449347734	1480
-121.933747441	42.5	1480
-122	42.4609724507	1480
-122.5	42.3890753463	1480
-122.615710139	42.5	1480
-122.5	42.7741211802	1480
> 1490 contour -Z1490
-122.5	42.7623236626	1490
-122	42.6237927601	1490
-121.943411872	42.5	1490
-122	42.4666655026	1490
-122.5	42.393849276	1490
-122.610730253	42.5	1490
-122.5	42.7623236626	1490
> 1500 contour -Z1500
-122.5	42.7505261451	1500
-122	42.6026507542	1500
-121.953076303	42.5	1500
-122	42.4723585509	1500
-122.5	42.3986232057	1500
-122.605750367	42.5	1500
-122.5	42.7505261451	1500
> 1510 contour -Z1510
-122.5	42.7387286425	1510
-122	42.5815087408	1510
-121.962740734	42.5	1510
-122	42.4780515991	1510
-122.5	42.4033971354	1510
-122.600770481	42.5	1510
-122.5	42.7387286425	1510
> 1520 contour -Z1520
-122.5	42.7269311249	1520
-122	42.5603667349	1520
-121.972405167	42.5	1520
-122	42.4837446492	1520
-122.5	42.4081710652	1520
-122.595790595	42.5	1520
-122.5	42.7269311249	1520
> 1530 contour -Z1530
-122.5	42.7151336074	1530
-122	42.5392247252	1530
-121.9820696	42.5	1530
-122	42.4894376984	1530
-122.5	42.4129449949	1530
-122.590810709	42.5	1530
-122.5	42.7151336074	1530
> 1540 contour -Z1540
-122.5	42.7033360898	1540
-122	42.5180827156	1540
-121.991734032	42.5	1540
-122	42.4951307471	1540
-122.5	42.417718932	1540
-122.585830823	42.5	1540
-122.5	42.7033360898	1540
> 1550 contour -Z1550
-122.5	42.6915385723	1550
-122.004416972	42.5	1550
-122.5	42.4224928617	1550
-122.580850936	42.5	1550
-122.5	42.6915385723	1550
> 1560 contour -Z1560
-122.5	42.6797410548	1560
-122.034941643	42.5	1560
-122.5	42.4272667915	1560
-122.57587105	42.5	1560
-122.5	42.6797410548	1560
> 1570 contour -Z1570
-122.5	42.6679435372	1570
-122.065466285	42.5	1570
-122.5	42.4320407212	1570
-122.570891164	42.5	1570
-122.5	42.6679435372	1570
> 1580 contour -Z1580
-122.5	42.6561460197	1580
-122.095990956	42.5	1580
-122.5	42.4368146509	1580
-122.565911278	42.5	1580
-122.5	42.6561460197	1580
> 1590 contour -Z1590
-122.5	42.6443485022	1590
-122.126515627	42.5	1590
-122.5	42.4415885806	1590
-122.560931388	42.5	1590
-122.5	42.6443485022	1590
> 1600 contour -Z1600
-122.5	42.6325509846	1600
-122.157040268	42.5	1600
-122.5	42.4463625103	1600
-122.555951502	42.5	1600
-122.5	42.6325509846	1600
> 1610 contour -Z1610
-122.5	42.6207534671	1610
-122.187564939	42.5	1610
-122.5	42.4511364438	1610
-122.550971616	42.5	1610
-122.5	42.6207534671	1610
> 1620 contour -Z1620
-122.5	42.6089559495	1620
-122.218089581	42.5	1620
-122.5	42.4559103735	1620
-122.54599173	42.5	1620
-122.5	42.6089559495	1620
> 1630 contour -Z1630
-122.5	42.597158432	1630
-122.248614252	42.5	1630
-122.5	42.4606843032	1630
-122.541011844	42.5	1630
-122.5	42.597158432	1630
> 1640 contour -Z1640
-122.5	42.5853609145	1640
-122.279138908	42.5	1640
-122.5	42.4654582329	1640
-122.536031958	42.5	1640
-122.5	42.5853609145	1640
> 1650 contour -Z1650
-122.5	42.5735633969	1650
-122.309663564	42.5	1650
-122.5	42.4702321645	1650
-122.531052072	42.5	1650
-122.5	42.5735633969	1650
> 1660 contour -Z1660
-122.5	42.5617658794	1660
-122.34018822	42.5	1660
-122.5	42.4750060961	1660
-122.526072185	42.5	1660
-122.5	42.5617658794	1660
> 1670 contour -Z1670
-122.5	42.5499683619	1670
-122.370712876	42.5	1670
-122.5	42.4797800258	1670
-122.521092298	42.5	1670
-122.5	42.5499683619	1670
> 1680 contour -Z1680
-122.5	42.5381708443	1680
-122.401237532	42.5	1680
-122.5	42.4845539564	1680
-122.516112411	42.5	1680
-122.5	42.5381708443	1680
> 1690 contour -Z1690
-122.5	42.5263733268	1690
-122.431762189	42.5	1690
-122.5	42.4893278871	1690
-122.511132526	42.5	1690
-122.5	42.5263733268	1690
> 1700 contour -Z1700
-122.5	42.5145758092	1700
-122.462286845	42.5	1700
-122.5	42.4941018182	1700
-122.50615264	42.5	1700
-122.5	42.5145758092	1700
> 1710 contour -Z1710
-122.5	42.5027782917	1710
-122.492811503	42.5	1710
-122.5	42.4988757487	1710
-122.501172754	42.5	1710
-122.5	42.5027782917	1710
