> 10 contour -Z10
-118	46.1197066009	10
-117.5	46.2028158605	10
-117	46.2546405196	10
-116.5	46.2914353907	10
-116	46.3188915551	10
-115.5	46.3340644538	10
-115	46.3323532343	10
-114.5	46.2950791717	10
-114	46.1913323551	10
-113.506831557	46	10
-113.5	45.9974180162	10
-113	45.7345035374	10
-112.694538802	45.5	10
-112.5	45.2577285469	10
-112.307393014	45	10
-112.100691795	44.5	10
-112.034188002	44	10
-112.063994527	43.5	10
-112.18771559	43	10
-112.442060132	42.5	10
-112.5	42.4267143458	10
-112.816017747	42	10
-113	41.7974137664	10
-113.27310653	41.5	10
-113.5	41.2759349048	10
-113.798377857	41	10
-114	40.8178534359	10
-114.39406345	40.5	10
-114.5	40.4076717198	10
-115	40.0107998848	10
-115.013925165	40	10
-115.5	39.5897906423	10
-115.605342507	39.5	10
-116	39.1528330445	10
-116.167497396	39	10
-116.5	38.7320053577	10
-116.798321158	38.5	10
-117	38.3552895933	10
-117.5	38.0287536383	10
-117.542255819	38	10
-118	37.6990270317	10
-118.39170216	37.5	10
-118.5	37.4342292473	10
-119	37.1762741804	10
-119.5	37.0089463294	10
-119.52967456	37	10
-120	36.7916705906	10
-120.5	36.6396561563	10
-121	36.5285944045	10
-121.164067477	36.5	10
-121.5	36.3885898218	10
-122	36.2955691665	10
-122.5	36.2658568323	10
-123	36.2844499946	10
-123.5	36.3319441527	10
-124	36.4170329571	10
-124.293393821	36.5	10
-124.5	36.5354234576	10
-125	36.6680715084	10
-125.5	36.9037883952	10
-125.660213143	37	10
-126	37.153242439	10
-126.5	37.4613766223	10
-126.556076802	37.5	10
-127	37.7835935503	10
-127.252111048	38	10
-127.5	38.280297488	10
-127.678822279	38.5	10
-127.91632992	39	10
-128	39.4441693947	10
-128.016636623	39.5	10
-128.028395619	40	10
-128	40.0918366462	10
-127.930675894	40.5	10
-127.755084455	41	10
-127.5	41.4344422519	10
-127.46783486	41.5	10
-127.129773721	42	10
-127	42.1370937824	10
-126.548349641	42.5	10
-126.5	42.5378388539	10
-126	42.8961263895	10
-125.827900708	43	10
-125.5	43.2309934646	10
-125.006008335	43.5	10
-125	43.504260947	10
-124.5	43.878462851	10
-124.291169465	44	10
-124	44.2034840733	10
-123.5	44.4380791783	10
-123.303365231	44.5	10
-123	44.6731495708	10
-122.5	44.8713343441	10
-122	44.9697455466	10
-121.838280946	45	10
-121.5	45.1922968328	10
-121	45.3758456707	10
-120.5	45.4823831618	10
-120.407631129	45.5	10
-120	45.7054499686	10
-119.5	45.8462492228	10
-119	45.9331568778	10
-118.5	45.9973286092	10
-118.475413144	46	10
-118	46.1197066009	10
> 20 contour -Z20
-119.5	45.5706608295	20
-119	45.6946868896	20
-118.5	45.772841543	20
-118	45.8262311816	20
-117.5	45.8684111536	20
-117	45.8988807797	20
-116.5	45.9201710224	20
-116	45.9320732653	20
-115.5	45.9272022843	20
-115	45.8935987055	20
-114.5	45.8106642365	20
-114	45.6295116842	20
-113.764262035	45.5	20
-113.5	45.3181127608	20
-113.170320243	45	20
-113	44.6795505732	20
-112.900383636	44.5	20
-112.764411882	44	20
-112.784831315	43.5	20
-112.94302047	43	20
-113	42.8972748443	20
-113.193278819	42.5	20
-113.5	42.1236383915	20
-113.60034439	42	20
-114	41.5949028432	20
-114.102475524	41.5	20
-114.5	41.1465758383	20
-114.691560835	41	20
-115	40.749317646	20
-115.341348544	40.5	20
-115.5	40.3695391119	20
-115.958706528	40	20
-116	39.9635645859	20
-116.498897643	39.5	20
-116.5	39.4989724061	20
-117	39.0110902786	20
-117.011227816	39	20
-117.5	38.5763122439	20
-117.587322712	38.5	20
-118	38.1865319908	20
-118.265166953	38	20
-118.5	37.8479507565	20
-119	37.5769905746	20
-119.165617943	37.5	20
-119.5	37.3296030462	20
-120	37.1381308436	20
-120.480365086	37	20
-120.5	36.9919672841	20
-121	36.8059407622	20
-121.5	36.68467623	20
-122	36.6183508933	20
-122.5	36.6010715663	20
-123	36.6282247901	20
-123.5	36.6856297255	20
-124	36.7729311585	20
-124.5	36.9055744559	20
-124.736905664	37	20
-125	37.080191344	20
-125.5	37.2994872332	20
-125.83038196	37.5	20
-126	37.590423882	20
-126.5	37.9159796387	20
-126.608727738	38	20
-127	38.3534809947	20
-127.136550397	38.5	20
-127.434859008	39	20
-127.5	39.2433102131	20
-127.587286226	39.5	20
-127.61412216	40	20
-127.5	40.4896943569	20
-127.4984698	40.5	20
-127.320760787	41	20
-127	41.4875061512	20
-126.992003292	41.5	20
-126.543450359	42	20
-126.5	42.039053496	20
-126	42.4343237579	20
-125.908040255	42.5	20
-125.5	42.8088796139	20
-125.22147347	43	20
-125	43.1642244756	20
-124.5	43.4964381754	20
-124.495318174	43.5	20
-124	43.8913809955	20
-123.81754294	44	20
-123.5	44.2163791806	20
-123	44.440978229	20
-122.802134782	44.5	20
-122.5	44.6726535857	20
-122	44.8535610437	20
-121.5	44.9615371525	20
-121.333394319	45	20
-121	45.179181084	20
-120.5	45.3418982327	20
-120	45.4433335066	20
-119.682361275	45.5	20
-119.5	45.5706608295	20
> 30 contour -Z30
-118.5	45.5483545065	30
-118	45.6005281135	30
-117.5	45.6330948621	30
-117	45.6555717885	30
-116.5	45.6686619967	30
-116	45.6673549116	30
-115.5	45.6402582526	30
-115	45.5629546121	30
-114.765286058	45.5	30
-114.5	45.4259717762	30
-114	45.1709140539	30
-113.781504542	45	30
-113.5	44.6128656119	30
-113.427428216	44.5	30
-113.251650572	44	30
-113.247183502	43.5	30
-113.406416848	43	30
-113.5	42.8449572325	30
-113.692996204	42.5	30
-114	42.1449289024	30
-114.136686772	42	30
-114.5	41.656324476	30
-114.682699949	41.5	30
-115	41.2375760674	30
-115.331705898	41	30
-115.5	40.8665391207	30
-116	40.5027854443	30
-116.003734887	40.5	30
-116.5	40.0581327081	30
-116.559551537	40	30
-117	39.5501629412	30
-117.043888718	39.5	30
-117.5	39.0477572978	30
-117.55030182	39	30
-118	38.5929554999	30
-118.106671125	38.5	30
-118.5	38.1961575747	30
-118.788297325	38	30
-119	37.8695080131	30
-119.5	37.6084370911	30
-119.751962632	37.5	30
-120	37.3857659474	30
-120.5	37.200024575	30
-121	37.0543706715	30
-121.231963515	37	30
-121.5	36.9187695831	30
-122	36.8351107836	30
-122.5	36.8206490874	30
-123	36.8679869473	30
-123.5	36.959662389	30
-123.671842143	37	30
-124	37.0651720464	30
-124.5	37.1867010891	30
-125	37.3632529229	30
-125.264799416	37.5	30
-125.5	37.6027981341	30
-126	37.8989325315	30
-126.144190177	38	30
-126.5	38.2667634487	30
-126.748698115	38.5	30
-127	38.8482883126	30
-127.103184074	39	30
-127.284927547	39.5	30
-127.321310729	40	30
-127.243432775	40.5	30
-127	40.9973945022	30
-126.998930037	41	30
-126.678405657	41.5	30
-126.5	41.6912011653	30
-126.170018703	42	30
-126	42.1395472437	30
-125.5	42.4977010489	30
-125.497277021	42.5	30
-125	42.9010595381	30
-124.881969005	43	30
-124.5	43.3099544942	30
-124.250196099	43.5	30
-124	43.697695151	30
-123.5	43.9981509745	30
-123.496336967	44	30
-123	44.3372674584	30
-122.5	44.4938367009	30
-122.469872594	44.5	30
-122	44.7373765558	30
-121.5	44.8770591617	30
-121	44.9931672215	30
-120.970806509	45	30
-120.5	45.2014132887	30
-120	45.3164492548	30
-119.5	45.4031669796	30
-119	45.4742366076	30
-118.76992473	45.5	30
-118.5	45.5483545065	30
> 40 contour -Z40
-120.5	45.0609283745	40
-120	45.1895650327	40
-119.5	45.2729450762	40
-119	45.3339133263	40
-118.5	45.3760466278	40
-118	45.4015339613	40
-117.5	45.4170390368	40
-117	45.4288729429	40
-116.5	45.4333036542	40
-116	45.4221916497	40
-115.5	45.379028827	40
-115	45.2798564136	40
-114.5	45.0819745287	40
-114.360152617	45	40
-114	44.6874935925	40
-113.849480852	44.5	40
-113.642975777	44	40
-113.61052826	43.5	40
-113.756446049	43	40
-114	42.6271253526	40
-114.082981735	42.5	40
-114.5	42.0651437938	40
-114.57070446	42	40
-115	41.6182637215	40
-115.14526996	41.5	40
-115.5	41.2221593857	40
-115.816415995	41	40
-116	40.8553698361	40
-116.476503331	40.5	40
-116.5	40.4790789038	40
-116.990771855	40	40
-117	39.9905751478	40
-117.429215416	39.5	40
-117.5	39.4298157915	40
-117.952716324	39	40
-118	38.9572011605	40
-118.5	38.5161989927	40
-118.519923002	38.5	40
-119	38.1401852965	40
-119.222271264	38	40
-119.5	37.8398435563	40
-120	37.6052354276	40
-120.268223524	37.5	40
-120.5	37.4047161117	40
-121	37.2354251146	40
-121.5	37.1123421192	40
-122	37.0417248309	40
-122.5	37.0333430469	40
-123	37.0879830718	40
-123.5	37.1809924245	40
-124	37.2970184535	40
-124.5	37.4373402148	40
-124.662993893	37.5	40
-125	37.6085878611	40
-125.5	37.8423649818	40
-125.747294098	38	40
-126	38.160423696	40
-126.414593667	38.5	40
-126.5	38.5915334523	40
-126.827542186	39	40
-127	39.4659768343	40
-127.013645446	39.5	40
-127.071360715	40	40
-127	40.4312686324	40
-126.991678536	40.5	40
-126.784934729	41	40
-126.5	41.3777090311	40
-126.400558203	41.5	40
-126	41.8836551905	40
-125.867993593	42	40
-125.5	42.2960393727	40
-125.258419722	42.5	40
-125	42.7084184289	40
-124.652157903	43	40
-124.5	43.123470813	40
-124.005074045	43.5	40
-124	43.5040093111	40
-123.5	43.9211081862	40
-123.343711823	44	40
-123	44.2335566729	40
-122.5	44.4467884898	40
-122.239892378	44.5	40
-122	44.621192053	40
-121.5	44.792581141	40
-121	44.9163079858	40
-120.642420903	45	40
-120.5	45.0609283745	40
> 50 contour -Z50
-120	45.0626807809	50
-119.5	45.1427231878	50
-119	45.1935900301	50
-118.5	45.2180637717	50
-118	45.2239897698	50
-117.5	45.2260608822	50
-117	45.2316265106	50
-116.5	45.2308253348	50
-116	45.2106409967	50
-115.5	45.1423872113	50
-115	45.0079399552	50
-114.98154003	45	50
-114.5	44.7300850302	50
-114.246584982	44.5	50
-114	44.0239602719	50
-113.988996513	44	50
-113.919094011	43.5	50
-114	43.2440452278	50
-114.067655355	43	50
-114.40750961	42.5	50
-114.5	42.4035533369	50
-114.938000444	42	50
-115	41.944869034	50
-115.5	41.5314520299	50
-115.540503711	41.5	50
-116	41.154925108	50
-116.224600166	41	50
-116.5	40.7839259058	50
-116.840340927	40.5	50
-117	40.3435130417	50
-117.286173806	40	50
-117.5	39.7637479454	50
-117.720288157	39.5	50
-118	39.229937464	50
-118.268302366	39	50
-118.5	38.7907583565	50
-118.857601166	38.5	50
-119	38.3932729587	50
-119.5	38.0651639998	50
-119.615865082	38	50
-120	37.8005860597	50
-120.5	37.5958675742	50
-120.768377244	37.5	50
-121	37.416479595	50
-121.5	37.2843821794	50
-122	37.2160866559	50
-122.5	37.215346545	50
-123	37.2837621123	50
-123.5	37.3932255507	50
-123.900812656	37.5	50
-124	37.5261730254	50
-124.5	37.6537263393	50
-125	37.8186630756	50
-125.358114898	38	50
-125.5	38.0661482811	50
-126	38.3990074545	50
-126.123303279	38.5	50
-126.5	38.9037212804	50
-126.57720422	39	50
-126.805109739	39.5	50
-126.864534348	40	50
-126.808789641	40.5	50
-126.570939414	41	50
-126.5	41.0940371826	50
-126.169888377	41.5	50
-126	41.6627193093	50
-125.617316768	42	50
-125.5	42.0943776742	50
-125.01956242	42.5	50
-125	42.5157773122	50
-124.5	42.9670630395	50
-124.47191748	43	50
-124	43.4264524877	50
-123.910076767	43.5	50
-123.5	43.844065398	50
-123.19108668	44	50
-123	44.1298458874	50
-122.5	44.3997403085	50
-122.009912143	44.5	50
-122	44.5050075492	50
-121.5	44.7081031352	50
-121	44.8394487798	50
-120.5	44.9532516897	50
-120.232952937	45	50
-120	45.0626807809	50
> 60 contour -Z60
-119.5	45.0125012994	60
-119	45.0532667413	60
-118.5	45.0600809045	60
-118	45.0464455821	60
-117.5	45.0350827239	60
-117	45.034380056	60
-116.5	45.0283469968	60
-116.014899254	45	60
-116	44.9990817606	60
-115.5	44.9048722088	60
-115	44.7261185944	60
-114.652187139	44.5	60
-114.5	44.3222323954	60
-114.301826745	44	60
-114.204060197	43.5	60
-114.338276714	43	60
-114.5	42.7723602653	60
-114.703726918	42.5	60
-115	42.2221271694	60
-115.267043635	42	60
-115.5	41.8030583113	60
-115.890276298	41.5	60
-116	41.4175991341	60
-116.5	41.0695687532	60
-116.59972623	41	60
-117	40.6664064229	60
-117.152127385	40.5	60
-117.5	40.0874943137	60
-117.555030078	40	60
-117.990149998	39.5	60
-118	39.4904897958	60
-118.5	39.0452625751	60
-118.563177228	39	60
-119	38.6300603151	60
-119.177077651	38.5	60
-119.5	38.2768042535	60
-119.992172793	38	60
-120	37.9959367029	60
-120.5	37.7752269208	60
-121	37.5972137153	60
-121.340088367	37.5	60
-121.5	37.4564222395	60
-122	37.3904485032	60
-122.5	37.3973500431	60
-123	37.4795411285	60
-123.08688046	37.5	60
-123.5	37.6093963683	60
-124	37.7363983989	60
-124.5	37.8586948067	60
-124.917211294	38	60
-125	38.0244643986	60
-125.5	38.2595644146	60
-125.841548562	38.5	60
-126	38.6309966743	60
-126.350697309	39	60
-126.5	39.2934488505	60
-126.599897325	39.5	60
-126.67493929	40	60
-126.62590076	40.5	60
-126.5	40.7536664605	60
-126.38062498	41	60
-126	41.4449895918	60
-125.947797	41.5	60
-125.5	41.904738009	60
-125.408222079	42	60
-125	42.3602332473	60
-124.902530938	42.5	60
-124.5	42.8695876598	60
-124.388808548	43	60
-124	43.3513503373	60
-123.818252772	43.5	60
-123.5	43.7670226097	60
-123.038461544	44	60
-123	44.0261351187	60
-122.5	44.3526920974	60
-122	44.4664403498	60
-121.802317917	44.5	60
-121.5	44.6236251369	60
-121	44.7625895441	60
-120.5	44.8707011938	60
-120	44.9529573619	60
-119.579734139	45	60
-119.5	45.0125012994	60
> 70 contour -Z70
-121.5	44.5391471386	70
-121	44.6857303232	70
-120.5	44.7881506979	70
-120	44.8599877059	70
-119.5	44.9036596417	70
-119	44.9194871485	70
-118.5	44.8966374397	70
-118	44.8462947905	70
-117.5	44.8250610828	70
-117	44.8281581402	70
-116.5	44.8254728913	70
-116	44.7855343223	70
-115.5	44.666037783	70
-115.111055136	44.5	70
-115	44.4275864363	70
-114.618556291	44	70
-114.5	43.580589205	70
-114.48063953	43.5	70
-114.5	43.4259105548	70
-114.604503244	43	70
-114.988659604	42.5	70
-115	42.4893639078	70
-115.5	42.0649574697	70
-115.584319979	42	70
-116	41.6680871546	70
-116.245299876	41.5	70
-116.5	41.3209007978	70
-116.960008632	41	70
-117	40.966670651	70
-117.426626489	40.5	70
-117.5	40.4129940346	70
-117.759755135	40	70
-118	39.7254328132	70
-118.204686403	39.5	70
-118.5	39.2355213165	70
-118.828739166	39	70
-119	38.8549613655	70
-119.48328135	38.5	70
-119.5	38.4884444932	70
-120	38.1950597763	70
-120.397273682	38	70
-120.5	37.9545862563	70
-121	37.7776735276	70
-121.5	37.6457942724	70
-122	37.5801942348	70
-122.5	37.6002345085	70
-123	37.7084206343	70
-123.5	37.8295540214	70
-124	37.94662375	70
-124.224889249	38	70
-124.5	38.0583221018	70
-125	38.2032976747	70
-125.5	38.4529805444	70
-125.566793054	38.5	70
-126	38.8581455052	70
-126.134817198	39	70
-126.407153398	39.5	70
-126.487157732	40	70
-126.447777748	40.5	70
-126.202053592	41	70
-126	41.2362213433	70
-125.749683008	41.5	70
-125.5	41.7256741524	70
-125.235707164	42	70
-125	42.2079984397	70
-124.796367079	42.5	70
-124.5	42.7721122801	70
-124.305699587	43	70
-124	43.2762481868	70
-123.726428762	43.5	70
-123.5	43.6899798065	70
-123	43.9775087833	70
-122.948373944	44	70
-122.5	44.3056439161	70
-122	44.431369096	70
-121.595731981	44.5	70
-121.5	44.5391471386	70
> 80 contour -Z80
-121	44.6088711023	80
-120.5	44.705600217	80
-120	44.7670180798	80
-119.5	44.797088474	80
-119	44.789711386	80
-118.5	44.7298428863	80
-118	44.6381349117	80
-117.5	44.6107539311	80
-117	44.6200415865	80
-116.5	44.6225343347	80
-116	44.5719868913	80
-115.737419933	44.5	80
-115.5	44.4135908186	80
-115	44.0627827421	80
-114.943992421	44	80
-114.76869303	43.5	80
-114.864203066	43	80
-115	42.8237138987	80
-115.266529649	42.5	80
-115.5	42.3012523204	80
-115.891049586	42	80
-116	41.9130050987	80
-116.5	41.5713895559	80
-116.622485518	41.5	80
-117	41.2504507154	80
-117.306277096	41	80
-117.5	40.7828957886	80
-117.644750923	40.5	80
-117.964480191	40	80
-118	39.9594056942	80
-118.417126931	39.5	80
-118.5	39.4257800505	80
-119	39.055054307	80
-119.099018544	39	80
-119.5	38.698330164	80
-119.820214123	38.5	80
-120	38.3942629695	80
-120.5	38.160271287	80
-120.881487578	38	80
-121	37.9581333287	80
-121.5	37.841045782	80
-122	37.7959439307	80
-122.5	37.8301301301	80
-123	37.9411627874	80
-123.264103442	38	80
-123.5	38.0602680445	80
-124	38.1597917974	80
-124.5	38.246094346	80
-125	38.3821309283	80
-125.232733116	38.5	80
-125.5	38.6417469084	80
-125.917959392	39	80
-126	39.1154673696	80
-126.226236507	39.5	80
-126.321022689	40	80
-126.280183733	40.5	80
-126.023482183	41	80
-126	41.027453078	80
-125.551569011	41.5	80
-125.5	41.5466102697	80
-125.063192248	42	80
-125	42.0557636358	80
-124.690203205	42.5	80
-124.5	42.6746369004	80
-124.222590655	43	80
-124	43.2011460513	80
-123.634604767	43.5	80
-123.5	43.6129370108	80
-123	43.9474402964	80
-122.879355133	44	80
-122.5	44.2585957348	80
-122	44.3962978721	80
-121.5	44.4803614616	80
-121.362628698	44.5	80
-121	44.6088711023	80
> 90 contour -Z90
-121	44.5320118666	90
-120.5	44.623049736	90
-120	44.6740484536	90
-119.5	44.6905172914	90
-119	44.6599356085	90
-118.5	44.5630483255	90
-118.235442311	44.5	90
-118	44.3953524828	90
-117.5	44.3630462885	90
-117	44.3918089271	90
-116.5	44.4041652977	90
-116	44.3348200917	90
-115.5	44.1300957799	90
-115.321689531	44	90
-115.063081414	43.5	90
-115.134333909	43	90
-115.5	42.5545073152	90
-115.54693678	42.5	90
-116	42.1479849219	90
-116.235276967	42	90
-116.5	41.8197874129	90
-117	41.5312824845	90
-117.055794328	41.5	90
-117.5	41.162484169	90
-117.614509195	41	90
-117.842309058	40.5	90
-118	40.254354611	90
-118.125356436	40	90
-118.5	39.5990097523	90
-118.622973621	39.5	90
-119	39.2100930512	90
-119.377865225	39	90
-119.5	38.9081145152	90
-120	38.6088429391	90
-120.222961396	38.5	90
-120.5	38.374881953	90
-121	38.1976020336	90
-121.5	38.0605814159	90
-122	38.0208493471	90
-122.5	38.1022798419	90
-123	38.2551564276	90
-123.5	38.3271766901	90
-124	38.3739612401	90
-124.5	38.4338665605	90
-124.754076123	38.5	90
-125	38.5625412166	90
-125.5	38.8290198445	90
-125.699475631	39	90
-126	39.4229705408	90
-126.045319628	39.5	90
-126.154887661	40	90
-126.112589702	40.5	90
-126	40.7180744708	90
-125.840531021	41	90
-125.5	41.357437402	90
-125.376262903	41.5	90
-125	41.8900971413	90
-124.942958236	42	90
-124.58403933	42.5	90
-124.5	42.5771615207	90
-124.139481708	43	90
-124	43.1260439008	90
-123.542780768	43.5	90
-123.5	43.5358942114	90
-123	43.9173717797	90
-122.810336292	44	90
-122.5	44.2115475237	90
-122	44.3612266481	90
-121.5	44.4437633157	90
-121.1066254	44.5	90
-121	44.5320118666	90
> 100 contour -Z100
-120.5	44.5404992402	100
-120	44.5810788199	100
-119.5	44.5839461088	100
-119	44.5301598534	100
-118.863998249	44.5	100
-118.5	44.297657758	100
-118	44.0842717588	100
-117.5	44.0796156228	100
-117	44.1361590326	100
-116.5	44.1622804999	100
-116	44.0856423154	100
-115.805775508	44	100
-115.5	43.7066252977	100
-115.379436985	43.5	100
-115.415897086	43	100
-115.5	42.8975370377	100
-115.842322946	42.5	100
-116	42.3774901628	100
-116.5	42.065767467	100
-116.639255375	42	100
-117	41.8052100837	100
-117.5	41.5310851634	100
-117.533757061	41.5	100
-117.876124926	41	100
-118	40.6494149566	100
-118.026305467	40.5	100
-118.277027875	40	100
-118.5	39.761347428	100
-118.824602813	39.5	100
-119	39.3651318252	100
-119.5	39.0796959698	100
-119.72512424	39	100
-120	38.8408184201	100
-120.5	38.6206666529	100
-120.852017611	38.5	100
-121	38.4548963495	100
-121.5	38.3864628598	100
-122	38.4055238888	100
-122.5	38.4940065858	100
-122.525645288	38.5	100
-123	38.6113121808	100
-123.5	38.5977212489	100
-124	38.5918321311	100
-124.5	38.6270195544	100
-125	38.7460005581	100
-125.470438242	39	100
-125.5	39.0221363604	100
-125.857379317	39.5	100
-125.987949848	40	100
-125.941315353	40.5	100
-125.656916738	41	100
-125.5	41.1647071987	100
-125.208982885	41.5	100
-125	41.7166666389	100
-124.852944374	42	100
-124.5	42.474766314	100
-124.491991222	42.5	100
-124.056372769	43	100
-124	43.0509417616	100
-123.5	43.486359328	100
-123.480092883	43.5	100
-123	43.8873032928	100
-122.741317466	44	100
-122.5	44.1644993275	100
-122	44.3261554241	100
-121.5	44.4071651995	100
-121	44.4725349844	100
-120.728377223	44.5	100
-120.5	44.5404992402	100
> 110 contour -Z110
-122.5	44.1174511313	110
-122	44.2910842001	110
-121.5	44.3705670536	110
-121	44.4254655242	110
-120.5	44.4657417238	110
-120	44.4881343544	110
-119.5	44.4697086215	110
-119	44.3189878464	110
-118.529561043	44	110
-118.5	43.9493022263	110
-118	43.665826261	110
-117.5	43.7224195004	110
-117	43.8463510275	110
-116.5	43.8947351873	110
-116	43.7471294999	110
-115.745536804	43.5	110
-115.736893654	43	110
-116	42.6872139275	110
-116.182308823	42.5	110
-116.5	42.3053572476	110
-117	42.0846816897	110
-117.21932891	42	110
-117.5	41.8734337687	110
-117.90553198	41.5	110
-118	41.3372405618	110
-118.069764674	41	110
-118.156659752	40.5	110
-118.428699315	40	110
-118.5	39.9236851111	110
-119	39.5144443512	110
-119.031064987	39.5	110
-119.5	39.2215037048	110
-120	39.045057714	110
-120.251160532	39	110
-120.5	38.9100352675	110
-121	38.8138844818	110
-121.5	38.8393043429	110
-122	38.9717950802	110
-122.155088723	39	110
-122.5	39.0399824083	110
-123	39.0040230453	110
-123.012745321	39	110
-123.5	38.8749445379	110
-124	38.8149966151	110
-124.5	38.8230979741	110
-125	38.9294598699	110
-125.130649	39	110
-125.5	39.2765763104	110
-125.667091608	39.5	110
-125.809956908	40	110
-125.762507617	40.5	110
-125.5	40.9549426138	110
-125.47240144	41	110
-125.041702848	41.5	110
-125	41.5432361551	110
-124.762930542	42	110
-124.5	42.3536833823	110
-124.453561306	42.5	110
-124	42.9867329001	110
-123.991241515	43	110
-123.5	43.4608198106	110
-123.442820609	43.5	110
-123	43.8572348058	110
-122.67229864	44	110
-122.5	44.1174511313	110
> 120 contour -Z120
-122.5	44.07040295	120
-122	44.2560129762	120
-121.5	44.3339689374	120
-121	44.378396064	120
-120.5	44.3984895051	120
-120	44.3953613639	120
-119.5	44.3270267844	120
-119	44.0831721947	120
-118.877338782	44	120
-118.579065502	43.5	120
-118.5	43.3861138225	120
-118	43.1608565748	120
-117.5	43.289301008	120
-117.056137711	43.5	120
-117	43.5176200811	120
-116.5	43.5748785436	120
-116.302513689	43.5	120
-116.120319963	43	120
-116.5	42.6059527993	120
-116.655169576	42.5	120
-117	42.3777993023	120
-117.5	42.2722677737	120
-117.881629869	42	120
-118	41.896165207	120
-118.118747413	41.5	120
-118.202271193	41	120
-118.287014052	40.5	120
-118.5	40.1224466562	120
-118.567878515	40	120
-119	39.6254691184	120
-119.269842342	39.5	120
-119.5	39.3633114249	120
-120	39.1886450946	120
-120.5	39.1168956459	120
-121	39.1282694638	120
-121.5	39.2500361502	120
-122	39.3919952139	120
-122.5	39.4386111386	120
-123	39.3449710459	120
-123.5	39.1406137049	120
-124	39.0401955545	120
-124.5	39.0232978463	120
-125	39.1527067721	120
-125.459946066	39.5	120
-125.5	39.5706012547	120
-125.631963983	40	120
-125.583699889	40.5	120
-125.5	40.6450573057	120
-125.282590508	41	120
-125	41.3323955834	120
-124.919891119	41.5	120
-124.672916681	42	120
-124.5	42.2326004207	120
-124.41513139	42.5	120
-124	42.9454923868	120
-123.964015961	43	120
-123.5	43.4352802932	120
-123.405548334	43.5	120
-123	43.8271662891	120
-122.603279807	44	120
-122.5	44.07040295	120
> 130 contour -Z130
-122.5	44.023354739	130
-122	44.2209417373	130
-121.5	44.2973707914	130
-121	44.3313266039	130
-120.5	44.3312373161	130
-120	44.3025883734	130
-119.5	44.1843449324	130
-119.166890115	44	130
-119	43.6631103307	130
-118.899557672	43.5	130
-118.537205517	43	130
-118.5	42.9414165318	130
-118.083800465	42.5	130
-118.165385276	42	130
-118.277947605	41.5	130
-118.334777698	41	130
-118.417368352	40.5	130
-118.5	40.3535215259	130
-118.695975274	40	130
-119	39.7364938855	130
-119.5	39.5028940141	130
-119.514985174	39.5	130
-120	39.3322324455	130
-120.5	39.2865309566	130
-121	39.3792860061	130
-121.304482967	39.5	130
-121.5	39.5352793038	130
-122	39.6224575341	130
-122.5	39.6502504349	130
-123	39.6098554134	130
-123.287544683	39.5	130
-123.5	39.3967874274	130
-124	39.2752573192	130
-124.5	39.2615178823	130
-125	39.4008087814	130
-125.131366253	39.5	130
-125.428010732	40	130
-125.373525769	40.5	130
-125.092779592	41	130
-125	41.1091314927	130
-124.813178957	41.5	130
-124.582902819	42	130
-124.5	42.1115174741	130
-124.376701474	42.5	130
-124	42.9042518735	130
-123.936790407	43	130
-123.5	43.4097407758	130
-123.368276089	43.5	130
-123	43.7970978022	130
-122.534260977	44	130
-122.5	44.023354739	130
> 140 contour -Z140
-122	44.1858704984	140
-121.5	44.2607726753	140
-121	44.2842571735	140
-120.5	44.2639850974	140
-120	44.2098153681	140
-119.5	44.041663073	140
-119.424715139	44	140
-119.116780579	43.5	140
-119	43.3005926013	140
-118.764622882	43	140
-118.5	42.5833272338	140
-118.421433039	42.5	140
-118.370960549	42	140
-118.437147796	41.5	140
-118.467284217	41	140
-118.5	40.7986135185	140
-118.530423105	40.5	140
-118.824072003	40	140
-119	39.8475186527	140
-119.5	39.5830620527	140
-119.930095226	39.5	140
-120	39.4758198056	140
-120.5	39.456166245	140
-120.666173741	39.5	140
-121	39.5355610847	140
-121.5	39.649525851	140
-122	39.788636744	140
-122.5	39.8278514594	140
-123	39.8113139719	140
-123.5	39.6290133297	140
-124	39.5122344196	140
-124.487775932	39.5	140
-124.5	39.4997379202	140
-124.500914817	39.5	140
-125	39.7637777776	140
-125.149629772	40	140
-125.135747567	40.5	140
-125	40.763792634	140
-124.911596864	41	140
-124.706466794	41.5	140
-124.5	41.9803855121	140
-124.49693206	42	140
-124.338271558	42.5	140
-124	42.8630113602	140
-123.909564853	43	140
-123.5	43.3842012286	140
-123.331003815	43.5	140
-123	43.7670293152	140
-122.5	43.9925851226	140
-122.456611663	44	140
-122	44.1858704984	140
> 150 contour -Z150
-122	44.1507992744	150
-121.5	44.2241745442	150
-121	44.2371877134	150
-120.5	44.1967329085	150
-120	44.1170423776	150
-119.679731965	44	150
-119.5	43.8194890916	150
-119.286865935	43.5	150
-119	43.0101651382	150
-118.992040253	43	150
-118.589250028	42.5	150
-118.527958065	42	150
-118.53740561	41.5	150
-118.547595918	41	150
-118.613523751	40.5	150
-118.952168759	40	150
-119	39.9585434236	150
-119.5	39.6632300913	150
-120	39.5531251431	150
-120.5	39.5435236692	150
-121	39.6040664315	150
-121.5	39.7637723982	150
-122	39.9548159651	150
-122.449271858	40	150
-122.5	40.0023687482	150
-123	40.0058031082	150
-123.040620357	40	150
-123.5	39.8450801373	150
-124	39.790925771	150
-124.5	39.8477339149	150
-124.743026808	40	150
-124.862828523	40.5	150
-124.738664225	41	150
-124.599754617	41.5	150
-124.5	41.7320986986	150
-124.4580971	42	150
-124.299841672	42.5	150
-124	42.8217708468	150
-123.882339299	43	150
-123.5	43.3586617112	150
-123.29373154	43.5	150
-123	43.7369608134	150
-122.5	43.9778614044	150
-122.370455295	44	150
-122	44.1507992744	150
> 160 contour -Z160
-122	44.1157280505	160
-121.5	44.1875764132	160
-121	44.1901182532	160
-120.5	44.1294807047	160
-120	44.024269389	160
-119.933590643	44	160
-119.5	43.5645302311	160
-119.456951294	43.5	160
-119.114618927	43	160
-119	42.8619970381	160
-118.705566943	42.5	160
-118.603053421	42	160
-118.599212587	41.5	160
-118.610795856	41	160
-118.696624428	40.5	160
-119	40.0732471943	160
-119.081857204	40	160
-119.5	39.7433981597	160
-120	39.6170082092	160
-120.5	39.6022125781	160
-121	39.6725717783	160
-121.5	39.878018938	160
-121.797276914	40	160
-122	40.0485458672	160
-122.5	40.0795244575	160
-123	40.0973346233	160
-123.5	40.0441539288	160
-124	40.0696132183	160
-124.5	40.4032394215	160
-124.543155987	40.5	160
-124.5657316	41	160
-124.5	41.4267915189	160
-124.496374518	41.5	160
-124.419262141	42	160
-124.261411756	42.5	160
-124	42.7805303335	160
-123.855113745	43	160
-123.5	43.3331221938	160
-123.256459296	43.5	160
-123	43.7068923116	160
-122.5	43.9631376565	160
-122.284298897	44	160
-122	44.1157280505	160
> 170 contour -Z170
-122	44.0806568265	170
-121.5	44.1509782821	170
-121	44.143048808	170
-120.5	44.0622285046	170
-120.221914977	44	170
-120	43.9013097882	170
-119.599599868	43.5	170
-119.5	43.3751630187	170
-119.23339507	43	170
-119	42.7189887166	170
-118.821883857	42.5	170
-118.678148806	42	170
-118.661019564	41.5	170
-118.673995793	41	170
-118.779725075	40.5	170
-119	40.1901433468	170
-119.212494195	40	170
-119.5	39.8235661983	170
-120	39.6808912754	170
-120.5	39.6609014571	170
-121	39.7410771549	170
-121.5	39.9922654866	170
-121.518849583	40	170
-122	40.1152205169	170
-122.5	40.1566801965	170
-123	40.1888661087	170
-123.5	40.2001747787	170
-124	40.3482889384	170
-124.193131924	40.5	170
-124.422294855	41	170
-124.440768301	41.5	170
-124.380427182	42	170
-124.22298184	42.5	170
-124	42.7392898202	170
-123.827888191	43	170
-123.5	43.3075826764	170
-123.219187021	43.5	170
-123	43.6768238246	170
-122.5	43.9484139383	170
-122.198142484	44	170
-122	44.0806568265	170
> 180 contour -Z180
-122	44.0455856025	180
-121.5	44.1143801585	180
-121	44.0959793553	180
-120.517669469	44	180
-120.5	43.9949784577	180
-120	43.7676557004	180
-119.732951015	43.5	180
-119.5	43.2080227584	180
-119.352171212	43	180
-119	42.5759803802	180
-118.938200779	42.5	180
-118.753244177	42	180
-118.72282657	41.5	180
-118.73719573	41	180
-118.862825722	40.5	180
-119	40.3070394844	180
-119.34313117	40	180
-119.5	39.9037342444	180
-120	39.7447743714	180
-120.5	39.7195903361	180
-121	39.8095824867	180
-121.374417454	40	180
-121.5	40.0428198576	180
-122	40.1818951666	180
-122.5	40.2338359356	180
-123	40.280397594	180
-123.5	40.3561956435	180
-123.834603876	40.5	180
-124	40.5806514621	180
-124.296943873	41	180
-124.385162085	41.5	180
-124.341592252	42	180
-124.184551939	42.5	180
-124	42.6980493069	180
-123.800662637	43	180
-123.5	43.282043159	180
-123.181914762	43.5	180
-123	43.6467553228	180
-122.5	43.9336902201	180
-122.111986093	44	180
-122	44.0455856025	180
> 190 contour -Z190
-122	44.0105143487	190
-121.5	44.0777820274	190
-121	44.0489098988	190
-120.754210278	44	190
-120.5	43.927755177	190
-120	43.6340015978	190
-119.866302148	43.5	190
-119.5	43.0408824943	190
-119.470947364	43	190
-119.027729779	42.5	190
-119	42.4149241745	190
-118.828339547	42	190
-118.784633547	41.5	190
-118.800395668	41	190
-118.945926376	40.5	190
-119	40.4239356369	190
-119.473768152	40	190
-119.5	39.9839022905	190
-120	39.8086574376	190
-120.5	39.7782792151	190
-121	39.878087841	190
-121.239715561	40	190
-121.5	40.0887491405	190
-122	40.2485698164	190
-122.5	40.3109916598	190
-123	40.3719290942	190
-123.473502398	40.5	190
-123.5	40.5054686666	190
-124	40.7576739639	190
-124.171592906	41	190
-124.329555869	41.5	190
-124.302757293	42	190
-124.146122023	42.5	190
-124	42.6568087935	190
-123.773437083	43	190
-123.5	43.2565036118	190
-123.144642502	43.5	190
-123	43.6166868284	190
-122.5	43.918966502	190
-122.025829697	44	190
-122	44.0105143487	190
> 200 contour -Z200
-121.5	44.0411838889	200
-121	44.001840446	200
-120.990751101	44	200
-120.5	43.8605318964	200
-120	43.5003475137	200
-119.999653274	43.5	200
-119.556868821	43	200
-119.5	42.9511882961	200
-119.086892962	42.5	200
-119	42.2334095389	200
-118.90343491	42	200
-118.846440539	41.5	200
-118.86359562	41	200
-119	40.569648236	200
-119.021985948	40.5	200
-119.5	40.0476077199	200
-119.643000364	40	200
-120	39.8725405186	200
-120.5	39.836968109	200
-121	39.9465931915	200
-121.105013669	40	200
-121.5	40.1346784234	200
-122	40.315244481	200
-122.5	40.3881473839	200
-123	40.463460587	200
-123.135093123	40.5	200
-123.5	40.5753108263	200
-124	40.9346964806	200
-124.04624192	41	200
-124.273949623	41.5	200
-124.263922334	42	200
-124.107692115	42.5	200
-124	42.6155682728	200
-123.746211544	43	200
-123.5	43.2309640944	200
-123.107370235	43.5	200
-123	43.5866183341	200
-122.5	43.9042427838	200
-122	43.9902889132	200
-121.808217019	44	200
-121.5	44.0411838889	200
> 210 contour -Z210
-121.5	44.0045857728	210
-121.44232158	44	210
-121	43.968606472	210
-120.5	43.7933086157	210
-120.093030632	43.5	210
-120	43.4152389765	210
-119.632151902	43	210
-119.5	42.8865713179	210
-119.146056145	42.5	210
-119	42.0518949144	210
-118.978530282	42	210
-118.908247523	41.5	210
-118.926795557	41	210
-119	40.7690421641	210
-119.08492893	40.5	210
-119.5	40.1071769297	210
-119.821929649	40	210
-120	39.9364235923	210
-120.5	39.895656988	210
-120.944853276	40	210
-121	40.0074583888	210
-121.5	40.1806077063	210
-122	40.3819191381	210
-122.5	40.4653031155	210
-122.714040861	40.5	210
-123	40.5225973129	210
-123.5	40.6451529562	210
-123.94475469	41	210
-124	41.0692345202	210
-124.218343422	41.5	210
-124.225087374	42	210
-124.069262207	42.5	210
-124	42.5743277594	210
-123.71898599	43	210
-123.5	43.205424577	210
-123.070097968	43.5	210
-123	43.5565498397	210
-122.5	43.8895190656	210
-122	43.9764198959	210
-121.53431952	44	210
-121.5	44.0045857728	210
> 220 contour -Z220
-123	43.5264813304	220
-122.5	43.8747953176	220
-122	43.9625508785	220
-121.5	43.9844744205	220
-121	43.9359354973	220
-120.5	43.7260853499	220
-120.186303765	43.5	220
-120	43.3302569985	220
-119.707434952	43	220
-119.5	42.8219543099	220
-119.205219328	42.5	220
-119.027296811	42	220
-119	41.7021107227	220
-118.970054507	41.5	220
-118.989995496	41	220
-119	40.9684360884	220
-119.147871882	40.5	220
-119.5	40.1667461097	220
-120	40.0001882315	220
-120.00306657	40	220
-120.5	39.9543458745	220
-120.694640607	40	220
-121	40.0412986279	220
-121.5	40.2265369892	220
-122	40.4485937953	220
-122.29175809	40.5	220
-122.5	40.516030848	220
-123	40.5602093935	220
-123.5	40.714995116	220
-123.857216626	41	220
-124	41.1789389551	220
-124.162737191	41.5	220
-124.186252415	42	220
-124.030832296	42.5	220
-124	42.5330872461	220
-123.691760436	43	220
-123.5	43.1798850596	220
-123.032825708	43.5	220
-123	43.5264813304	220
> 230 contour -Z230
-122.5	43.8600716293	230
-122	43.9486818612	230
-121.5	43.966724813	230
-121	43.9032644928	230
-120.5	43.6588620692	230
-120.279576883	43.5	230
-120	43.2452750057	230
-119.782718018	43	230
-119.5	42.757337302	230
-119.264382526	42.5	230
-119.065522224	42	230
-119.017309695	41.5	230
-119.032927543	41	230
-119.210814834	40.5	230
-119.5	40.2263152897	230
-120	40.0393999219	230
-120.5	40.0072753131	230
-121	40.0751388967	230
-121.5	40.272466287	230
-121.977908611	40.5	230
-122	40.5060075223	230
-122.5	40.5451619327	230
-123	40.5978214741	230
-123.5	40.7848372608	230
-123.769678563	41	230
-124	41.288643375	230
-124.107130982	41.5	230
-124.147417456	42	230
-124	42.475248456	230
-123.996714324	42.5	230
-123.664534882	43	230
-123.5	43.1543455273	230
-123	43.4983247519	230
-122.99757269	43.5	230
-122.5	43.8600716293	230
> 240 contour -Z240
-122.5	43.8453479111	240
-122	43.9348128438	240
-121.5	43.9489751756	240
-121	43.870593518	240
-120.5	43.591638796	240
-120.372850031	43.5	240
-120	43.1602930129	240
-119.858001083	43	240
-119.5	42.692720294	240
-119.323545709	42.5	240
-119.103747636	42	240
-119.050888151	41.5	240
-119.0720478	41	240
-119.273757815	40.5	240
-119.5	40.2858844995	240
-120	40.0786116123	240
-120.5	40.040032357	240
-121	40.1089791656	240
-121.5	40.3183955699	240
-121.881439388	40.5	240
-122	40.5322412848	240
-122.5	40.5742929876	240
-123	40.6354335845	240
-123.5	40.8546794057	240
-123.682140499	41	240
-124	41.3983478025	240
-124.051524758	41.5	240
-124.108582504	42	240
-124	42.350051254	240
-123.98009482	42.5	240
-123.637309328	43	240
-123.5	43.1288060099	240
-123	43.4842824042	240
-122.977226406	43.5	240
-122.5	43.8453479111	240
> 250 contour -Z250
-122.5	43.8306241781	250
-122	43.9209438562	250
-121.5	43.9312255383	250
-121	43.8379225433	250
-120.5	43.5244155191	250
-120.46612316	43.5	250
-120	43.0753110349	250
-119.933284156	43	250
-119.5	42.628103286	250
-119.382708907	42.5	250
-119.141973078	42	250
-119.084466606	41.5	250
-119.111168057	41	250
-119.336700767	40.5	250
-119.5	40.3454536796	250
-120	40.1178233027	250
-120.5	40.072789371	250
-121	40.1428194046	250
-121.5	40.3643248528	250
-121.784970164	40.5	250
-122	40.5584750772	250
-122.5	40.6034240723	250
-123	40.673045665	250
-123.5	40.9245215431	250
-123.594602443	41	250
-123.99765113	41.5	250
-124	41.519631803	250
-124.069747545	42	250
-124	42.2248540521	250
-123.963475287	42.5	250
-123.610083774	43	250
-123.5	43.103266485	250
-123	43.4702400863	250
-122.956880122	43.5	250
-122.5	43.8306241781	250
> 260 contour -Z260
-122.5	43.8159004599	260
-122	43.9070748389	260
-121.5	43.9134759009	260
-121	43.8052515686	260
-120.531903774	43.5	260
-120.5	43.4713838995	260
-120.005366117	43	260
-120	42.995634824	260
-119.5	42.5634862855	260
-119.441872094	42.5	260
-119.180198491	42	260
-119.118045062	41.5	260
-119.150288314	41	260
-119.399643734	40.5	260
-119.5	40.4050228819	260
-120	40.1570349932	260
-120.5	40.1055464149	260
-121	40.1766596735	260
-121.5	40.4102541357	260
-121.688500941	40.5	260
-122	40.5847088397	260
-122.5	40.6325551569	260
-123	40.7106577456	260
-123.5	40.9943636912	260
-123.507064382	41	260
-123.965649694	41.5	260
-124	41.7870975286	260
-124.030912591	42	260
-124	42.099656865	260
-123.946855783	42.5	260
-123.58285822	43	260
-123.5	43.0777269602	260
-123	43.4561977386	260
-122.936533809	43.5	260
-122.5	43.8159004599	260
> 270 contour -Z270
-122.5	43.8011767268	270
-122	43.8932058215	270
-121.5	43.8957262635	270
-121	43.772580564	270
-120.582003981	43.5	270
-120.5	43.426446557	270
-120.052519888	43	270
-120	42.9572765529	270
-119.500732869	42.5	270
-119.5	42.4988150299	270
-119.218423933	42	270
-119.151623517	41.5	270
-119.189408571	41	270
-119.462586701	40.5	270
-119.5	40.4645920694	270
-120	40.1962466836	270
-120.5	40.1383034289	270
-121	40.2104999423	270
-121.5	40.4561834224	270
-121.592031725	40.5	270
-122	40.610942632	270
-122.5	40.6616862118	270
-123	40.7482698262	270
-123.439615935	41	270
-123.5	41.0317652524	270
-123.933648258	41.5	270
-123.996144593	42	270
-123.93023625	42.5	270
-123.555632669	43	270
-123.5	43.0521874391	270
-123	43.442155391	270
-122.916187525	43.5	270
-122.5	43.8011767268	270
> 280 contour -Z280
-122.5	43.7864530087	280
-122	43.8793368042	280
-121.5	43.877976656	280
-121	43.7399095893	280
-120.632104188	43.5	280
-120.5	43.3815092146	280
-120.099673688	43	280
-120	42.9189183116	280
-119.542613477	42.5	280
-119.5	42.4310982823	280
-119.256649345	42	280
-119.185201973	41.5	280
-119.228528827	41	280
-119.5	40.5276106	280
-119.5283553	40.5	280
-120	40.235458374	280
-120.5	40.1710604727	280
-121	40.2443401814	280
-121.496974111	40.5	280
-121.5	40.5011707246	280
-122	40.6371763945	280
-122.5	40.6908172965	280
-123	40.7858819067	280
-123.37393102	41	280
-123.5	41.0663190484	280
-123.901646823	41.5	280
-123.977245659	42	280
-123.913616717	42.5	280
-123.528407115	43	280
-123.5	43.0266479142	280
-123	43.4281130433	280
-122.895841241	43.5	280
-122.5	43.7864530087	280
> 290 contour -Z290
-122.5	43.7717292905	290
-122	43.8654678166	290
-121.5	43.8602270186	290
-121	43.7072385997	290
-120.682204396	43.5	290
-120.5	43.3365718424	290
-120.146827489	43	290
-120	42.8805600405	290
-119.584494084	42.5	290
-119.5	42.3633815348	290
-119.294874772	42	290
-119.218780428	41.5	290
-119.267649099	41	290
-119.5	40.5956841111	290
-119.598264843	40.5	290
-120	40.2746700495	290
-120.5	40.2038174868	290
-121	40.2781804502	290
-121.431192428	40.5	290
-121.5	40.5266219974	290
-122	40.6634101868	290
-122.5	40.7199483812	290
-123	40.8234939873	290
-123.308246136	41	290
-123.5	41.1008728147	290
-123.869645387	41.5	290
-123.958346695	42	290
-123.896997213	42.5	290
-123.501181563	43	290
-123.5	43.001108391	290
-123	43.4140706956	290
-122.875494927	43.5	290
-122.5	43.7717292905	290
> 300 contour -Z300
-122.5	43.7570055574	300
-122	43.8515987992	300
-121.5	43.8424773812	300
-121	43.6745676249	300
-120.732304573	43.5	300
-120.5	43.2916345	300
-120.19398126	43	300
-120	42.8422017694	300
-119.626374692	42.5	300
-119.5	42.2956647873	300
-119.3331002	42	300
-119.252358884	41.5	300
-119.306769356	41	300
-119.5	40.6637576222	300
-119.668174386	40.5	300
-120	40.31388174	300
-120.5	40.2365745306	300
-121	40.3120207042	300
-121.365410745	40.5	300
-121.5	40.5520732403	300
-122	40.6896439493	300
-122.5	40.7490794659	300
-123	40.8611060679	300
-123.242561236	41	300
-123.5	41.1354265809	300
-123.837643951	41.5	300
-123.939447761	42	300
-123.88037768	42.5	300
-123.5	42.9799404144	300
-123.483755529	43	300
-123	43.4000283778	300
-122.855148643	43.5	300
-122.5	43.7570055574	300
> 310 contour -Z310
-122.5	43.7422818542	310
-122	43.8377297819	310
-121.5	43.8247277439	310
-121	43.6418966353	310
-120.78240478	43.5	310
-120.5	43.2466971427	310
-120.241135061	43	310
-120	42.8038434982	310
-119.668255299	42.5	310
-119.5	42.2279480398	310
-119.371325627	42	310
-119.285937339	41.5	310
-119.345889613	41	310
-119.5	40.7318311334	310
-119.738083929	40.5	310
-120	40.3530934304	310
-120.5	40.2693315446	310
-121	40.345860973	310
-121.299629062	40.5	310
-121.5	40.5775244832	310
-122	40.7158777416	310
-122.5	40.7782105207	310
-123	40.8987181485	310
-123.176876336	41	310
-123.5	41.1699803472	310
-123.805642515	41.5	310
-123.920548826	42	310
-123.863758177	42.5	310
-123.5	42.9589707851	310
-123.466774076	43	310
-123	43.3859860301	310
-122.834802359	43.5	310
-122.5	43.7422818542	310
> 320 contour -Z320
-122.5	43.7275581062	320
-122	43.8238607645	320
-121.5	43.8069781065	320
-121	43.6092256531	320
-120.832504988	43.5	320
-120.5	43.2017597854	320
-120.288288862	43	320
-120	42.7654852271	320
-119.710135907	42.5	320
-119.5	42.1602312922	320
-119.409551047	42	320
-119.319515795	41.5	320
-119.38500987	41	320
-119.5	40.7999046445	320
-119.807993472	40.5	320
-120	40.3923051134	320
-120.5	40.3020885736	320
-121	40.3797012269	320
-121.23384738	40.5	320
-121.5	40.6029757559	320
-122	40.7421115041	320
-122.5	40.8073416054	320
-123	40.936330229	320
-123.111191452	41	320
-123.5	41.2045341134	320
-123.77364108	41.5	320
-123.901649863	42	320
-123.847138643	42.5	320
-123.5	42.9380011559	320
-123.449792653	43	320
-123	43.3719436824	320
-122.814456046	43.5	320
-122.5	43.7275581062	320
> 330 contour -Z330
-122.5	43.712834388	330
-122	43.8099917769	330
-121.5	43.7892284989	330
-121	43.5765546709	330
-120.88260518	43.5	330
-120.5	43.1568224281	330
-120.335442647	43	330
-120	42.7271269709	330
-119.752016515	42.5	330
-119.5	42.0925145373	330
-119.447776474	42	330
-119.35309425	41.5	330
-119.424130127	41	330
-119.5	40.8679781556	330
-119.877903014	40.5	330
-120	40.4315168038	330
-120.5	40.3348456174	330
-121	40.4135414809	330
-121.168065697	40.5	330
-121.5	40.6284269989	330
-122	40.7683452964	330
-122.5	40.8364726752	330
-123	40.9739423152	330
-123.045506556	41	330
-123.5	41.2390879095	330
-123.741639644	41.5	330
-123.882750928	42	330
-123.83051911	42.5	330
-123.5	42.9170315266	330
-123.432811201	43	330
-123	43.3579013348	330
-122.794109762	43.5	330
-122.5	43.712834388	330
> 340 contour -Z340
-122.5	43.6981106699	340
-122	43.7961227596	340
-121.5	43.7714788616	340
-121	43.5438836887	340
-120.93270538	43.5	340
-120.5	43.1118850708	340
-120.382596441	43	340
-120	42.6887687147	340
-119.793897122	42.5	340
-119.5	42.0247977879	340
-119.486001898	42	340
-119.386672713	41.5	340
-119.46325038	41	340
-119.5	40.9360516593	340
-119.947812553	40.5	340
-120	40.4707284886	340
-120.5	40.3676026464	340
-121	40.4473817423	340
-121.102284007	40.5	340
-121.5	40.6538782418	340
-122	40.7945790738	340
-122.5	40.8656037599	340
-122.968785018	41	340
-123	41.0067517161	340
-123.5	41.2736416757	340
-123.709638208	41.5	340
-123.863851994	42	340
-123.813899606	42.5	340
-123.5	42.8960618973	340
-123.415829748	43	340
-123	43.3438590169	340
-122.773763478	43.5	340
-122.5	43.6981106699	340
> 350 contour -Z350
-122.5	43.6833869517	350
-122	43.7822537422	350
-121.5	43.7537292242	350
-121	43.5112127038	350
-120.982805578	43.5	350
-120.5	43.0669477135	350
-120.429750234	43	350
-120	42.6504104435	350
-119.83577773	42.5	350
-119.519420892	42	350
-119.5	41.8946754634	350
-119.420251168	41.5	350
-119.5	41.0124402046	350
-119.502395391	41	350
-120	40.5098700523	350
-120.03846392	40.5	350
-120.5	40.4003596678	350
-121	40.4812220018	350
-121.036502328	40.5	350
-121.5	40.6793295145	350
-122	40.8208128512	350
-122.5	40.8947348297	350
-122.867173463	41	350
-123	41.0287300348	350
-123.5	41.308195442	350
-123.677636772	41.5	350
-123.84495303	42	350
-123.797280073	42.5	350
-123.5	42.875092268	350
-123.398848295	43	350
-123	43.3298166692	350
-122.753417164	43.5	350
-122.5	43.6833869517	350
> 360 contour -Z360
-122.5	43.6686632335	360
-122	43.7683847249	360
-121.5	43.7359795868	360
-121.023538321	43.5	360
-121	43.4805049598	360
-120.5	43.0220103618	360
-120.476904023	43	360
-120	42.6120521799	360
-119.877658345	42.5	360
-119.550062835	42	360
-119.5	41.7284963131	360
-119.453829624	41.5	360
-119.5	41.2177285552	360
-119.541924208	41	360
-120	40.5488050878	360
-120.190195173	40.5	360
-120.5	40.4331166968	360
-120.910511255	40.5	360
-121	40.5121017992	360
-121.5	40.7047807574	360
-122	40.8470466286	360
-122.5	40.9238659069	360
-122.765561908	41	360
-123	41.0507083535	360
-123.5	41.3427492231	360
-123.645635337	41.5	360
-123.826054096	42	360
-123.78066054	42.5	360
-123.5	42.8541226387	360
-123.381866843	43	360
-123	43.3157743216	360
-122.73307088	43.5	360
-122.5	43.6686632335	360
> 370 contour -Z370
-122.5	43.6539394855	370
-122	43.7545157373	370
-121.5	43.7182299644	370
-121.05937624	43.5	370
-121	43.4508230984	370
-120.516249716	43	370
-120.5	42.98425439	370
-120	42.5736939162	370
-119.919538952	42.5	370
-119.580704808	42	370
-119.5	41.5623171777	370
-119.487408079	41.5	370
-119.5	41.423016876	370
-119.581453025	41	370
-120	40.5877401531	370
-120.341926411	40.5	370
-120.5	40.4658737294	370
-120.709457651	40.5	370
-121	40.539290756	370
-121.5	40.7302320302	370
-122	40.873280406	370
-122.5	40.9529969804	370
-122.663950354	41	370
-123	41.0726866722	370
-123.5	41.3773029968	370
-123.613633901	41.5	370
-123.807155162	42	370
-123.764041036	42.5	370
-123.5	42.8331530094	370
-123.36488542	43	370
-123	43.3017319739	370
-122.712724581	43.5	370
-122.5	43.6539394855	370
> 380 contour -Z380
-122.5	43.6392157674	380
-122	43.7406467199	380
-121.5	43.700480327	380
-121.095214188	43.5	380
-121	43.421141237	380
-120.548099488	43	380
-120.5	42.9533926547	380
-120	42.5353356563	380
-119.96141956	42.5	380
-119.611346751	42	380
-119.518646598	41.5	380
-119.620981842	41	380
-120	40.6266751885	380
-120.493657645	40.5	380
-120.5	40.4986307586	380
-120.508404027	40.5	380
-121	40.5664797425	380
-121.5	40.7556832731	380
-122	40.899514176	380
-122.5	40.9821280576	380
-122.562338792	41	380
-123	41.0946649611	380
-123.5	41.4118567705	380
-123.581632465	41.5	380
-123.788256198	42	380
-123.747421503	42.5	380
-123.5	42.8121833503	380
-123.347903967	43	380
-123	43.2876896262	380
-122.692378283	43.5	380
-122.5	43.6392157674	380
> 390 contour -Z390
-122.5	43.6244920492	390
-122	43.7267777026	390
-121.5	43.6827306896	390
-121.131052107	43.5	390
-121	43.3914593756	390
-120.57994926	43	390
-120.5	42.9225309491	390
-120.002861291	42.5	390
-120	42.4966503978	390
-119.641988695	42	390
-119.548481137	41.5	390
-119.660510689	41	390
-120	40.665610224	390
-120.5	40.5289647579	390
-121	40.5936687291	390
-121.5	40.781134516	390
-122	40.9257479534	390
-122.439926744	41	390
-122.5	41.0046245754	390
-123	41.1166432798	390
-123.5	41.4464105442	390
-123.549631033	41.5	390
-123.769357264	42	390
-123.730801985	42.5	390
-123.5	42.791213721	390
-123.330922514	43	390
-123	43.2736473083	390
-122.672031999	43.5	390
-122.5	43.6244920492	390
> 400 contour -Z400
-122.5	43.6097683012	400
-122	43.7129087001	400
-121.5	43.6649810672	400
-121.166890025	43.5	400
-121	43.3617774844	400
-120.611799031	43	400
-120.5	42.8916692138	400
-120.039172381	42.5	400
-120	42.4541424215	400
-119.672630638	42	400
-119.578315645	41.5	400
-119.700039506	41	400
-120	40.7045452893	400
-120.5	40.5591930449	400
-121	40.6208577156	400
-121.5	40.8065857738	400
-122	40.9519817308	400
-122.284497499	41	400
-122.5	41.01658988	400
-123	41.1386215985	400
-123.5	41.4809643161	400
-123.517629599	41.5	400
-123.7504583	42	400
-123.714182466	42.5	400
-123.5	42.7702440917	400
-123.313941061	43	400
-123	43.2596049607	400
-122.6516857	43.5	400
-122.5	43.6097683012	400
> 410 contour -Z410
-122.5	43.5950445831	410
-122	43.6990396827	410
-121.5	43.6472314298	410
-121.202727973	43.5	410
-121	43.332095623	410
-120.643648803	43	410
-120.5	42.8608075082	410
-120.075483471	42.5	410
-120	42.4116344452	410
-119.703272581	42	410
-119.608150184	41.5	410
-119.739568323	41	410
-120	40.7434803247	410
-120.5	40.5894213319	410
-121	40.6480467021	410
-121.5	40.8320370317	410
-122	40.97821551	410
-122.129068226	41	410
-122.5	41.0285551846	410
-123	41.1605999172	410
-123.485869914	41.5	410
-123.5	41.5176788568	410
-123.731559366	42	410
-123.697562948	42.5	410
-123.5	42.7492744625	410
-123.296959609	43	410
-123	43.245562613	410
-122.631339401	43.5	410
-122.5	43.5950445831	410
> 420 contour -Z420
-122.5	43.5803208649	420
-122	43.6851706654	420
-121.5	43.6294817924	420
-121.238565892	43.5	420
-121	43.3024137616	420
-120.675498575	43	420
-120.5	42.8299457729	420
-120.111794531	42.5	420
-120	42.3691264987	420
-119.733914524	42	420
-119.637984723	41.5	420
-119.77909714	41	420
-120	40.7824153751	420
-120.5	40.6196495891	420
-121	40.6752356887	420
-121.5	40.8574882895	420
-121.98530063	41	420
-122	41.002050817	420
-122.5	41.0405204892	420
-123	41.1825782359	420
-123.454406738	41.5	420
-123.5	41.5570439696	420
-123.712660432	42	420
-123.680943415	42.5	420
-123.5	42.7283048332	420
-123.279978186	43	420
-123	43.2315202802	420
-122.61099311	43.5	420
-122.5	43.5803208649	420
> 430 contour -Z430
-122.5	43.5655971467	430
-122	43.6713016629	430
-121.5	43.61173217	430
-121.274403811	43.5	430
-121	43.2727318704	430
-120.707348347	43	430
-120.5	42.7990840673	430
-120.148105621	42.5	430
-120	42.3266185224	430
-119.764556468	42	430
-119.667819262	41.5	430
-119.818625957	41	430
-120	40.8213504255	430
-120.5	40.649877876	430
-121	40.7024246752	430
-121.5	40.8829395324	430
-121.8986305	41	430
-122	41.0141427815	430
-122.5	41.0524857938	430
-123	41.2045565546	430
-123.422943562	41.5	430
-123.5	41.5964090824	430
-123.693761483	42	430
-123.664323896	42.5	430
-123.5	42.7073352039	430
-123.262996733	43	430
-123	43.2174779326	430
-122.590646811	43.5	430
-122.5	43.5655971467	430
> 440 contour -Z440
-122.5	43.5508733988	440
-122	43.6574326456	440
-121.5	43.5939825326	440
-121.310241744	43.5	440
-121	43.243050009	440
-120.739198118	43	440
-120.5	42.768222332	440
-120.184416711	42.5	440
-120	42.2841105461	440
-119.795198411	42	440
-119.6976538	41.5	440
-119.858154774	41	440
-120	40.8602854609	440
-120.5	40.680106163	440
-121	40.7296136618	440
-121.5	40.9083907902	440
-121.811960369	41	440
-122	41.0262347162	440
-122.5	41.0644510686	440
-123	41.2265348434	440
-123.391480416	41.5	440
-123.5	41.6357741952	440
-123.674862534	42	440
-123.647704378	42.5	440
-123.5	42.6863655597	440
-123.24601528	43	440
-123	43.2034355849	440
-122.570300519	43.5	440
-122.5	43.5508733988	440
> 450 contour -Z450
-122.5	43.5361496806	450
-122	43.6435636431	450
-121.5	43.5762329027	450
-121.346079662	43.5	450
-121	43.2133681476	450
-120.77104789	43	450
-120.5	42.7373606116	450
-120.220727801	42.5	450
-120	42.2416025698	450
-119.825840354	42	450
-119.727488339	41.5	450
-119.897683591	41	450
-120	40.8992205113	450
-120.5	40.71033445	450
-121	40.7568026334	450
-121.5	40.9338420406	450
-121.725290239	41	450
-122	41.0383266807	450
-122.5	41.0764163733	450
-123	41.2485131621	450
-123.36001724	41.5	450
-123.5	41.675139308	450
-123.655963585	42	450
-123.631084859	42.5	450
-123.5	42.6653959304	450
-123.229033843	43	450
-123	43.1893932521	450
-122.549954224	43.5	450
-122.5	43.5361496806	450
> 460 contour -Z460
-122.5	43.5214259624	460
-122	43.6296946257	460
-121.5	43.5584832728	460
-121.381917596	43.5	460
-121	43.1836862713	460
-120.802897662	43	460
-120.5	42.7064988911	460
-120.257038876	42.5	460
-120	42.1990946084	460
-119.856482297	42	460
-119.757322878	41.5	460
-119.937212415	41	460
-120	40.9381555617	460
-120.5	40.740562737	460
-121	40.7839916199	460
-121.5	40.9592932947	460
-121.638620108	41	460
-122	41.0504186451	460
-122.5	41.0883816779	460
-123	41.2704914808	460
-123.328554064	41.5	460
-123.5	41.7145044208	460
-123.637064651	42	460
-123.614465334	42.5	460
-123.5	42.6444263011	460
-123.21205239	43	460
-123	43.1753509045	460
-122.529607931	43.5	460
-122.5	43.5214259624	460
> 470 contour -Z470
-122.5	43.5067022443	470
-122	43.6158256233	470
-121.5	43.5407336354	470
-121.417755522	43.5	470
-121	43.1540044099	470
-120.834747434	43	470
-120.5	42.6756371707	470
-120.293349952	42.5	470
-120	42.1565866321	470
-119.887124248	42	470
-119.787157416	41.5	470
-119.976741232	41	470
-120	40.9770906083	470
-120.5	40.7707910389	470
-121	40.8111806065	470
-121.5	40.9847445488	470
-121.55194997	41	470
-122	41.0625106096	470
-122.5	41.1003469825	470
-123	41.2924697995	470
-123.297090918	41.5	470
-123.5	41.7538695335	470
-123.618165702	42	470
-123.597845815	42.5	470
-123.5	42.6234566644	470
-123.195070937	43	470
-123	43.1613085717	470
-122.509261637	43.5	470
-122.5	43.5067022443	470
> 480 contour -Z480
-122	43.6019566059	480
-121.5	43.5229840055	480
-121.453593452	43.5	480
-121	43.1243225411	480
-120.866597205	43	480
-120.5	42.6447754502	480
-120.329661041	42.5	480
-120	42.1140786633	480
-119.917766191	42	480
-119.816991955	41.5	480
-120	41.0314404666	480
-120.029424369	41	480
-120.5	40.8010193259	480
-121	40.838369593	480
-121.468433261	41	480
-121.5	41.0067736506	480
-122	41.0746025443	480
-122.5	41.1123122871	480
-123	41.3144481182	480
-123.265627742	41.5	480
-123.5	41.7932346463	480
-123.599266753	42	480
-123.581226289	42.5	480
-123.5	42.6024870351	480
-123.178089499	43	480
-123	43.147266224	480
-122.5	43.4876648486	480
-122.465502381	43.5	480
-122	43.6019566059	480
> 490 contour -Z490
-122	43.5880875885	490
-121.5	43.5052343751	490
-121.489431377	43.5	490
-121	43.0946406722	490
-120.898446977	43	490
-120.5	42.6139137298	490
-120.365972117	42.5	490
-120	42.0715706944	490
-119.948408138	42	490
-119.846826494	41.5	490
-120	41.1078265011	490
-120.100912184	41	490
-120.5	40.8312475979	490
-121	40.8655585796	490
-121.389634818	41	490
-121.5	41.0236824155	490
-122	41.0866945088	490
-122.5	41.1242775917	490
-123	41.336426422	490
-123.234164581	41.5	490
-123.5	41.8325997591	490
-123.580367811	42	490
-123.564606771	42.5	490
-123.5	42.5815173984	490
-123.161108047	43	490
-123	43.1332238913	490
-122.5	43.4650231898	490
-122.402180791	43.5	490
-122	43.5880875885	490
> 500 contour -Z500
-122	43.574218601	500
-121.558210164	43.5	500
-121.5	43.4809680581	500
-121	43.0649588034	500
-120.930296741	43	500
-120.5	42.5830520093	500
-120.402283207	42.5	500
-120	42.0290627237	500
-119.979050085	42	500
-119.876661032	41.5	500
-120	41.1842125058	500
-120.172399998	41	500
-120.5	40.8614758849	500
-121	40.8927475587	500
-121.310836375	41	500
-121.5	41.0405911505	500
-122	41.0987864733	500
-122.5	41.1362428963	500
-123	41.3584047407	500
-123.202701405	41.5	500
-123.5	41.8719648719	500
-123.561468866	42	500
-123.547987245	42.5	500
-123.5	42.5605477691	500
-123.144126609	43	500
-123	43.1191815436	500
-122.5	43.442381531	500
-122.338859171	43.5	500
-122	43.574218601	500
> 510 contour -Z510
-122	43.5603495836	510
-121.640766144	43.5	510
-121.5	43.4539761841	510
-121	43.0352769308	510
-120.962146517	43	510
-120.5	42.5521902889	510
-120.438594289	42.5	510
-120.011974961	42	510
-120	41.954164803	510
-119.906495564	41.5	510
-120	41.2605985403	510
-120.243887812	41	510
-120.5	40.8917041793	510
-121	40.9199365377	510
-121.232037932	41	510
-121.5	41.0574998856	510
-122	41.110878408	510
-122.5	41.1482081711	510
-123	41.3803830519	510
-123.171238244	41.5	510
-123.5	41.9113299847	510
-123.54256992	42	510
-123.531367723	42.5	510
-123.5	42.5395781361	510
-123.127145156	43	510
-123	43.1051392034	510
-122.5	43.4197398722	510
-122.27553755	43.5	510
-122	43.5603495836	510
> 520 contour -Z520
-122	43.5464805663	520
-121.723322123	43.5	520
-121.5	43.4269843102	520
-121	43.0055950615	520
-120.993996287	43	520
-120.5	42.5213285685	520
-120.474905372	42.5	520
-120.049834549	42	520
-120	41.8092540801	520
-119.936330102	41.5	520
-120	41.3369845599	520
-120.315375641	41	520
-120.5	40.9219324663	520
-121	40.9471255243	520
-121.153239489	41	520
-121.5	41.0744086504	520
-122	41.1229703724	520
-122.5	41.1601734757	520
-123	41.4023613706	520
-123.139775082	41.5	520
-123.5	41.9506951012	520
-123.523670975	42	520
-123.514748203	42.5	520
-123.5	42.5186085012	520
-123.110163711	43	520
-123	43.0910968632	520
-122.5	43.3970982432	520
-122.21221593	43.5	520
-122	43.5464805663	520
> 530 contour -Z530
-122	43.5326115489	530
-121.805878088	43.5	530
-121.5	43.399992466	530
-121.025958836	43	530
-121	42.9781381488	530
-120.508553386	42.5	530
-120.5	42.4862090051	530
-120.087694108	42	530
-120	41.6643433273	530
-119.966164641	41.5	530
-120	41.4133705869	530
-120.386863455	41	530
-120.5	40.9521607496	530
-121	40.974314509	530
-121.074441053	41	530
-121.5	41.0913173854	530
-122	41.1350623369	530
-122.5	41.1721387804	530
-123	41.4243396819	530
-123.108311906	41.5	530
-123.5	41.990060213	530
-123.50477203	42	530
-123.5	42.3457989097	530
-123.496529192	42.5	530
-123.093182266	43	530
-123	43.0770545229	530
-122.5	43.3744565845	530
-122.14889431	43.5	530
-122	43.5326115489	530
> 540 contour -Z540
-122	43.5187425613	540
-121.888434052	43.5	540
-121.5	43.373000592	540
-121.057947576	43	540
-121	42.9511980414	540
-120.536243349	42.5	540
-120.5	42.441563338	540
-120.125553697	42	540
-120	41.5194325801	540
-119.995999178	41.5	540
-120	41.4897566084	540
-120.458351277	41	540
-120.5	40.9823890347	540
-120.956656098	41	540
-121	41.0016258657	540
-121.5	41.1082261205	540
-122	41.1471543014	540
-122.5	41.184104085	540
-123	41.4463179968	540
-123.076848745	41.5	540
-123.476795167	42	540
-123.465704381	42.5	540
-123.076200821	43	540
-123	43.0630121753	540
-122.5	43.3518149257	540
-122.08557269	43.5	540
-122	43.5187425613	540
> 550 contour -Z550
-122	43.504873544	550
-121.970990021	43.5	550
-121.5	43.346008718	550
-121.089936316	43	550
-121	42.9242579639	550
-120.563933283	42.5	550
-120.5	42.3969177008	550
-120.163413256	42	550
-120.039651036	41.5	550
-120.5	41.0199322402	550
-121	41.0310279429	550
-121.5	41.1251348853	550
-122	41.1592462361	550
-122.5	41.1960693896	550
-123	41.4682963081	550
-123.045385577	41.5	550
-123.445751786	42	550
-123.434879571	42.5	550
-123.059219375	43	550
-123	43.0489698388	550
-122.5	43.3291732967	550
-122.022251071	43.5	550
-122	43.504873544	550
> 560 contour -Z560
-123	43.0349274874	560
-122.5	43.3065316379	560
-122	43.4806051552	560
-121.5	43.3190168738	560
-121.121925056	43	560
-121	42.8973178566	560
-120.591623217	42.5	560
-120.5	42.3522720337	560
-120.201272845	42	560
-120.085442781	41.5	560
-120.5	41.0676854551	560
-121	41.0604300499	560
-121.5	41.1420436203	560
-122	41.1713382006	560
-122.5	41.2080346942	560
-123	41.490274623	560
-123.013922413	41.5	560
-123.414708436	42	560
-123.404054761	42.5	560
-123.042237926	43	560
-123	43.0349274874	560
> 570 contour -Z570
-123	43.0208851397	570
-122.5	43.2838899791	570
-122	43.4507026374	570
-121.5	43.2920249999	570
-121.153913796	43	570
-121	42.870377779	570
-120.619313151	42.5	570
-120.5	42.3076263964	570
-120.239132404	42	570
-120.131234527	41.5	570
-120.5	41.1154386401	570
-121	41.0898321271	570
-121.5	41.1589523554	570
-122	41.1834301651	570
-122.5	41.2199999988	570
-122.988365263	41.5	570
-123	41.5215809643	570
-123.383665055	42	570
-123.373229921	42.5	570
-123.025256481	43	570
-123	43.0208851397	570
> 580 contour -Z580
-123	43.0068428218	580
-122.5	43.2612483501	580
-122	43.4208001196	580
-121.5	43.2650331259	580
-121.185902536	43	580
-121	42.8434376717	580
-120.647003114	42.5	580
-120.5	42.2629807293	580
-120.276991993	42	580
-120.177026272	41.5	580
-120.5	41.163191855	580
-121	41.1192342043	580
-121.5	41.1758611202	580
-122	41.1955221295	580
-122.5	41.2319653034	580
-122.967495859	41.5	580
-123	41.5602911413	580
-123.352621704	42	580
-123.342405111	42.5	580
-123.008275035	43	580
-123	43.0068428218	580
> 590 contour -Z590
-122.5	43.2386066914	590
-122	43.3908976316	590
-121.5	43.2380412668	590
-121.217891276	43	590
-121	42.8164975941	590
-120.674693048	42.5	590
-120.5	42.2183350772	590
-120.314851567	42	590
-120.222818017	41.5	590
-120.5	41.2109450698	590
-121	41.1486362815	590
-121.5	41.1927698553	590
-122	41.2076140642	590
-122.5	41.2439305782	590
-122.946626425	41.5	590
-123	41.5990012884	590
-123.321578324	42	590
-123.3115803	42.5	590
-123	42.9758633375	590
-122.976803154	43	590
-122.5	43.2386066914	590
> 600 contour -Z600
-122.5	43.2159650326	600
-122	43.3609951138	600
-121.5	43.2110493928	600
-121.249880016	43	600
-121	42.7895574868	600
-120.702382982	42.5	600
-120.5	42.173689425	600
-120.352711141	42	600
-120.268609747	41.5	600
-120.5	41.2586982548	600
-121	41.1780383885	600
-121.5	41.2096785903	600
-122	41.2197060287	600
-122.5	41.2558958828	600
-122.925757021	41.5	600
-123	41.6377114654	600
-123.290534943	42	600
-123.28075549	42.5	600
-123	42.9287859201	600
-122.931558788	43	600
-122.5	43.2159650326	600
> 610 contour -Z610
-122.5	43.1933234036	610
-122	43.3310925961	610
-121.5	43.1840575337	610
-121.281868771	43	610
-121	42.7626174092	610
-120.730072916	42.5	610
-120.5	42.1290437579	610
-120.390570715	42	610
-120.314401478	41.5	610
-120.5	41.3064514697	610
-121	41.2074404657	610
-121.5	41.2265873253	610
-122	41.2317979932	610
-122.5	41.2678611875	610
-122.904887587	41.5	610
-123	41.6764216125	610
-123.259491593	42	610
-123.249930665	42.5	610
-123	42.881708473	610
-122.886314392	43	610
-122.5	43.1933234036	610
> 620 contour -Z620
-122.5	43.1706817448	620
-122	43.3011900783	620
-121.5	43.1570656747	620
-121.313857511	43	620
-121	42.7356773019	620
-120.757762864	42.5	620
-120.5	42.0843981057	620
-120.428430289	42	620
-120.360193223	41.5	620
-120.5	41.3542046696	620
-121	41.2368425429	620
-121.5	41.2434960902	620
-122	41.2438899279	620
-122.5	41.2798264921	620
-122.884018183	41.5	620
-123	41.7151317894	620
-123.228448227	42	620
-123.219105855	42.5	620
-123	42.8346310556	620
-122.841070026	43	620
-122.5	43.1706817448	620
> 630 contour -Z630
-122.5	43.148040086	630
-122	43.2712875605	630
-121.5	43.1300738007	630
-121.345846251	43	630
-121	42.7087372094	630
-120.785452813	42.5	630
-120.5	42.0397524536	630
-120.466289867	42	630
-120.405984953	41.5	630
-120.5	41.4019578695	630
-121	41.266244635	630
-121.5	41.2604048252	630
-122	41.2559818923	630
-122.5	41.2917917967	630
-122.863148779	41.5	630
-123	41.7538419515	630
-123.197404861	42	630
-123.188281044	42.5	630
-123	42.7875536084	630
-122.79582566	43	630
-122.5	43.148040086	630
> 640 contour -Z640
-122.5	43.1253984571	640
-122	43.2413850427	640
-121.5	43.1030819416	640
-121.377834991	43	640
-121	42.681797117	640
-120.813142747	42.5	640
-120.503990531	42	640
-120.5	41.9528680146	640
-120.451776695	41.5	640
-120.5	41.4497110732	640
-121	41.2956467122	640
-121.5	41.2773135751	640
-122	41.2680738568	640
-122.5	41.3037570864	640
-122.842279345	41.5	640
-123	41.7925521135	640
-123.166361481	42	640
-123.157456219	42.5	640
-123	42.740476191	640
-122.750581294	43	640
-122.5	43.1253984571	640
> 650 contour -Z650
-122.5	43.1027567983	650
-122	43.2114825398	650
-121.5	43.0760900751	650
-121.409823731	43	650
-121	42.6548570246	650
-120.840832695	42.5	650
-120.540400237	42	650
-120.5	41.5228350051	650
-120.497568432	41.5	650
-120.5	41.4974642769	650
-121	41.3250488043	650
-121.5	41.2942223102	650
-122	41.2801658064	650
-122.5	41.315722391	650
-122.821409941	41.5	650
-123	41.8312622905	650
-123.135318115	42	650
-123.126631409	42.5	650
-123	42.6933987588	650
-122.705336928	43	650
-122.5	43.1027567983	650
> 660 contour -Z660
-122.5	43.0801151395	660
-122	43.181580022	660
-121.5	43.0490982085	660
-121.441812471	43	660
-121	42.6279169321	660
-120.868522629	42.5	660
-120.576809973	42	660
-120.580283821	41.5	660
-121	41.3544508815	660
-121.5	41.3111310601	660
-122	41.2922577709	660
-122.5	41.3276876956	660
-122.800540507	41.5	660
-123	41.8699724525	660
-123.104274757	42	660
-123.095806591	42.5	660
-123	42.6463213265	660
-122.660092548	43	660
-122.5	43.0801151395	660
> 670 contour -Z670
-122.5	43.0574735105	670
-122	43.1516775042	670
-121.5	43.0221063439	670
-121.473801212	43	670
-121	42.6009768397	670
-120.896212578	42.5	670
-120.613219678	42	670
-120.665069848	41.5	670
-121	41.3838529736	670
-121.5	41.3280398101	670
-122	41.3043497205	670
-122.5	41.3396530002	670
-122.779671103	41.5	670
-123	41.9086826146	670
-123.073231384	42	670
-123.064981773	42.5	670
-123	42.5992439017	670
-122.614848182	43	670
-122.5	43.0574735105	670
> 680 contour -Z680
-122.5	43.0348318517	680
-122	43.1217749938	680
-121.52127707	43	680
-121.5	42.9974615872	680
-121	42.5740367472	680
-120.923902519	42.5	680
-120.649629384	42	680
-120.749855876	41.5	680
-121	41.4132550582	680
-121.5	41.3449485451	680
-122	41.316441685	680
-122.5	41.3516182899	680
-122.758801669	41.5	680
-123	41.9473927803	680
-123.042188019	42	680
-123.03415696	42.5	680
-123	42.5521664694	680
-122.569603816	43	680
-122.5	43.0348318517	680
> 690 contour -Z690
-122.5	43.0121901929	690
-122	43.0918724835	690
-121.638830096	43	690
-121.5	42.9834372103	690
-121	42.5470966548	690
-120.95159246	42.5	690
-120.68603912	42	690
-120.834641904	41.5	690
-121	41.4426571429	690
-121.5	41.361857295	690
-122	41.3285336345	690
-122.5	41.3635835946	690
-122.73793225	41.5	690
-123	41.986102947	690
-123.011144652	42	690
-123.003332143	42.5	690
-123	42.5050890404	690
-122.524359442	43	690
-122.5	43.0121901929	690
> 700 contour -Z700
-122	43.0619699657	700
-121.756383121	43	700
-121.5	42.9694128335	700
-121	42.5201565623	700
-120.9792824	42.5	700
-120.722448826	42	700
-120.919427924	41.5	700
-121	41.4720592257	700
-121.5	41.3787660375	700
-122	41.340625599	700
-122.5	41.3755488992	700
-122.717062831	41.5	700
-122.995451897	42	700
-122.995480746	42.5	700
-122.5	42.9976508319	700
-122.408918262	43	700
-122	43.0619699657	700
> 710 contour -Z710
-122	43.0320674479	710
-121.873936146	43	710
-121.5	42.9553884566	710
-121.00384745	42.5	710
-121	42.4816867113	710
-120.758858532	42	710
-121	41.5037241876	710
-121.003995508	41.5	710
-121.5	41.39567478	710
-122	41.3527175486	710
-122.5	41.3875141963	710
-122.696193427	41.5	710
-122.98835656	42	710
-122.990413785	42.5	710
-122.5	42.9925616384	710
-122.211601973	43	710
-122	43.0320674479	710
> 720 contour -Z720
-122	43.0021649301	720
-121.991489172	43	720
-121.5	42.9413640797	720
-121.01912722	42.5	720
-121	42.4089573026	720
-120.795268252	42	720
-121	41.5786564052	720
-121.084386557	41.5	720
-121.5	41.4125835225	720
-122	41.3648095131	720
-122.5	41.3994795009	720
-122.675324008	41.5	720
-122.981261224	42	720
-122.985346794	42.5	720
-122.5	42.9874724746	720
-122.01428568	43	720
-122	43.0021649301	720
> 730 contour -Z730
-122.5	42.9823833071	730
-122	42.9941165149	730
-121.5	42.9273397028	730
-121.03440699	42.5	730
-121	42.3362278938	730
-120.831677958	42	730
-121	41.653588593	730
-121.164777607	41.5	730
-121.5	41.4294922724	730
-122	41.3769014627	730
-122.5	41.4114447981	730
-122.654454589	41.5	730
-122.974165887	42	730
-122.980279803	42.5	730
-122.5	42.9823833071	730
> 740 contour -Z740
-122.5	42.9772941358	740
-122	42.9877738059	740
-121.5	42.913315326	740
-121.04968676	42.5	740
-121	42.2634984851	740
-120.868087679	42	740
-121	41.7285207808	740
-121.245168626	41.5	740
-121.5	41.4464010149	740
-122	41.3889934197	740
-122.5	41.4234100953	740
-122.63358517	41.5	740
-122.96707055	42	740
-122.975212842	42.5	740
-122.5	42.9772941358	740
> 750 contour -Z750
-122.5	42.9722049646	750
-122	42.9814310968	750
-121.5	42.8992909491	750
-121.06496653	42.5	750
-121	42.1907690763	750
-120.904497392	42	750
-121	41.8034529984	750
-121.325559676	41.5	750
-121.5	41.4633097574	750
-122	41.4010853767	750
-122.5	41.4353753999	750
-122.612715751	41.5	750
-122.959975213	42	750
-122.970145851	42.5	750
-122.5	42.9722049646	750
> 760 contour -Z760
-122.5	42.9671157934	760
-122	42.9750883877	760
-121.5	42.8852665722	760
-121.0802463	42.5	760
-121	42.1180396825	760
-120.940907106	42	760
-121	41.8783851862	760
-121.405950725	41.5	760
-121.5	41.4802185036	760
-122	41.4131773338	760
-122.5	41.4473407008	760
-122.591846332	41.5	760
-122.952879876	42	760
-122.96507889	42.5	760
-122.5	42.9671157934	760
> 770 contour -Z770
-122.5	42.9620266184	770
-122	42.9687456787	770
-121.5	42.8712421954	770
-121.095526069	42.5	770
-121	42.0453102775	770
-120.977316819	42	770
-121	41.9533173889	770
-121.486341766	41.5	770
-121.5	41.4971272473	770
-122	41.4252692908	770
-122.5	41.4593060017	770
-122.570976913	41.5	770
-122.945784539	42	770
-122.960011899	42.5	770
-122.5	42.9620266184	770
> 780 contour -Z780
-122.5	42.9569374472	780
-122	42.9624029696	780
-121.5	42.8572178185	780
-121.110805839	42.5	780
-121.007922709	42	780
-121.5	41.5171186328	780
-121.56905663	41.5	780
-122	41.4373612478	780
-122.5	41.4712713007	780
-122.550107494	41.5	780
-122.938689202	42	780
-122.954944909	42.5	780
-122.5	42.9569374472	780
> 790 contour -Z790
-122.5	42.951848276	790
-122	42.9560602605	790
-121.5	42.8431934118	790
-121.126085609	42.5	790
-121.028937727	42	790
-121.5	41.537740916	790
-121.652247131	41.5	790
-122	41.4494532011	790
-122.5	41.4832366016	790
-122.529238075	41.5	790
-122.931593865	42	790
-122.949877948	42.5	790
-122.5	42.951848276	790
> 800 contour -Z800
-122.5	42.9467591047	800
-122	42.9497175515	800
-121.5	42.829169035	800
-121.141365379	42.5	800
-121.049952745	42	800
-121.5	41.5583631992	800
-121.735437602	41.5	800
-122	41.4615451582	800
-122.5	41.4952019029	800
-122.508368657	41.5	800
-122.924498498	42	800
-122.944810957	42.5	800
-122.5	42.9467591047	800
> 810 contour -Z810
-122.5	42.9416699335	810
-122	42.9433748424	810
-121.5	42.8151446581	810
-121.156645149	42.5	810
-121.070967764	42	810
-121.5	41.5789855123	810
-121.818628088	41.5	810
-122	41.4736371133	810
-122.392235309	41.5	810
-122.5	41.5050398111	810
-122.917403162	42	810
-122.939743966	42.5	810
-122.5	42.9416699335	810
> 820 contour -Z820
-122.5	42.9365807623	820
-122	42.9370321333	820
-121.5	42.8011202812	820
-121.171924919	42.5	820
-121.091982782	42	820
-121.5	41.5996077955	820
-121.901818573	41.5	820
-122	41.4857290704	820
-122.212327376	41.5	820
-122.5	41.5134535134	820
-122.910307825	42	820
-122.934677005	42.5	820
-122.5	42.9365807623	820
> 830 contour -Z830
-122.5	42.931491591	830
-122	42.9306894541	830
-121.5	42.7870959044	830
-121.187204689	42.5	830
-121.1129978	42	830
-121.5	41.6202300787	830
-121.985009058	41.5	830
-122	41.4978210272	830
-122.032419447	41.5	830
-122.5	41.5218672454	830
-122.903212488	42	830
-122.929610014	42.5	830
-122.5	42.931491591	830
> 840 contour -Z840
-122.5	42.9264024124	840
-122	42.924346745	840
-121.5	42.7730715275	840
-121.202484459	42.5	840
-121.134012818	42	840
-121.5	41.6408523917	840
-122	41.5079060495	840
-122.5	41.5302809477	840
-122.896117151	42	840
-122.924543023	42.5	840
-122.5	42.9264024124	840
> 850 contour -Z850
-122.5	42.9213132411	850
-122	42.9180040359	850
-121.5	42.7590471506	850
-121.217764258	42.5	850
-121.155027866	42	850
-121.5	41.6614746749	850
-122	41.5175499618	850
-122.5	41.5386946499	850
-122.889021814	42	850
-122.919476062	42.5	850
-122.5	42.9213132411	850
> 860 contour -Z860
-122.5	42.9162240699	860
-122	42.9116613269	860
-121.5	42.7450227737	860
-121.233044028	42.5	860
-121.176042885	42	860
-121.5	41.6820969582	860
-122	41.5271938443	860
-122.5	41.547108382	860
-122.881926477	42	860
-122.914409071	42.5	860
-122.5	42.9162240699	860
> 870 contour -Z870
-122.5	42.9111348987	870
-122	42.9053186178	870
-121.5	42.7309983969	870
-121.248323798	42.5	870
-121.197057903	42	870
-121.5	41.7027192712	870
-122	41.5368377268	870
-122.5	41.5555220842	870
-122.87483114	42	870
-122.90934211	42.5	870
-122.5	42.9111348987	870
> 880 contour -Z880
-122.5	42.9060457274	880
-122	42.8989759088	880
-121.5	42.71697402	880
-121.263603553	42.5	880
-121.218072921	42	880
-121.5	41.7233415544	880
-122	41.5464816093	880
-122.5	41.5639357865	880
-122.867735803	42	880
-122.904275119	42.5	880
-122.5	42.9060457274	880
> 890 contour -Z890
-122.5	42.9009565562	890
-122	42.8926331997	890
-121.5	42.7029496431	890
-121.278883323	42.5	890
-121.239087939	42	890
-121.5	41.7439638376	890
-122	41.5561254919	890
-122.5	41.5723495185	890
-122.860640466	42	890
-122.899208128	42.5	890
-122.5	42.9009565562	890
> 900 contour -Z900
-122.5	42.895867385	900
-122	42.8862904906	900
-121.5	42.6889252663	900
-121.294163093	42.5	900
-121.260102957	42	900
-121.5	41.7645861506	900
-122	41.5657694042	900
-122.5	41.5807632208	900
-122.853545129	42	900
-122.894141167	42.5	900
-122.5	42.895867385	900
> 910 contour -Z910
-122.5	42.8907782137	910
-122	42.8799477816	910
-121.5	42.6749008745	910
-121.309442863	42.5	910
-121.281117976	42	910
-121.5	41.7852084339	910
-122	41.5754132867	910
-122.5	41.589176923	910
-122.846449792	42	910
-122.889074177	42.5	910
-122.5	42.8907782137	910
> 920 contour -Z920
-122.5	42.8856890425	920
-122	42.8736050725	920
-121.5	42.6608764976	920
-121.324722633	42.5	920
-121.302133009	42	920
-121.5	41.805830732	920
-122	41.5850571692	920
-122.5	41.5975906551	920
-122.839354426	42	920
-122.884007186	42.5	920
-122.5	42.8856890425	920
> 930 contour -Z930
-122.5	42.8805998638	930
-122	42.8672623634	930
-121.5	42.6468521208	930
-121.340002403	42.5	930
-121.323148027	42	930
-121.5	41.8264530301	930
-122	41.5947010517	930
-122.5	41.6060043573	930
-122.832259089	42	930
-122.878940225	42.5	930
-122.5	42.8805998638	930
> 940 contour -Z940
-122.5	42.8755106926	940
-122	42.8609196544	940
-121.5	42.6328277439	940
-121.355282187	42.5	940
-121.344163045	42	940
-121.5	41.8470753133	940
-122	41.604344964	940
-122.5	41.6144180894	940
-122.825163752	42	940
-122.873873234	42.5	940
-122.5	42.8755106926	940
> 950 contour -Z950
-122.5	42.8704215288	950
-122	42.8545769751	950
-121.5	42.618803367	950
-121.370561957	42.5	950
-121.365178064	42	950
-121.5	41.8676976115	950
-122	41.6139888465	950
-122.5	41.6228317916	950
-122.818068415	42	950
-122.868806243	42.5	950
-122.5	42.8704215288	950
> 960 contour -Z960
-122.5	42.8653323501	960
-122	42.848234266	960
-121.5	42.6047789901	960
-121.38584172	42.5	960
-121.386193089	42	960
-121.5	41.8883199096	960
-122	41.6236327291	960
-122.5	41.6312454939	960
-122.810973078	42	960
-122.863739282	42.5	960
-122.5	42.8653323501	960
> 970 contour -Z970
-122.5	42.8602431864	970
-122	42.841891557	970
-121.5	42.5907546133	970
-121.40112149	42.5	970
-121.407208115	42	970
-121.5	41.9089422002	970
-122	41.6332766116	970
-122.5	41.6396592259	970
-122.803877741	42	970
-122.858672291	42.5	970
-122.5	42.8602431864	970
> 980 contour -Z980
-122.5	42.8551540077	980
-122	42.8355488479	980
-121.5	42.576730229	980
-121.416401267	42.5	980
-121.428223133	42	980
-121.5	41.9295644984	980
-122	41.6429205239	980
-122.5	41.6480729282	980
-122.796782404	42	980
-122.85360533	42.5	980
-122.5	42.8551540077	980
> 990 contour -Z990
-122.5	42.850064829	990
-122	42.8292061388	990
-121.5	42.5627058521	990
-121.431681037	42.5	990
-121.449238155	42	990
-121.5	41.950186789	990
-122	41.6525644064	990
-122.5	41.6564866304	990
-122.789687067	42	990
-122.848538339	42.5	990
-122.5	42.850064829	990
> 1000 contour -Z1000
-122.5	42.8449756652	1000
-122	42.8228634298	1000
-121.5	42.5486814752	1000
-121.446960803	42.5	1000
-121.470253175	42	1000
-121.5	41.9708090834	1000
-122	41.6622082889	1000
-122.5	41.6649003625	1000
-122.78259173	42	1000
-122.843471348	42.5	1000
-122.5	42.8449756652	1000
> 1010 contour -Z1010
-122.5	42.8398864865	1010
-122	42.8165207207	1010
-121.5	42.5346570946	1010
-121.462240577	42.5	1010
-121.491268197	42	1010
-121.5	41.9914313769	1010
-122	41.6718521714	1010
-122.5	41.6733140647	1010
-122.775496393	42	1010
-122.838404387	42.5	1010
-122.5	42.8398864865	1010
> 1020 contour -Z1020
-122.5	42.8347973228	1020
-122	42.8101780117	1020
-121.5	42.5206327159	1020
-121.477520347	42.5	1020
-121.5	42.1421649158	1020
-121.508695036	42	1020
-122	41.6814960837	1020
-122.5	41.681727767	1020
-122.768401057	42	1020
-122.833337396	42.5	1020
-122.5	42.8347973228	1020
> 1030 contour -Z1030
-122.5	42.8297081441	1030
-122	42.8038353026	1030
-121.5	42.5066083381	1030
-121.492800117	42.5	1030
-121.5	42.3853909969	1030
-121.523571104	42	1030
-122	41.6911399662	1030
-122.5	41.690141499	1030
-122.76130572	42	1030
-122.828270406	42.5	1030
-122.5	42.8297081441	1030
> 1040 contour -Z1040
-122.5	42.8246189803	1040
-122	42.7974925935	1040
-121.505574256	42.5	1040
-121.538447201	42	1040
-122	41.7007838488	1040
-122.5	41.6985552013	1040
-122.754210353	42	1040
-122.823203444	42.5	1040
-122.5	42.8246189803	1040
> 1050 contour -Z1050
-122.5	42.8195298016	1050
-122	42.7911498845	1050
-121.516115695	42.5	1050
-121.553323269	42	1050
-122	41.7104277313	1050
-122.5	41.7069689333	1050
-122.747115031	42	1050
-122.818136454	42.5	1050
-122.5	42.8195298016	1050
> 1060 contour -Z1060
-122.5	42.8144406378	1060
-122	42.7848071754	1060
-121.526657134	42.5	1060
-121.568199366	42	1060
-122	41.7200716138	1060
-122.5	41.7153826356	1060
-122.740019694	42	1060
-122.813069463	42.5	1060
-122.5	42.8144406378	1060
> 1070 contour -Z1070
-122.5	42.8093514591	1070
-122	42.7784644961	1070
-121.537198573	42.5	1070
-121.583075434	42	1070
-122	41.7297155261	1070
-122.5	41.7237963378	1070
-122.732924342	42	1070
-122.808002502	42.5	1070
-122.5	42.8093514591	1070
> 1080 contour -Z1080
-122.5	42.8042622805	1080
-122	42.7721217871	1080
-121.547739983	42.5	1080
-121.597951531	42	1080
-122	41.7393594086	1080
-122.5	41.7322100699	1080
-122.725829005	42	1080
-122.802935511	42.5	1080
-122.5	42.8042622805	1080
> 1090 contour -Z1090
-122.5	42.7991731167	1090
-122	42.765779078	1090
-121.558281422	42.5	1090
-121.612827599	42	1090
-122	41.7490032911	1090
-122.5	41.7406237721	1090
-122.718733668	42	1090
-122.79786852	42.5	1090
-122.5	42.7991731167	1090
> 1100 contour -Z1100
-122.5	42.794083938	1100
-122	42.7594363689	1100
-121.568822861	42.5	1100
-121.627703696	42	1100
-122	41.7586471885	1100
-122.5	41.7490374744	1100
-122.711638331	42	1100
-122.792801559	42.5	1100
-122.5	42.794083938	1100
> 1110 contour -Z1110
-122.5	42.7889947742	1110
-122	42.7530936599	1110
-121.57936427	42.5	1110
-121.642579764	42	1110
-122	41.7682910711	1110
-122.5	41.7574512064	1110
-122.704542994	42	1110
-122.787734568	42.5	1110
-122.5	42.7889947742	1110
> 1120 contour -Z1120
-122.5	42.7839055955	1120
-122	42.7467509508	1120
-121.589905709	42.5	1120
-121.657455862	42	1120
-122	41.7779349685	1120
-122.5	41.7658649087	1120
-122.697447658	42	1120
-122.782667607	42.5	1120
-122.5	42.7839055955	1120
> 1130 contour -Z1130
-122.5	42.7788164318	1130
-122	42.7404082417	1130
-121.600447148	42.5	1130
-121.672331929	42	1130
-122	41.787578851	1130
-122.5	41.7742786258	1130
-122.690352321	42	1130
-122.777600616	42.5	1130
-122.5	42.7788164318	1130
> 1140 contour -Z1140
-122.5	42.7737272531	1140
-122	42.7340655327	1140
-121.610988557	42.5	1140
-121.687208027	42	1140
-122	41.7972227484	1140
-122.5	41.782692343	1140
-122.683256969	42	1140
-122.772533625	42.5	1140
-122.5	42.7737272531	1140
> 1150 contour -Z1150
-122.5	42.7686380893	1150
-122	42.7277228236	1150
-121.621529996	42.5	1150
-121.702084094	42	1150
-122	41.8068666309	1150
-122.5	41.7911060452	1150
-122.676161632	42	1150
-122.767466664	42.5	1150
-122.5	42.7686380893	1150
> 1160 contour -Z1160
-122.5	42.7635489106	1160
-122	42.7213801295	1160
-121.632071435	42.5	1160
-121.716960192	42	1160
-122	41.8165105283	1160
-122.5	41.7995197624	1160
-122.669066295	42	1160
-122.762399673	42.5	1160
-122.5	42.7635489106	1160
> 1170 contour -Z1170
-122.5	42.7584597319	1170
-122	42.7150374204	1170
-121.642612845	42.5	1170
-121.731836259	42	1170
-122	41.8261544108	1170
-122.5	41.8079334795	1170
-122.661970958	42	1170
-122.757332683	42.5	1170
-122.5	42.7584597319	1170
> 1180 contour -Z1180
-122.5	42.7533705682	1180
-122	42.7086947113	1180
-121.653154284	42.5	1180
-121.746712357	42	1180
-122	41.8357983083	1180
-122.5	41.8163471967	1180
-122.654875621	42	1180
-122.752265722	42.5	1180
-122.5	42.7533705682	1180
> 1190 contour -Z1190
-122.5	42.7482813895	1190
-122	42.7023520023	1190
-121.663695723	42.5	1190
-121.761588439	42	1190
-122	41.8454421908	1190
-122.5	41.8247608989	1190
-122.647780284	42	1190
-122.747198731	42.5	1190
-122.5	42.7482813895	1190
> 1200 contour -Z1200
-122.5	42.7431922257	1200
-122	42.6960092932	1200
-121.674237132	42.5	1200
-121.776464522	42	1200
-122	41.8550860733	1200
-122.5	41.8331746161	1200
-122.640684932	42	1200
-122.742131755	42.5	1200
-122.5	42.7431922257	1200
> 1210 contour -Z1210
-122.5	42.7381030619	1210
-122	42.6896665841	1210
-121.684778571	42.5	1210
-121.791340604	42	1210
-122	41.8647299707	1210
-122.5	41.8415883332	1210
-122.633589596	42	1210
-122.737064779	42.5	1210
-122.5	42.7381030619	1210
> 1220 contour -Z1220
-122.5	42.7330138683	1220
-122	42.68332389	1220
-121.69532001	42.5	1220
-121.806216687	42	1220
-122	41.8743738532	1220
-122.5	41.8500020504	1220
-122.626494259	42	1220
-122.731997788	42.5	1220
-122.5	42.7330138683	1220
> 1230 contour -Z1230
-122.5	42.7279247046	1230
-122	42.6769811809	1230
-121.705861419	42.5	1230
-121.82109277	42	1230
-122	41.8840177506	1230
-122.5	41.8584157526	1230
-122.619398922	42	1230
-122.726930812	42.5	1230
-122.5	42.7279247046	1230
> 1240 contour -Z1240
-122.5	42.7228355408	1240
-122	42.6706384718	1240
-121.716402858	42.5	1240
-121.835968852	42	1240
-122	41.8936616406	1240
-122.5	41.8668294698	1240
-122.612303577	42	1240
-122.721863836	42.5	1240
-122.5	42.7228355408	1240
> 1250 contour -Z1250
-122.5	42.717746377	1250
-122	42.6642957628	1250
-121.726944298	42.5	1250
-121.850844935	42	1250
-122	41.9033055305	1250
-122.5	41.8752431795	1250
-122.60520824	42	1250
-122.71679686	42.5	1250
-122.5	42.717746377	1250
> 1260 contour -Z1260
-122.5	42.7126571834	1260
-122	42.6579530537	1260
-121.737485707	42.5	1260
-121.865721017	42	1260
-122	41.9129494205	1260
-122.5	41.8836568967	1260
-122.598112904	42	1260
-122.711729869	42.5	1260
-122.5	42.7126571834	1260
> 1270 contour -Z1270
-122.5	42.7075680196	1270
-122	42.6516103595	1270
-121.748027146	42.5	1270
-121.8805971	42	1270
-122	41.9225933105	1270
-122.5	41.8920706064	1270
-122.591017559	42	1270
-122.706662893	42.5	1270
-122.5	42.7075680196	1270
> 1280 contour -Z1280
-122.5	42.7024788558	1280
-122	42.6452676505	1280
-121.758568585	42.5	1280
-121.895473182	42	1280
-122	41.932237193	1280
-122.5	41.9004843235	1280
-122.583922222	42	1280
-122.701595917	42.5	1280
-122.5	42.7024788558	1280
> 1290 contour -Z1290
-122.5	42.6973896623	1290
-122	42.6389249414	1290
-121.769110009	42.5	1290
-121.910349265	42	1290
-122	41.9418810867	1290
-122.5	41.9088980332	1290
-122.576826885	42	1290
-122.696528926	42.5	1290
-122.5	42.6973896623	1290
> 1300 contour -Z1300
-122.5	42.6923004985	1300
-122	42.6325822324	1300
-121.779651433	42.5	1300
-121.925225347	42	1300
-122	41.9515249766	1300
-122.5	41.9173117504	1300
-122.569731541	42	1300
-122.691461951	42.5	1300
-122.5	42.6923004985	1300
> 1310 contour -Z1310
-122.5	42.6872113347	1310
-122	42.6262395233	1310
-121.790192872	42.5	1310
-121.94010143	42	1310
-122	41.9611688666	1310
-122.5	41.9257254601	1310
-122.562636204	42	1310
-122.686394975	42.5	1310
-122.5	42.6872113347	1310
> 1320 contour -Z1320
-122.5	42.6821221709	1320
-122	42.6198968217	1320
-121.800734296	42.5	1320
-121.954977512	42	1320
-122	41.9708127547	1320
-122.5	41.9341391772	1320
-122.555540863	42	1320
-122.681327999	42.5	1320
-122.5	42.6821221709	1320
> 1330 contour -Z1330
-122.5	42.6770329773	1330
-122	42.6135541126	1330
-121.811275721	42.5	1330
-121.969853597	42	1330
-122	41.9804566447	1330
-122.5	41.9425528869	1330
-122.548445527	42	1330
-122.676261008	42.5	1330
-122.5	42.6770329773	1330
> 1340 contour -Z1340
-122.5	42.6719438136	1340
-122	42.6072114035	1340
-121.82181716	42.5	1340
-121.984729679	42	1340
-122	41.9901005337	1340
-122.5	41.9509666003	1340
-122.541350186	42	1340
-122.671194032	42.5	1340
-122.5	42.6719438136	1340
> 1350 contour -Z1350
-122.5	42.6668546498	1350
-122	42.6008687019	1350
-121.832358584	42.5	1350
-121.999605762	42	1350
-122	41.9997444228	1350
-122.5	41.9593803138	1350
-122.534254845	42	1350
-122.666127056	42.5	1350
-122.5	42.6668546498	1350
> 1360 contour -Z1360
-122.5	42.6617654562	1360
-122	42.5945259929	1360
-121.842900008	42.5	1360
-122	42.0306582749	1360
-122.101378769	42	1360
-122.5	41.9677940272	1360
-122.527159508	42	1360
-122.66106008	42.5	1360
-122.5	42.6617654562	1360
> 1370 contour -Z1370
-122.5	42.6566762924	1370
-122	42.5881832838	1370
-121.853441447	42.5	1370
-122	42.0621511638	1370
-122.205517352	42	1370
-122.5	41.9762077406	1370
-122.520064168	42	1370
-122.655993089	42.5	1370
-122.5	42.6566762924	1370
> 1380 contour -Z1380
-122.5	42.6515871286	1380
-122	42.5818405822	1380
-121.863982871	42.5	1380
-122	42.0936440527	1380
-122.309655949	42	1380
-122.5	41.984621454	1380
-122.512968829	42	1380
-122.650926113	42.5	1380
-122.5	42.6515871286	1380
> 1390 contour -Z1390
-122.5	42.6464979649	1390
-122	42.5754978731	1390
-121.87452431	42.5	1390
-122	42.1251369417	1390
-122.413794547	42	1390
-122.5	41.993035167	1390
-122.505873489	42	1390
-122.645859137	42.5	1390
-122.5	42.6464979649	1390
> 1400 contour -Z1400
-122.5	42.6414087713	1400
-122	42.5691551641	1400
-121.885065734	42.5	1400
-122	42.1566298604	1400
-122.5	42.0030796528	1400
-122.640792146	42.5	1400
-122.5	42.6414087713	1400
> 1410 contour -Z1410
-122.5	42.6363196075	1410
-122	42.5628124624	1410
-121.895607166	42.5	1410
-122	42.1881227493	1410
-122.5	42.0209633708	1410
-122.63572517	42.5	1410
-122.5	42.6363196075	1410
> 1420 contour -Z1420
-122.5	42.6312304437	1420
-122	42.5564697534	1420
-121.90614859	42.5	1420
-122	42.2196156383	1420
-122.5	42.038847059	1420
-122.630658194	42.5	1420
-122.5	42.6312304437	1420
> 1430 contour -Z1430
-122.5	42.6261412799	1430
-122	42.550127048	1430
-121.916690022	42.5	1430
-122	42.2511085123	1430
-122.5	42.056730777	1430
-122.625591218	42.5	1430
-122.5	42.6261412799	1430
> 1440 contour -Z1440
-122.5	42.6210520864	1440
-122	42.5437843427	1440
-121.927231453	42.5	1440
-122	42.2826014012	1440
-122.5	42.074614495	1440
-122.620524235	42.5	1440
-122.5	42.6210520864	1440
> 1450 contour -Z1450
-122.5	42.6159629226	1450
-122	42.5374416336	1450
-121.937772881	42.5	1450
-122	42.314094305	1450
-122.5	42.0924981833	1450
-122.615457252	42.5	1450
-122.5	42.6159629226	1450
> 1460 contour -Z1460
-122.5	42.6108737588	1460
-122	42.5310989283	1460
-121.948314309	42.5	1460
-122	42.345587194	1460
-122.5	42.1103819013	1460
-122.610390268	42.5	1460
-122.5	42.6108737588	1460
> 1470 contour -Z1470
-122.5	42.6057845652	1470
-122	42.5247562211	1470
-121.958855741	42.5	1470
-122	42.3770800829	1470
-122.5	42.1282655895	1470
-122.605323292	42.5	1470
-122.5	42.6057845652	1470
> 1480 contour -Z1480
-122.5	42.6006954014	1480
-122	42.5184135158	1480
-121.96939717	42.5	1480
-122	42.4085729718	1480
-122.5	42.1461493075	1480
-122.600256309	42.5	1480
-122.5	42.6006954014	1480
> 1490 contour -Z1490
-122.5	42.5956062376	1490
-122	42.5120708086	1490
-121.979938598	42.5	1490
-122	42.4400658607	1490
-122.5	42.1640330255	1490
-122.595189333	42.5	1490
-122.5	42.5956062376	1490
> 1500 contour -Z1500
-122.5	42.5905170739	1500
-122	42.5057281018	1500
-121.990480029	42.5	1500
-122	42.4715587515	1500
-122.5	42.1819167137	1500
-122.59012235	42.5	1500
-122.5	42.5905170739	1500
> 1510 contour -Z1510
-122.5	42.5854278803	1510
-122.002869725	42.5	1510
-122.5	42.1998004317	1510
-122.585055374	42.5	1510
-122.5	42.5854278803	1510
> 1520 contour -Z1520
-122.5	42.5803387165	1520
-122.032485127	42.5	1520
-122.5	42.2176841199	1520
-122.57998839	42.5	1520
-122.5	42.5803387165	1520
> 1530 contour -Z1530
-122.5	42.5752495527	1530
-122.06210053	42.5	1530
-122.5	42.235567838	1530
-122.574921414	42.5	1530
-122.5	42.5752495527	1530
> 1540 contour -Z1540
-122.5	42.5701603889	1540
-122.091715932	42.5	1540
-122.5	42.2534515411	1540
-122.569854431	42.5	1540
-122.5	42.5701603889	1540
> 1550 contour -Z1550
-122.5	42.5650711954	1550
-122.121331334	42.5	1550
-122.5	42.2713352442	1550
-122.564787455	42.5	1550
-122.5	42.5650711954	1550
> 1560 contour -Z1560
-122.5	42.5599820316	1560
-122.150946736	42.5	1560
-122.5	42.2892189473	1560
-122.559720472	42.5	1560
-122.5	42.5599820316	1560
> 1570 contour -Z1570
-122.5	42.5548928678	1570
-122.180562139	42.5	1570
-122.5	42.3071026653	1570
-122.554653492	42.5	1570
-122.5	42.5548928678	1570
> 1580 contour -Z1580
-122.5	42.5498036742	1580
-122.210177541	42.5	1580
-122.5	42.3249863684	1580
-122.549586512	42.5	1580
-122.5	42.5498036742	1580
> 1590 contour -Z1590
-122.5	42.5447145104	1590
-122.239792943	42.5	1590
-122.5	42.3428700715	1590
-122.544519532	42.5	1590
-122.5	42.5447145104	1590
> 1600 contour -Z1600
-122.5	42.5396253467	1600
-122.26940836	42.5	1600
-122.5	42.3607537746	1600
-122.539452549	42.5	1600
-122.5	42.5396253467	1600
> 1610 contour -Z1610
-122.5	42.5345361829	1610
-122.299023762	42.5	1610
-122.5	42.3786374852	1610
-122.534385569	42.5	1610
-122.5	42.5345361829	1610
> 1620 contour -Z1620
-122.5	42.5294469893	1620
-122.328639165	42.5	1620
-122.5	42.3965211883	1620
-122.529318592	42.5	1620
-122.5	42.5294469893	1620
> 1630 contour -Z1630
-122.5	42.5243578255	1630
-122.358254567	42.5	1630
-122.5	42.4144048989	1630
-122.52425161	42.5	1630
-122.5	42.5243578255	1630
> 1640 contour -Z1640
-122.5	42.5192686617	1640
-122.387869976	42.5	1640
-122.5	42.432288602	1640
-122.51918463	42.5	1640
-122.5	42.5192686617	1640
> 1650 contour -Z1650
-122.5	42.5141794682	1650
-122.417485379	42.5	1650
-122.5	42.4501723088	1650
-122.514117651	42.5	1650
-122.5	42.5141794682	1650
> 1660 contour -Z1660
-122.5	42.5090903044	1660
-122.447100785	42.5	1660
-122.5	42.4680560157	1660
-122.50905067	42.5	1660
-122.5	42.5090903044	1660
> 1670 contour -Z1670
-122.5	42.5040011406	1670
-122.476716189	42.5	1670
-122.5	42.4859397216	1670
-122.50398369	42.5	1670
-122.5	42.5040011406	1670
